'JAN2024-RMKBLK-Weekday-01',1800,70000,0,'25',2,11500,0,'25',2,88500,0,'25',2,11500,0,'25',2
'JAN2024-RMKBLK-Saturday-01',11600,80300,0,'15',2,10000,0,'15',2,10000,0,'15',2,10000,0,'15',2,10000,0,'15',2,10000,0,'15',2,10000,0,'15',2,10000,0,'15',2,10000,0,'15',2,10000,0,'15',2,10000,0,'15',2,10000,0,'15',2,10000,0,'15',2,10000,0,'15',2,10000,0,'15',2
'JAN2024-RMKBLK-Weekday-01',11600,70400,0,'15',2,3000,0,'15',2,6900,0,'15',2,3000,0,'15',2,7000,0,'15',2,3000,0,'15',2,7000,0,'15',2,10000,0,'15',2,10000,0,'15',2,10000,0,'15',2,10000,0,'15',2,10000,0,'15',2,10000,0,'15',2,10100,0,'15',2,3000,0,'15',2,6900,0,'15',2,3400,0,'15',2,6600,0,'15',2,10000,0,'15',2,10000,0,'15',2,10000,0,'15',2
'JAN2024-RMKBLK-Saturday-01',14001000,71100,0,'7',2,9300,0,'7',2,1200,0,'7',2,8800,0,'7',2,1200,0,'7',2,8800,0,'7',2,1200,0,'7',2,8800,0,'7',2,1200,0,'7',2,8400,0,'7',2,1600,0,'7',2,8400,0,'7',2,1600,0,'7',2,8400,0,'7',2,1600,0,'7',2,8800,0,'7',2,1200,0,'7',2,8800,0,'7',2,1200,0,'7',2,8800,0,'7',2,1200,0,'7',2,8800,0,'7',2,1200,0,'7',2,8800,0,'7',2,1200,0,'7',2,8800,0,'7',2,1200,0,'7',2,8800,0,'7',2,1200,0,'7',2,8800,0,'7',2,1200,0,'7',2,4300,0,'7',2
'JAN2024-RMKBLK-Weekday-01',14001000,65900,0,'7',2,5200,0,'7',2,1800,0,'7',2,1200,0,'7',2,6300,0,'7',2,1200,0,'7',2,1800,0,'7',2,1200,0,'7',2,5800,0,'7',2,1200,0,'7',2,1300,0,'7',2,7500,0,'7',2,1200,0,'7',2,1300,0,'7',2,7500,0,'7',2,1200,0,'7',2,1300,0,'7',2,7100,0,'7',2,1600,0,'7',2,1300,0,'7',2,7100,0,'7',2,1600,0,'7',2,1300,0,'7',2,7100,0,'7',2,1600,0,'7',2,1300,0,'7',2,7500,0,'7',2,1200,0,'7',2,1300,0,'7',2,7500,0,'7',2,1200,0,'7',2,1800,0,'7',2,1200,0,'7',2,5800,0,'7',2,1200,0,'7',2,1800,0,'7',2,1200,0,'7',2,5800,0,'7',2,1200,0,'7',2,1300,0,'7',2,7500,0,'7',2,1200,0,'7',2,8800,0,'7',2,1200,0,'7',2,8800,0,'7',2,1200,0,'7',2,8800,0,'7',2,1200,0,'7',2,4300,0,'7',2
'JAN2024-RMKBLK-Saturday-01',14001200,71100,0,'9',2,10500,0,'9',2,10000,0,'9',2,10000,0,'9',2,10000,0,'9',2,10000,0,'9',2,10000,0,'9',2,10000,0,'9',2,10000,0,'9',2,10000,0,'9',2,10000,0,'9',2,10000,0,'9',2,10000,0,'9',2,10000,0,'9',2,10000,0,'9',2,10000,0,'9',2
'JAN2024-RMKBLK-Weekday-01',14001200,71100,0,'9',2,3000,0,'9',2,7500,0,'9',2,3000,0,'9',2,7000,0,'9',2,10000,0,'9',2,10000,0,'9',2,10000,0,'9',2,10000,0,'9',2,10000,0,'9',2,10000,0,'9',2,10000,0,'9',2,3000,0,'9',2,7000,0,'9',2,3000,0,'9',2,7000,0,'9',2,10000,0,'9',2,10000,0,'9',2,10000,0,'9',2,10000,0,'9',2
'JAN2024-RMKBLK-Saturday-01',14001400,71100,0,'11',2,10500,0,'11',2,10000,0,'11',2,10000,0,'11',2,10000,0,'11',2,10000,0,'11',2,10000,0,'11',2,10000,0,'11',2,10000,0,'11',2,10000,0,'11',2,10000,0,'11',2,10000,0,'11',2,10000,0,'11',2,10000,0,'11',2,10000,0,'11',2,10000,0,'11',2
'JAN2024-RMKBLK-Weekday-01',14001400,64600,0,'11',2,6500,0,'11',2,3000,0,'11',2,7500,0,'11',2,3000,0,'11',2,7000,0,'11',2,2000,0,'11',2,8000,0,'11',2,10000,0,'11',2,10000,0,'11',2,10000,0,'11',2,10000,0,'11',2,10000,0,'11',2,10000,0,'11',2,3000,0,'11',2,7000,0,'11',2,3000,0,'11',2,7000,0,'11',2,10000,0,'11',2,10000,0,'11',2,10000,0,'11',2,10000,0,'11',2
'JAN2024-RMKBLK-Saturday-01',14001600,71100,0,'13',2,9700,0,'13',2,800,0,'13',2,9000,0,'13',2,1000,0,'13',2,9000,0,'13',2,1000,0,'13',2,9000,0,'13',2,1000,0,'13',2,9200,0,'13',2,800,0,'13',2,9200,0,'13',2,800,0,'13',2,9000,0,'13',2,1000,0,'13',2,9000,0,'13',2,1000,0,'13',2,9200,0,'13',2,800,0,'13',2,9200,0,'13',2,800,0,'13',2,9200,0,'13',2,800,0,'13',2,9200,0,'13',2,800,0,'13',2,9200,0,'13',2,800,0,'13',2,9000,0,'13',2,1000,0,'13',2,9200,0,'13',2,800,0,'13',2
'JAN2024-RMKBLK-Weekday-01',14001600,65900,0,'13',2,5200,0,'13',2,1800,0,'13',2,1200,0,'13',2,6300,0,'13',2,1200,0,'13',2,1800,0,'13',2,1200,0,'13',2,6700,0,'13',2,300,0,'13',2,1800,0,'13',2,200,0,'13',2,7700,0,'13',2,300,0,'13',2,9700,0,'13',2,300,0,'13',2,8800,0,'13',2,1200,0,'13',2,8800,0,'13',2,1200,0,'13',2,9700,0,'13',2,300,0,'13',2,9700,0,'13',2,300,0,'13',2,3000,0,'13',2,5800,0,'13',2,1200,0,'13',2,1800,0,'13',2,1200,0,'13',2,5800,0,'13',2,1200,0,'13',2,1800,0,'13',2,1200,0,'13',2,5800,0,'13',2,1200,0,'13',2,1800,0,'13',2,200,0,'13',2,6800,0,'13',2,1200,0,'13',2,8800,0,'13',2,1200,0,'13',2,9700,0,'13',2,300,0,'13',2,8800,0,'13',2,1200,0,'13',2
'JAN2024-RMKBLK-Saturday-01',19001301,71600,0,'10',2,10000,0,'10',2,10000,0,'10',2,10000,0,'10',2,10000,0,'10',2,10000,0,'10',2,10000,0,'10',2,10000,0,'10',2,10000,0,'10',2,10000,0,'10',2,10000,0,'10',2,10000,0,'10',2,10000,0,'10',2,10000,0,'10',2,10000,0,'10',2,10000,0,'10',2
'JAN2024-RMKBLK-Weekday-01',19001301,61600,0,'10',2,3000,0,'10',2,7000,0,'10',2,3000,0,'10',2,7000,0,'10',2,3000,0,'10',2,7000,0,'10',2,10000,0,'10',2,10000,0,'10',2,10000,0,'10',2,10000,0,'10',2,10000,0,'10',2,10000,0,'10',2,10000,0,'10',2,3000,0,'10',2,7000,0,'10',2,3000,0,'10',2,7000,0,'10',2,10000,0,'10',2,10000,0,'10',2,10000,0,'10',2,10000,0,'10',2
'JAN2024-RMKBLK-Saturday-01',19001501,71500,0,'12',2,10000,0,'12',2,10000,0,'12',2,10000,0,'12',2,10000,0,'12',2,10000,0,'12',2,10000,0,'12',2,10000,0,'12',2,10000,0,'12',2,10000,0,'12',2,10000,0,'12',2,10000,0,'12',2,10000,0,'12',2,10000,0,'12',2,10000,0,'12',2
'JAN2024-RMKBLK-Weekday-01',19001501,61500,0,'12',2,3000,0,'12',2,7000,0,'12',2,3000,0,'12',2,7000,0,'12',2,3000,0,'12',2,7000,0,'12',2,10000,0,'12',2,10000,0,'12',2,10000,0,'12',2,10000,0,'12',2,10000,0,'12',2,10000,0,'12',2,10000,0,'12',2,3000,0,'12',2,7000,0,'12',2,10000,0,'12',2,10000,0,'12',2,10000,0,'12',2,10000,0,'12',2
