1800,6078,1,0
1800,6079,2,0
1800,6080,3,0
1800,6082,4,0
1800,7035,5,0
1800,6083,6,0
1800,6084,7,0
1800,6085,8,0
1800,6086,9,0
1800,6087,10,0
1800,9004,11,0
1800,6088,12,0
1800,6089,13,0
1800,6090,14,0
1800,6091,15,0
1800,6092,16,0
1800,6094,17,0
1800,6095,18,0
1800,6096,19,0
1800,6097,20,0
1800,6098,21,0
1800,6099,22,0
1800,6100,23,0
1800,6101,24,0
1800,6102,25,0
1800,6103,26,0
1800,2098,27,0
1800,2099,28,0
1800,2100,29,0
1800,2101,30,0
1800,2102,31,0
1800,2103,32,0
1800,6104,33,0
1800,6105,34,0
1800,10001,35,0
1800,1101,36,0
1800,4037,37,0
1800,6001,38,0
1800,1039,39,0
1800,6002,40,0
1800,6003,41,0
1800,6004,42,0
1800,6005,43,0
1800,1044,44,0
1800,6006,45,0
1800,6007,46,0
1800,6008,47,0
1800,6009,48,0
1800,6010,49,0
1800,6011,50,0
1800,6012,51,0
1800,7015,52,0
1800,6013,53,0
1800,6014,54,0
1800,6015,55,0
1800,6016,56,0
1800,9003,57,0
1800,6017,58,0
1800,6018,59,0
1800,8014,60,0
1800,8015,61,0
1800,8016,62,0
1800,6019,63,0
1800,6020,64,0
1800,8017,65,0
1800,6021,66,1
2000,6021,1,0
2000,6022,2,0
2000,6023,3,0
2000,6024,4,0
2000,6025,5,0
2000,6026,6,0
2000,6027,7,0
2000,6028,8,0
2000,8018,9,0
2000,6029,10,0
2000,9001,11,0
2000,6030,12,0
2000,6031,13,0
2000,6032,14,0
2000,6033,15,0
2000,6035,16,0
2000,6036,17,0
2000,6037,18,0
2000,9002,19,0
2000,6038,20,0
2000,6039,21,0
2000,6040,22,0
2000,6041,23,0
2000,6042,24,0
2000,6043,25,0
2000,6045,26,0
2000,6046,27,0
2000,6047,28,0
2000,6048,29,0
2000,1094,30,0
2000,1095,31,0
2000,1096,32,0
2000,1097,33,0
2000,1098,34,0
2000,1100,35,0
2000,4038,36,0
2000,1000,37,0
2000,2041,38,0
2000,2065,39,0
2000,2042,40,0
2000,2043,41,0
2000,2044,42,0
2000,2046,43,0
2000,2048,44,0
2000,2047,45,0
2000,2077,46,0
2000,6053,47,0
2000,6054,48,0
2000,6055,49,0
2000,201352,50,0
2000,6056,51,0
2000,6057,52,0
2000,6058,53,0
2000,6059,54,0
2000,6060,55,0
2000,6061,56,0
2000,6062,57,0
2000,6064,58,0
2000,6065,59,0
2000,6066,60,0
2000,6067,61,0
2000,6068,62,0
2000,6069,63,0
2000,6070,64,0
2000,6071,65,0
2000,6072,66,0
2000,6073,67,0
2000,6074,68,0
2000,6075,69,0
2000,6093,70,0
2000,6108,71,0
2000,6076,72,0
2000,6077,73,1
11600,2074,1,0
11600,201316,2,0
11600,201312,3,0
11600,201314,4,0
11600,201307,5,0
11600,3050,6,0
11600,3051,7,0
11600,3049,8,0
11600,3052,9,0
11600,3053,10,0
11600,3054,11,0
11600,3055,12,0
11600,3056,13,0
11600,3057,14,0
11600,2090,15,0
11600,2092,16,0
11600,2094,17,0
11600,3016,18,0
11600,201338,19,0
11600,201334,20,0
11600,201333,21,0
11600,201332,22,0
11600,201331,23,0
11600,201330,24,0
11600,201329,25,0
11600,201328,26,0
11600,201327,27,0
11600,986,28,0
11600,201326,29,0
11600,201325,30,0
11600,201324,31,0
11600,201323,32,0
11600,6101,33,0
11600,6102,34,0
11600,6103,35,0
11600,2098,36,0
11600,2099,37,0
11600,2059,38,0
11600,7031,39,0
11600,2060,40,0
11600,3062,41,0
11600,3063,42,0
11600,3064,43,0
11600,3065,44,0
11600,3066,45,0
11600,3067,46,0
11600,10001,47,0
11600,1000,48,1
21600,1000,1,0
21600,1027,2,0
21600,3001,3,0
21600,3002,4,0
21600,3003,5,0
21600,3004,6,0
21600,3005,7,0
21600,3006,8,0
21600,2086,9,0
21600,7033,10,0
21600,2093,11,0
21600,2047,12,0
21600,2077,13,0
21600,6053,14,0
21600,6054,15,0
21600,6055,16,0
21600,201352,17,0
21600,201322,18,0
21600,3021,19,0
21600,3022,20,0
21600,3023,21,0
21600,986,22,0
21600,3024,23,0
21600,3025,24,0
21600,1045,25,0
21600,3027,26,0
21600,3028,27,0
21600,3029,28,0
21600,3030,29,0
21600,3031,30,0
21600,201336,31,0
21600,201340,32,0
21600,3033,33,0
21600,3034,34,0
21600,2053,35,0
21600,1146,36,0
21600,2056,37,0
21600,3040,38,0
21600,3041,39,0
21600,3042,40,0
21600,3043,41,0
21600,3044,42,0
21600,3045,43,0
21600,3046,44,0
21600,3047,45,0
21600,201306,46,0
21600,201308,47,0
21600,201311,48,0
21600,201313,49,0
21600,201315,50,1
14001000,2074,1,0
14001000,201316,2,0
14001000,201315,3,0
14001000,2075,4,0
14001000,2076,5,0
14001000,2078,6,0
14001000,2079,7,0
14001000,2080,8,0
14001000,7028,9,0
14001000,2083,10,0
14001000,2085,11,0
14001000,2086,12,0
14001000,7033,13,0
14001000,2093,14,0
14001000,2087,15,0
14001000,2088,16,0
14001000,2089,17,0
14001000,2090,18,0
14001000,2092,19,0
14001000,2084,20,0
14001000,2094,21,0
14001000,2095,22,0
14001000,2096,23,0
14001000,2097,24,0
14001000,2082,25,0
14001000,2098,26,0
14001000,2099,27,0
14001000,2100,28,0
14001000,2101,29,0
14001000,2102,30,0
14001000,2103,31,0
14001000,6104,32,0
14001000,6105,33,0
14001000,10001,34,0
14001000,1000,35,0
14001000,1101,36,0
14001000,2106,37,0
14001000,2104,38,0
14001000,2108,39,0
14001000,2109,40,0
14001000,2110,41,0
14001000,2111,42,0
14001000,2112,43,0
14001000,2113,44,0
14001000,2115,45,0
14001000,2116,46,0
14001000,201353,47,0
14001000,2117,48,0
14001000,2118,49,0
14001000,2119,50,0
14001000,2120,51,0
14001000,2121,52,0
14001000,2122,53,0
14001000,2124,54,0
14001000,2125,55,0
14001000,2126,56,0
14001000,2127,57,0
14001000,2128,58,0
14001000,2129,59,0
14001000,2130,60,0
14001000,2131,61,0
14001000,2132,62,0
14001000,2133,63,0
14001000,2134,64,0
14001000,2135,65,0
14001000,2123,66,0
14001000,2137,67,0
14001000,2138,68,0
14001000,2040,69,0
14001000,2140,70,0
14001000,2141,71,0
14001000,2017,72,0
14001000,2142,73,0
14001000,2001,74,1
14001200,2074,1,0
14001200,5040,2,0
14001200,8005,3,0
14001200,1071,4,0
14001200,1072,5,0
14001200,1073,6,0
14001200,1074,7,0
14001200,1075,8,0
14001200,1076,9,0
14001200,9005,10,0
14001200,1078,11,0
14001200,1079,12,0
14001200,1080,13,0
14001200,1081,14,0
14001200,1082,15,0
14001200,1083,16,0
14001200,1084,17,0
14001200,1085,18,0
14001200,1086,19,0
14001200,1087,20,0
14001200,1088,21,0
14001200,1089,22,0
14001200,1090,23,0
14001200,1091,24,0
14001200,1092,25,0
14001200,1093,26,0
14001200,1094,27,0
14001200,1095,28,0
14001200,1096,29,0
14001200,1097,30,0
14001200,1098,31,0
14001200,1100,32,0
14001200,4038,33,0
14001200,1000,34,0
14001200,10001,35,0
14001200,1101,36,0
14001200,1102,37,0
14001200,1103,38,0
14001200,1104,39,0
14001200,1105,40,0
14001200,1106,41,0
14001200,201319,42,0
14001200,1110,43,0
14001200,1111,44,0
14001200,1112,45,0
14001200,1113,46,0
14001200,1114,47,0
14001200,1115,48,0
14001200,1116,49,0
14001200,1117,50,0
14001200,1118,51,0
14001200,1119,52,0
14001200,1120,53,0
14001200,1121,54,0
14001200,1122,55,0
14001200,7008,56,0
14001200,1124,57,0
14001200,1125,58,0
14001200,1126,59,0
14001200,1127,60,0
14001200,1128,61,0
14001200,7010,62,0
14001200,1129,63,0
14001200,1130,64,0
14001200,1131,65,0
14001200,1132,66,0
14001200,1133,67,0
14001200,1134,68,0
14001200,1135,69,0
14001200,1136,70,0
14001200,1137,71,0
14001200,1138,72,0
14001200,1139,73,0
14001200,8019,74,0
14001200,1140,75,0
14001200,1141,76,0
14001200,1001,77,1
14001400,10010,1,0
14001400,5105,2,0
14001400,5060,3,0
14001400,7017,4,0
14001400,5062,5,0
14001400,5063,6,0
14001400,9007,7,0
14001400,5065,8,0
14001400,5066,9,0
14001400,1063,10,0
14001400,1064,11,0
14001400,1065,12,0
14001400,1066,13,0
14001400,1070,14,0
14001400,7021,15,0
14001400,5068,16,0
14001400,5069,17,0
14001400,5070,18,0
14001400,5071,19,0
14001400,5072,20,0
14001400,5073,21,0
14001400,5074,22,0
14001400,1201,23,0
14001400,5075,24,0
14001400,5078,25,0
14001400,5077,26,0
14001400,1000,27,0
14001400,10001,28,0
14001400,1101,29,0
14001400,2106,30,0
14001400,201321,31,0
14001400,9999,32,0
14001400,201348,33,0
14001400,201347,34,0
14001400,201346,35,0
14001400,5000,36,0
14001400,201345,37,0
14001400,201344,38,0
14001400,4097,39,0
14001400,201342,40,0
14001400,201341,41,0
14001400,2107,42,0
14001400,1202,43,0
14001400,1200,44,0
14001400,5079,45,0
14001400,5080,46,0
14001400,5082,47,0
14001400,5083,48,0
14001400,1203,49,0
14001400,5085,50,0
14001400,5092,51,0
14001400,8028,52,0
14001400,5013,53,0
14001400,5093,54,0
14001400,5094,55,0
14001400,5095,56,0
14001400,5096,57,0
14001400,5097,58,0
14001400,5098,59,0
14001400,5006,60,0
14001400,5099,61,0
14001400,5100,62,0
14001400,5102,63,0
14001400,5104,64,1
14001600,201315,1,0
14001600,201317,2,0
14001600,10003,3,0
14001600,201318,4,0
14001600,2075,5,0
14001600,2076,6,0
14001600,4046,7,0
14001600,10016,8,0
14001600,4048,9,0
14001600,4049,10,0
14001600,7024,11,0
14001600,1600,12,0
14001600,201301,13,0
14001600,7025,14,0
14001600,1601,15,0
14001600,201305,16,0
14001600,4050,17,0
14001600,4051,18,0
14001600,4052,19,0
14001600,4053,20,0
14001600,6104,21,0
14001600,6105,22,0
14001600,10001,23,0
14001600,1000,24,0
14001600,1101,25,0
14001600,2106,26,0
14001600,2104,27,0
14001600,4054,28,0
14001600,4055,29,0
14001600,1603,30,0
14001600,4057,31,0
14001600,4058,32,0
14001600,4059,33,0
14001600,4060,34,0
14001600,4061,35,0
14001600,4062,36,0
14001600,4063,37,0
14001600,4064,38,0
14001600,4065,39,0
14001600,4067,40,0
14001600,4068,41,0
14001600,4069,42,0
14001600,4070,43,0
14001600,4071,44,0
14001600,4072,45,0
14001600,4073,46,0
14001600,4074,47,0
14001600,4075,48,0
14001600,4076,49,0
14001600,4079,50,0
14001600,8023,51,0
14001600,10005,52,0
14001600,10006,53,0
14001600,10007,54,0
14001600,8026,55,0
14001600,8025,56,0
14001600,10008,57,0
14001600,4081,58,0
14001600,4082,59,0
14001600,4083,60,0
14001600,8021,61,0
14001600,4084,62,0
14001600,4085,63,0
14001600,4086,64,0
14001600,4087,65,0
14001600,4088,66,0
14001600,4089,67,0
14001600,4090,68,0
14001600,4000,69,1
19001101,2001,1,0
19001101,2003,2,0
19001101,2039,3,0
19001101,2004,4,0
19001101,2139,5,0
19001101,2054,6,0
19001101,2005,7,0
19001101,2006,8,0
19001101,2007,9,0
19001101,2008,10,0
19001101,2009,11,0
19001101,2011,12,0
19001101,2012,13,0
19001101,2013,14,0
19001101,2014,15,0
19001101,2015,16,0
19001101,2016,17,0
19001101,2018,18,0
19001101,2020,19,0
19001101,2022,20,0
19001101,2023,21,0
19001101,2024,22,0
19001101,2025,23,0
19001101,201353,24,0
19001101,2027,25,0
19001101,2028,26,0
19001101,2029,27,0
19001101,2062,28,0
19001101,2030,29,0
19001101,2031,30,0
19001101,2033,31,0
19001101,2034,32,0
19001101,2035,33,0
19001101,2036,34,0
19001101,2037,35,0
19001101,4037,36,0
19001101,4038,37,0
19001101,1000,38,0
19001101,2041,39,0
19001101,2065,40,0
19001101,2042,41,0
19001101,2043,42,0
19001101,2044,43,0
19001101,2046,44,0
19001101,2048,45,0
19001101,2047,46,0
19001101,2077,47,0
19001101,2081,48,0
19001101,2050,49,0
19001101,2051,50,0
19001101,2052,51,0
19001101,2053,52,0
19001101,1146,53,0
19001101,2056,54,0
19001101,2057,55,0
19001101,2058,56,0
19001101,2059,57,0
19001101,7031,58,0
19001101,2060,59,0
19001101,2061,60,0
19001101,2063,61,0
19001101,2064,62,0
19001101,2066,63,0
19001101,2067,64,0
19001101,2068,65,0
19001101,2069,66,0
19001101,2070,67,0
19001101,2071,68,0
19001101,2072,69,0
19001101,2073,70,0
19001101,2074,71,1
19001301,1001,1,0
19001301,1002,2,0
19001301,9010,3,0
19001301,201320,4,0
19001301,1003,5,0
19001301,1004,6,0
19001301,1005,7,0
19001301,1006,8,0
19001301,1007,9,0
19001301,1008,10,0
19001301,1009,11,0
19001301,1010,12,0
19001301,1011,13,0
19001301,1012,14,0
19001301,1013,15,0
19001301,1014,16,0
19001301,1015,17,0
19001301,1016,18,0
19001301,1017,19,0
19001301,1018,20,0
19001301,1019,21,0
19001301,1020,22,0
19001301,1021,23,0
19001301,1022,24,0
19001301,1142,25,0
19001301,1023,26,0
19001301,1024,27,0
19001301,1025,28,0
19001301,1143,29,0
19001301,1026,30,0
19001301,1028,31,0
19001301,1029,32,0
19001301,1030,33,0
19001301,1144,34,0
19001301,1031,35,0
19001301,1032,36,0
19001301,1033,37,0
19001301,1034,38,0
19001301,1035,39,0
19001301,1036,40,0
19001301,1037,41,0
19001301,1038,42,0
19001301,4037,43,0
19001301,4038,44,0
19001301,1000,45,0
19001301,10001,46,0
19001301,1101,47,0
19001301,6001,48,0
19001301,1039,49,0
19001301,6003,50,0
19001301,6004,51,0
19001301,6005,52,0
19001301,1044,53,0
19001301,1046,54,0
19001301,1048,55,0
19001301,1049,56,0
19001301,1050,57,0
19001301,1051,58,0
19001301,1052,59,0
19001301,1054,60,0
19001301,1055,61,0
19001301,1056,62,0
19001301,1057,63,0
19001301,1058,64,0
19001301,1059,65,0
19001301,1060,66,0
19001301,7019,67,0
19001301,1062,68,0
19001301,1063,69,0
19001301,1064,70,0
19001301,1065,71,0
19001301,1066,72,0
19001301,1070,73,0
19001301,7021,74,0
19001301,2072,75,0
19001301,2073,76,0
19001301,2074,77,1
19001501,5104,1,0
19001501,7002,2,0
19001501,5002,3,0
19001501,5003,4,0
19001501,201350,5,0
19001501,5017,6,0
19001501,5018,7,0
19001501,5019,8,0
19001501,5020,9,0
19001501,5021,10,0
19001501,5022,11,0
19001501,5023,12,0
19001501,5024,13,0
19001501,5025,14,0
19001501,5026,15,0
19001501,4091,16,0
19001501,4092,17,0
19001501,4093,18,0
19001501,4094,19,0
19001501,4095,20,0
19001501,4096,21,0
19001501,4098,22,0
19001501,4099,23,0
19001501,201346,24,0
19001501,5000,25,0
19001501,5001,26,0
19001501,5007,27,0
19001501,5008,28,0
19001501,201349,29,0
19001501,2037,30,0
19001501,4037,31,0
19001501,4038,32,0
19001501,1000,33,0
19001501,10001,34,0
19001501,5027,35,0
19001501,5028,36,0
19001501,5029,37,0
19001501,5030,38,0
19001501,5031,39,0
19001501,5032,40,0
19001501,5039,41,0
19001501,5034,42,0
19001501,5035,43,0
19001501,5036,44,0
19001501,5050,45,0
19001501,5051,46,0
19001501,1072,47,0
19001501,1073,48,0
19001501,1074,49,0
19001501,5041,50,0
19001501,5042,51,0
19001501,9006,52,0
19001501,5044,53,0
19001501,5052,54,0
19001501,9009,55,0
19001501,5053,56,0
19001501,5045,57,0
19001501,5054,58,0
19001501,5055,59,0
19001501,9008,60,0
19001501,5046,61,0
19001501,5047,62,0
19001501,5048,63,0
19001501,10010,64,1
19001701,4000,1,0
19001701,4001,2,0
19001701,4002,3,0
19001701,4003,4,0
19001701,4004,5,0
19001701,4005,6,0
19001701,4006,7,0
19001701,201351,8,0
19001701,8022,9,0
19001701,4008,10,0
19001701,4009,11,0
19001701,4010,12,0
19001701,4011,13,0
19001701,4012,14,0
19001701,4013,15,0
19001701,4014,16,0
19001701,4077,17,0
19001701,4016,18,0
19001701,4017,19,0
19001701,4018,20,0
19001701,4019,21,0
19001701,4020,22,0
19001701,4021,23,0
19001701,7003,24,0
19001701,4022,25,0
19001701,4023,26,0
19001701,4024,27,0
19001701,4025,28,0
19001701,4026,29,0
19001701,4027,30,0
19001701,4028,31,0
19001701,7004,32,0
19001701,4029,33,0
19001701,4030,34,0
19001701,4031,35,0
19001701,4032,36,0
19001701,4034,37,0
19001701,4035,38,0
19001701,4036,39,0
19001701,2036,40,0
19001701,2037,41,0
19001701,4037,42,0
19001701,4038,43,0
19001701,1000,44,0
19001701,2041,45,0
19001701,2065,46,0
19001701,1204,47,0
19001701,1205,48,0
19001701,4039,49,0
19001701,4040,50,0
19001701,4041,51,0
19001701,201304,52,0
19001701,201303,53,0
19001701,10004,54,0
19001701,201302,55,0
19001701,7023,56,0
19001701,4042,57,0
19001701,4043,58,0
19001701,1206,59,0
19001701,10016,60,0
19001701,4045,61,0
19001701,2071,62,0
19001701,2072,63,0
19001701,2073,64,0
19001701,2074,65,1
