'JAN2024-RMKBLK-Weekday-01',2000,61500,0,'26',2,11700,0,'26',2,11600,4,'',2,76700,0,'26',2,11700,0,'26',2,11600,4,'',2
'JAN2024-RMKBLK-Saturday-01',11600,80500,4,'',2,10000,4,'',2,10000,4,'',2,10000,4,'',2,10000,4,'',2,10000,4,'',2,10000,4,'',2,10000,4,'',2,10000,4,'',2,10000,4,'',2,10000,4,'',2,10000,4,'',2,10000,4,'',2,10000,4,'',2,10000,4,'',2
'JAN2024-RMKBLK-Weekday-01',11600,70500,4,'',2,3000,4,'',2,7000,4,'',2,3000,4,'',2,7000,4,'',2,3000,4,'',2,7000,4,'',2,10000,4,'',2,10000,4,'',2,10000,4,'',2,10000,4,'',2,10000,4,'',2,10000,4,'',2,10000,4,'',2,3000,4,'',2,7000,4,'',2,3500,4,'',2,6500,4,'',2,10000,4,'',2,10000,4,'',2,10000,4,'',2
'JAN2024-RMKBLK-Saturday-01',21600,71500,0,'16',2,10000,0,'16',2,10000,0,'16',2,10000,0,'16',2,10000,0,'16',2,10000,0,'16',2,10000,0,'16',2,10000,0,'16',2,10000,0,'16',2,10000,0,'16',2,10000,0,'16',2,10000,0,'16',2,10000,0,'16',2,10000,0,'16',2,10000,0,'16',2
'JAN2024-RMKBLK-Weekday-01',21600,61500,0,'16',2,3000,0,'16',2,7000,0,'16',2,3000,0,'16',2,7000,0,'16',2,3000,0,'16',2,7000,0,'16',2,10000,0,'16',2,10000,0,'16',2,10000,0,'16',2,10000,0,'16',2,10000,0,'16',2,10000,0,'16',2,10000,0,'16',2,3000,0,'16',2,7000,0,'16',2,3000,0,'16',2,7000,0,'16',2,10000,0,'16',2,10000,0,'16',2,10000,0,'16',2
'JAN2024-RMKBLK-Saturday-01',14001000,71000,0,'7',2,10500,0,'7',2,10000,0,'7',2,10000,0,'7',2,10000,0,'7',2,10000,0,'7',2,10000,0,'7',2,10000,0,'7',2,10000,0,'7',2,10000,0,'7',2,10000,0,'7',2,10000,0,'7',2,10000,0,'7',2,10000,0,'7',2,10000,0,'7',2,10000,0,'7',2,9500,4,'',2
'JAN2024-RMKBLK-Weekday-01',14001000,71000,0,'7',2,3000,0,'7',2,7500,0,'7',2,3000,0,'7',2,7000,0,'7',2,2000,4,'',2,8000,0,'7',2,2500,4,'',2,7500,0,'7',2,2500,4,'',2,7500,0,'7',2,2500,4,'',2,7500,0,'7',2,2500,4,'',2,7500,0,'7',2,2500,4,'',2,7500,0,'7',2,2500,4,'',2,7500,0,'7',2,2000,4,'',2,1000,0,'7',2,7000,0,'7',2,3000,0,'7',2,7000,0,'7',2,2000,4,'',2,7000,4,'',2,1000,0,'7',2,10000,0,'7',2,10000,0,'7',2,10000,0,'7',2,10000,4,'',2
'JAN2024-RMKBLK-Saturday-01',14001200,71000,0,'9',2,10500,0,'9',2,10000,0,'9',2,10000,0,'9',2,10000,0,'9',2,10000,0,'9',2,10000,0,'9',2,10000,0,'9',2,10000,0,'9',2,10000,0,'9',2,10000,0,'9',2,10000,0,'9',2,10000,0,'9',2,10000,0,'9',2,10000,0,'9',2,10000,0,'9',2,9000,4,'',2
'JAN2024-RMKBLK-Weekday-01',14001200,71000,0,'9',2,3000,0,'9',2,7500,0,'9',2,3000,0,'9',2,7000,0,'9',2,2500,4,'',2,7500,0,'9',2,10000,0,'9',2,10000,0,'9',2,10000,0,'9',2,10000,0,'9',2,10000,0,'9',2,10000,0,'9',2,3000,0,'9',2,7000,0,'9',2,2000,4,'',2,1000,0,'9',2,7000,0,'9',2,2000,4,'',2,7000,4,'',2,1000,0,'9',2,10000,0,'9',2,10000,0,'9',2,10000,0,'9',2,9000,4,'',2
'JAN2024-RMKBLK-Saturday-01',14001400,71000,0,'11',2,10500,0,'11',2,10000,0,'11',2,10000,0,'11',2,10000,0,'11',2,10000,0,'11',2,10000,0,'11',2,10000,0,'11',2,10000,0,'11',2,10000,0,'11',2,10000,0,'11',2,10000,0,'11',2,10000,0,'11',2,10000,0,'11',2,10000,0,'11',2,10000,0,'11',2
'JAN2024-RMKBLK-Weekday-01',14001400,64500,0,'11',2,6500,0,'11',2,3000,0,'11',2,7500,0,'11',2,3000,0,'11',2,7000,0,'11',2,2000,0,'11',2,8000,0,'11',2,10000,0,'11',2,10000,0,'11',2,10000,0,'11',2,10000,0,'11',2,10000,0,'11',2,10000,0,'11',2,3000,0,'11',2,7000,0,'11',2,3000,0,'11',2,7000,0,'11',2,10000,0,'11',2,10000,0,'11',2,10000,0,'11',2,10000,0,'11',2
'JAN2024-RMKBLK-Saturday-01',14001600,71000,0,'13',2,10500,0,'13',2,10000,0,'13',2,10000,0,'13',2,10000,0,'13',2,10000,0,'13',2,10000,0,'13',2,10000,0,'13',2,10000,0,'13',2,10000,0,'13',2,10000,0,'13',2,10000,0,'13',2,10000,0,'13',2,10000,0,'13',2,10000,0,'13',2,10000,0,'13',2
'JAN2024-RMKBLK-Weekday-01',14001600,71000,0,'13',2,3000,0,'13',2,7500,0,'13',2,3000,0,'13',2,7000,0,'13',2,2000,0,'13',2,8000,0,'13',2,10000,0,'13',2,10000,0,'13',2,10000,0,'13',2,10000,0,'13',2,10000,0,'13',2,3000,0,'13',2,7000,0,'13',2,3000,0,'13',2,7000,0,'13',2,3000,0,'13',2,7000,0,'13',2,2000,0,'13',2,7000,4,'',2,1000,0,'13',2,10000,0,'13',2,10000,0,'13',2,10000,0,'13',2
'JAN2024-RMKBLK-Saturday-01',19001101,71500,0,'8',2,10000,0,'8',2,10000,0,'8',2,10000,0,'8',2,10000,0,'8',2,10000,0,'8',2,10000,0,'8',2,10000,0,'8',2,10000,0,'8',2,10000,0,'8',2,10000,0,'8',2,10000,0,'8',2,10000,0,'8',2,10000,0,'8',2,10000,0,'8',2,10000,0,'8',2
'JAN2024-RMKBLK-Weekday-01',19001101,61500,0,'8',2,3000,0,'8',2,7000,0,'8',2,1500,0,'8',2,1500,0,'8',2,7000,0,'8',2,3000,0,'8',2,7000,0,'8',2,3000,0,'8',2,7000,0,'8',2,3000,0,'8',2,7000,0,'8',2,3000,0,'8',2,7000,0,'8',2,3000,0,'8',2,7000,0,'8',2,3000,0,'8',2,7000,0,'8',2,3000,0,'8',2,7000,0,'8',2,3000,0,'8',2,7000,0,'8',2,3000,0,'8',2,7000,0,'8',2,3000,0,'8',2,7000,0,'8',2,2000,4,'',2,8000,0,'8',2,10000,0,'8',2,10000,0,'8',2,10000,0,'8',2
'JAN2024-RMKBLK-Saturday-01',19001301,71500,0,'10',2,10000,0,'10',2,10000,0,'10',2,10000,0,'10',2,10000,0,'10',2,10000,0,'10',2,10000,0,'10',2,10000,0,'10',2,10000,0,'10',2,10000,0,'10',2,10000,0,'10',2,10000,0,'10',2,10000,0,'10',2,10000,0,'10',2,10000,0,'10',2,10000,0,'10',2
'JAN2024-RMKBLK-Weekday-01',19001301,61500,0,'10',2,3000,0,'10',2,7000,0,'10',2,3000,0,'10',2,7000,0,'10',2,3000,0,'10',2,7000,0,'10',2,2000,4,'',2,8000,0,'10',2,10000,0,'10',2,10000,0,'10',2,10000,0,'10',2,10000,0,'10',2,10000,0,'10',2,10000,0,'10',2,3000,0,'10',2,7000,0,'10',2,3000,0,'10',2,7000,0,'10',2,2000,4,'',2,8000,0,'10',2,10000,0,'10',2,10000,0,'10',2,10000,0,'10',2
'JAN2024-RMKBLK-Saturday-01',19001501,71500,0,'12',2,10000,0,'12',2,10000,0,'12',2,10000,0,'12',2,10000,0,'12',2,10000,0,'12',2,10000,0,'12',2,10000,0,'12',2,10000,0,'12',2,10000,0,'12',2,10000,0,'12',2,10000,0,'12',2,10000,0,'12',2,10000,0,'12',2,10000,0,'12',2
'JAN2024-RMKBLK-Weekday-01',19001501,61500,0,'12',2,3000,0,'12',2,7000,0,'12',2,3000,0,'12',2,7000,0,'12',2,3000,0,'12',2,7000,0,'12',2,2500,4,'',2,7500,0,'12',2,10000,0,'12',2,10000,0,'12',2,10000,0,'12',2,10000,0,'12',2,10000,0,'12',2,10000,0,'12',2,3000,0,'12',2,7000,0,'12',2,2000,4,'',2,8000,0,'12',2,2000,4,'',2,8000,0,'12',2,10000,0,'12',2,10000,0,'12',2
'JAN2024-RMKBLK-Saturday-01',19001701,71500,0,'14',2,10000,0,'14',2,10000,0,'14',2,10000,0,'14',2,10000,0,'14',2,10000,0,'14',2,10000,0,'14',2,10000,0,'14',2,10000,0,'14',2,10000,0,'14',2,10000,0,'14',2,10000,0,'14',2,10000,0,'14',2,10000,0,'14',2,10000,0,'14',2,9000,4,'',2,10000,4,'',2
'JAN2024-RMKBLK-Weekday-01',19001701,61500,0,'14',2,3000,0,'14',2,7000,0,'14',2,3000,0,'14',2,7000,0,'14',2,3000,0,'14',2,7000,0,'14',2,2500,4,'',2,7500,0,'14',2,10000,0,'14',2,10000,0,'14',2,10000,0,'14',2,10000,0,'14',2,10000,0,'14',2,3000,0,'14',2,7000,0,'14',2,3000,0,'14',2,7000,0,'14',2,3000,0,'14',2,7000,0,'14',2,2500,4,'',2,7500,0,'14',2,10000,0,'14',2,10000,0,'14',2,9000,4,'',2,10000,4,'',2
