'JAN2024-RMKBLK-Weekday-01',1800,70000,0,'''25''',2,11600,0,'''25''',2,88400,0,'''25''',2,11600,0,'''25''',2
'JAN2024-RMKBLK-Saturday-01',14001000,71100,0,'''7''',2,10500,0,'''7''',2,10000,0,'''7''',2,10000,0,'''7''',2,10000,0,'''7''',2,10000,0,'''7''',2,10000,0,'''7''',2,10000,0,'''7''',2,10000,0,'''7''',2,10000,0,'''7''',2,10000,0,'''7''',2,10000,0,'''7''',2,10000,0,'''7''',2,10000,0,'''7''',2,10000,0,'''7''',2,10000,0,'''7''',2
'JAN2024-RMKBLK-Weekday-01',14001000,71100,0,'''7''',2,3000,0,'''7''',2,7500,0,'''7''',2,3000,0,'''7''',2,7000,0,'''7''',2,10000,0,'''7''',2,10000,0,'''7''',2,10000,0,'''7''',2,10000,0,'''7''',2,10000,0,'''7''',2,10000,0,'''7''',2,10000,0,'''7''',2,3000,0,'''7''',2,7000,0,'''7''',2,3000,0,'''7''',2,7000,0,'''7''',2,10000,0,'''7''',2,10000,0,'''7''',2,10000,0,'''7''',2,10000,0,'''7''',2
'JAN2024-RMKBLK-Saturday-01',14001200,71100,0,'''9''',2,10500,0,'''9''',2,10000,0,'''9''',2,10000,0,'''9''',2,10000,0,'''9''',2,10000,0,'''9''',2,10000,0,'''9''',2,10000,0,'''9''',2,10000,0,'''9''',2,10000,0,'''9''',2,10000,0,'''9''',2,10000,0,'''9''',2,10000,0,'''9''',2,10000,0,'''9''',2,10000,0,'''9''',2,10000,0,'''9''',2
'JAN2024-RMKBLK-Weekday-01',14001200,71100,0,'''9''',2,3000,0,'''9''',2,7500,0,'''9''',2,3000,0,'''9''',2,7000,0,'''9''',2,10000,0,'''9''',2,10000,0,'''9''',2,10000,0,'''9''',2,10000,0,'''9''',2,10000,0,'''9''',2,10000,0,'''9''',2,10000,0,'''9''',2,3000,0,'''9''',2,7000,0,'''9''',2,3000,0,'''9''',2,7000,0,'''9''',2,10000,0,'''9''',2,10000,0,'''9''',2,10000,0,'''9''',2,10000,0,'''9''',2
'JAN2024-RMKBLK-Saturday-01',14001400,71100,0,'''11''',2,10500,0,'''11''',2,10000,0,'''11''',2,10000,0,'''11''',2,10000,0,'''11''',2,10000,0,'''11''',2,10000,0,'''11''',2,10000,0,'''11''',2,10000,0,'''11''',2,10000,0,'''11''',2,10000,0,'''11''',2,10000,0,'''11''',2,10000,0,'''11''',2,10000,0,'''11''',2,10000,0,'''11''',2,10000,0,'''11''',2
'JAN2024-RMKBLK-Weekday-01',14001400,64600,0,'''11''',2,6500,0,'''11''',2,3000,0,'''11''',2,7500,0,'''11''',2,3000,0,'''11''',2,7000,0,'''11''',2,2000,0,'''11''',2,8000,0,'''11''',2,10000,0,'''11''',2,10000,0,'''11''',2,10000,0,'''11''',2,10000,0,'''11''',2,10000,0,'''11''',2,10000,0,'''11''',2,3000,0,'''11''',2,7000,0,'''11''',2,3000,0,'''11''',2,7000,0,'''11''',2,10000,0,'''11''',2,10000,0,'''11''',2,10000,0,'''11''',2,10000,0,'''11''',2
'JAN2024-RMKBLK-Saturday-01',14001600,71100,0,'''13''',2,10500,0,'''13''',2,10000,0,'''13''',2,10000,0,'''13''',2,10000,0,'''13''',2,10000,0,'''13''',2,10000,0,'''13''',2,10000,0,'''13''',2,10000,0,'''13''',2,10000,0,'''13''',2,10000,0,'''13''',2,10000,0,'''13''',2,10000,0,'''13''',2,10000,0,'''13''',2,10000,0,'''13''',2,10000,0,'''13''',2
'JAN2024-RMKBLK-Weekday-01',14001600,71100,0,'''13''',2,3000,0,'''13''',2,7500,0,'''13''',2,3000,0,'''13''',2,7000,0,'''13''',2,2000,0,'''13''',2,8000,0,'''13''',2,10000,0,'''13''',2,10000,0,'''13''',2,10000,0,'''13''',2,10000,0,'''13''',2,10000,0,'''13''',2,3000,0,'''13''',2,7000,0,'''13''',2,3000,0,'''13''',2,7000,0,'''13''',2,3000,0,'''13''',2,7000,0,'''13''',2,2000,0,'''13''',2,8000,0,'''13''',2,10000,0,'''13''',2,10000,0,'''13''',2,10000,0,'''13''',2
'JAN2024-RMKBLK-Saturday-01',19001301,71600,0,'''10''',2,10000,0,'''10''',2,10000,0,'''10''',2,10000,0,'''10''',2,10000,0,'''10''',2,10000,0,'''10''',2,10000,0,'''10''',2,10000,0,'''10''',2,10000,0,'''10''',2,10000,0,'''10''',2,10000,0,'''10''',2,10000,0,'''10''',2,10000,0,'''10''',2,10000,0,'''10''',2,10000,0,'''10''',2,10000,0,'''10''',2
'JAN2024-RMKBLK-Weekday-01',19001301,61600,0,'''10''',2,3000,0,'''10''',2,7000,0,'''10''',2,3000,0,'''10''',2,7000,0,'''10''',2,3000,0,'''10''',2,7000,0,'''10''',2,10000,0,'''10''',2,10000,0,'''10''',2,10000,0,'''10''',2,10000,0,'''10''',2,10000,0,'''10''',2,10000,0,'''10''',2,10000,0,'''10''',2,3000,0,'''10''',2,7000,0,'''10''',2,3000,0,'''10''',2,7000,0,'''10''',2,10000,0,'''10''',2,10000,0,'''10''',2,10000,0,'''10''',2,10000,0,'''10''',2
