'SA',14001609,63200,70800,1800
'SA',14001609,71000,73300,1800
'SA',14001609,74400,83800,3600
'SA',14001609,84400,113800,3600
'SA',14001609,114400,133800,3600
'SA',14001609,134400,153800,3600
'SA',14001609,154400,203800,3600
'SA',14001609,204400,213800,3600
'SA',14001609,214400,223800,3600
'WD',14001609,61000,61500,900
'WD',14001609,63200,70800,1800
'WD',14001609,64400,90800,1800
'WD',14001609,84400,113800,3600
'WD',14001609,91400,94000,1800
'WD',14001609,114400,133800,3600
'WD',14001609,134400,153800,3600
'WD',14001609,154400,183800,1800
'WD',14001609,154500,160800,1800
'WD',14001609,181400,184000,1800
'WD',14001609,184400,203800,3600
'WD',14001609,204400,213800,3600
'WD',14001609,214400,223800,3600
