1809,6078,1,0
1809,6079,2,0
1809,6080,3,0
1809,6082,4,0
1809,7035,5,0
1809,6083,6,0
1809,6084,7,0
1809,6085,8,0
1809,6086,9,0
1809,6087,10,0
1809,6088,11,0
1809,6089,12,0
1809,6090,13,0
1809,6091,14,0
1809,6092,15,0
1809,6094,16,0
1809,6095,17,0
1809,6096,18,0
1809,6097,19,0
1809,6098,20,0
1809,6099,21,0
1809,6100,22,0
1809,6101,23,0
1809,6102,24,0
1809,6103,25,0
1809,2098,26,0
1809,2099,27,0
1809,2100,28,0
1809,2101,29,0
1809,2102,30,0
1809,2103,31,0
1809,6104,32,0
1809,6105,33,0
1809,10001,34,0
1809,1000,35,0
1809,1101,36,0
1809,4037,37,0
1809,6001,38,0
1809,1039,39,0
1809,6002,40,0
1809,6003,41,0
1809,6004,42,0
1809,6005,43,0
1809,1044,44,0
1809,6006,45,0
1809,6007,46,0
1809,6008,47,0
1809,6009,48,0
1809,6010,49,0
1809,6011,50,0
1809,6012,51,0
1809,7015,52,0
1809,6013,53,0
1809,6014,54,0
1809,6015,55,0
1809,6016,56,0
1809,6017,57,0
1809,6018,58,0
1809,8014,59,0
1809,8015,60,0
1809,8016,61,0
1809,6019,62,0
1809,6020,63,0
1809,8017,64,0
1809,6021,65,1
2009,6021,1,0
2009,6022,2,0
2009,6023,3,0
2009,6024,4,0
2009,6025,5,0
2009,6026,6,0
2009,6027,7,0
2009,6028,8,0
2009,8018,9,0
2009,6029,10,0
2009,6030,11,0
2009,6031,12,0
2009,6032,13,0
2009,6033,14,0
2009,6035,15,0
2009,6036,16,0
2009,6037,17,0
2009,6038,18,0
2009,6039,19,0
2009,6040,20,0
2009,6041,21,0
2009,6042,22,0
2009,6043,23,0
2009,6044,24,0
2009,6045,25,0
2009,6046,26,0
2009,6047,27,0
2009,6048,28,0
2009,1094,29,0
2009,1095,30,0
2009,1096,31,0
2009,1097,32,0
2009,1098,33,0
2009,1100,34,0
2009,4038,35,0
2009,1000,36,0
2009,2041,37,0
2009,2065,38,0
2009,2042,39,0
2009,2043,40,0
2009,2044,41,0
2009,2046,42,0
2009,2047,43,0
2009,2048,44,0
2009,2049,45,0
2009,2077,46,0
2009,6053,47,0
2009,6054,48,0
2009,6055,49,0
2009,201352,50,0
2009,6056,51,0
2009,6057,52,0
2009,6058,53,0
2009,6059,54,0
2009,6060,55,0
2009,6061,56,0
2009,6062,57,0
2009,6064,58,0
2009,6065,59,0
2009,6066,60,0
2009,6067,61,0
2009,6068,62,0
2009,6069,63,0
2009,6070,64,0
2009,6071,65,0
2009,6072,66,0
2009,6073,67,0
2009,6074,68,0
2009,6075,69,0
2009,6093,70,0
2009,6108,71,0
2009,6076,72,0
2009,6077,73,1
11609,2074,1,0
11609,201316,2,0
11609,201315,3,0
11609,201314,4,0
11609,201310,5,0
11609,201307,6,0
11609,3050,7,0
11609,3051,8,0
11609,3049,9,0
11609,3052,10,0
11609,3053,11,0
11609,3054,12,0
11609,3055,13,0
11609,3056,14,0
11609,3057,15,0
11609,2090,16,0
11609,2092,17,0
11609,2094,18,0
11609,3016,19,0
11609,201338,20,0
11609,201334,21,0
11609,201333,22,0
11609,201332,23,0
11609,201331,24,0
11609,201330,25,0
11609,201329,26,0
11609,201328,27,0
11609,201327,28,0
11609,201326,29,0
11609,201325,30,0
11609,201324,31,0
11609,201323,32,0
11609,6101,33,0
11609,6102,34,0
11609,6103,35,0
11609,2098,36,0
11609,2099,37,0
11609,2059,38,0
11609,7031,39,0
11609,2060,40,0
11609,3062,41,0
11609,3063,42,0
11609,3064,43,0
11609,3065,44,0
11609,3066,45,0
11609,3067,46,0
11609,10001,47,0
11609,1000,48,1
21609,1000,1,0
21609,1027,2,0
21609,3001,3,0
21609,3002,4,0
21609,3003,5,0
21609,3004,6,0
21609,3005,7,0
21609,3006,8,0
21609,2086,9,0
21609,7033,10,0
21609,2093,11,0
21609,2048,12,0
21609,2049,13,0
21609,2077,14,0
21609,6053,15,0
21609,6054,16,0
21609,6055,17,0
21609,201352,18,0
21609,201322,19,0
21609,3021,20,0
21609,3022,21,0
21609,3023,22,0
21609,3024,23,0
21609,3025,24,0
21609,1045,25,0
21609,3027,26,0
21609,3028,27,0
21609,3029,28,0
21609,3030,29,0
21609,3031,30,0
21609,201336,31,0
21609,201340,32,0
21609,3033,33,0
21609,3034,34,0
21609,2053,35,0
21609,1146,36,0
21609,2056,37,0
21609,3040,38,0
21609,3041,39,0
21609,3042,40,0
21609,3043,41,0
21609,3044,42,0
21609,3045,43,0
21609,3046,44,0
21609,3047,45,0
21609,201306,46,0
21609,201308,47,0
21609,201309,48,0
21609,201311,49,0
21609,201315,50,1
14001009,2074,1,0
14001009,201316,2,0
14001009,201315,3,0
14001009,2075,4,0
14001009,2076,5,0
14001009,2078,6,0
14001009,2079,7,0
14001009,2080,8,0
14001009,7028,9,0
14001009,2083,10,0
14001009,2085,11,0
14001009,2086,12,0
14001009,7033,13,0
14001009,2093,14,0
14001009,2087,15,0
14001009,2088,16,0
14001009,2089,17,0
14001009,2090,18,0
14001009,2092,19,0
14001009,2084,20,0
14001009,2094,21,0
14001009,2095,22,0
14001009,2096,23,0
14001009,2097,24,0
14001009,2082,25,0
14001009,2098,26,0
14001009,2099,27,0
14001009,2100,28,0
14001009,2101,29,0
14001009,2102,30,0
14001009,2103,31,0
14001009,6104,32,0
14001009,6105,33,0
14001009,10001,34,0
14001009,1000,35,0
14001009,1101,36,0
14001009,2106,37,0
14001009,2104,38,0
14001009,2108,39,0
14001009,2109,40,0
14001009,2110,41,0
14001009,2111,42,0
14001009,2112,43,0
14001009,2113,44,0
14001009,2115,45,0
14001009,2116,46,0
14001009,201353,47,0
14001009,2117,48,0
14001009,2118,49,0
14001009,2119,50,0
14001009,2120,51,0
14001009,2121,52,0
14001009,2122,53,0
14001009,2124,54,0
14001009,2125,55,0
14001009,2126,56,0
14001009,2127,57,0
14001009,2128,58,0
14001009,2129,59,0
14001009,2130,60,0
14001009,2131,61,0
14001009,2132,62,0
14001009,2133,63,0
14001009,2134,64,0
14001009,2135,65,0
14001009,2123,66,0
14001009,2137,67,0
14001009,2138,68,0
14001009,2040,69,0
14001009,2140,70,0
14001009,2141,71,0
14001009,2017,72,0
14001009,2142,73,0
14001009,2001,74,1
14001209,2074,1,0
14001209,2075,2,0
14001209,5040,3,0
14001209,8005,4,0
14001209,1071,5,0
14001209,1072,6,0
14001209,1073,7,0
14001209,1074,8,0
14001209,1075,9,0
14001209,1076,10,0
14001209,1078,11,0
14001209,1079,12,0
14001209,1080,13,0
14001209,1081,14,0
14001209,1082,15,0
14001209,1083,16,0
14001209,1084,17,0
14001209,1085,18,0
14001209,1086,19,0
14001209,1087,20,0
14001209,1088,21,0
14001209,1089,22,0
14001209,1090,23,0
14001209,1091,24,0
14001209,1092,25,0
14001209,1093,26,0
14001209,1094,27,0
14001209,1095,28,0
14001209,1096,29,0
14001209,1097,30,0
14001209,1098,31,0
14001209,1100,32,0
14001209,4038,33,0
14001209,1000,34,0
14001209,10001,35,0
14001209,1101,36,0
14001209,1102,37,0
14001209,1103,38,0
14001209,1104,39,0
14001209,1105,40,0
14001209,1106,41,0
14001209,201319,42,0
14001209,1110,43,0
14001209,1111,44,0
14001209,1112,45,0
14001209,1113,46,0
14001209,1114,47,0
14001209,1115,48,0
14001209,1116,49,0
14001209,1117,50,0
14001209,1118,51,0
14001209,1119,52,0
14001209,1120,53,0
14001209,1121,54,0
14001209,1122,55,0
14001209,1123,56,0
14001209,7008,57,0
14001209,1124,58,0
14001209,1125,59,0
14001209,1126,60,0
14001209,1127,61,0
14001209,1128,62,0
14001209,7010,63,0
14001209,1129,64,0
14001209,1130,65,0
14001209,1131,66,0
14001209,1132,67,0
14001209,1133,68,0
14001209,1134,69,0
14001209,1135,70,0
14001209,1136,71,0
14001209,1137,72,0
14001209,1138,73,0
14001209,1139,74,0
14001209,8019,75,0
14001209,1140,76,0
14001209,1141,77,0
14001209,1001,78,1
14001409,10010,1,0
14001409,5106,2,0
14001409,5105,3,0
14001409,5060,4,0
14001409,7017,5,0
14001409,5062,6,0
14001409,5063,7,0
14001409,5065,8,0
14001409,5066,9,0
14001409,1063,10,0
14001409,1064,11,0
14001409,1065,12,0
14001409,1066,13,0
14001409,1070,14,0
14001409,7021,15,0
14001409,2076,16,0
14001409,5068,17,0
14001409,5069,18,0
14001409,5070,19,0
14001409,5071,20,0
14001409,5072,21,0
14001409,5073,22,0
14001409,5074,23,0
14001409,1201,24,0
14001409,5075,25,0
14001409,5078,26,0
14001409,5077,27,0
14001409,1000,28,0
14001409,10001,29,0
14001409,1101,30,0
14001409,2106,31,0
14001409,201321,32,0
14001409,201348,33,0
14001409,201347,34,0
14001409,201346,35,0
14001409,201345,36,0
14001409,201344,37,0
14001409,201342,38,0
14001409,201341,39,0
14001409,2107,40,0
14001409,1202,41,0
14001409,1200,42,0
14001409,5079,43,0
14001409,5080,44,0
14001409,5082,45,0
14001409,5083,46,0
14001409,1203,47,0
14001409,5084,48,0
14001409,5085,49,0
14001409,5092,50,0
14001409,8028,51,0
14001409,5013,52,0
14001409,5093,53,0
14001409,5094,54,0
14001409,5095,55,0
14001409,5096,56,0
14001409,5097,57,0
14001409,5098,58,0
14001409,5006,59,0
14001409,5099,60,0
14001409,5100,61,0
14001409,5102,62,0
14001409,5104,63,1
14001609,201315,1,0
14001609,201317,2,0
14001609,10003,3,0
14001609,201318,4,0
14001609,2075,5,0
14001609,2076,6,0
14001609,4046,7,0
14001609,10016,8,0
14001609,4047,9,0
14001609,4048,10,0
14001609,4049,11,0
14001609,7024,12,0
14001609,1600,13,0
14001609,201301,14,0
14001609,7025,15,0
14001609,1601,16,0
14001609,201305,17,0
14001609,4050,18,0
14001609,4051,19,0
14001609,4052,20,0
14001609,4053,21,0
14001609,6104,22,0
14001609,6105,23,0
14001609,10001,24,0
14001609,1000,25,0
14001609,1101,26,0
14001609,2106,27,0
14001609,2104,28,0
14001609,4054,29,0
14001609,4055,30,0
14001609,1603,31,0
14001609,4057,32,0
14001609,4058,33,0
14001609,4059,34,0
14001609,4060,35,0
14001609,4061,36,0
14001609,4062,37,0
14001609,4063,38,0
14001609,4064,39,0
14001609,4065,40,0
14001609,4067,41,0
14001609,4068,42,0
14001609,4069,43,0
14001609,4070,44,0
14001609,4071,45,0
14001609,4072,46,0
14001609,4073,47,0
14001609,4074,48,0
14001609,4075,49,0
14001609,4076,50,0
14001609,4077,51,0
14001609,4079,52,0
14001609,8023,53,0
14001609,10005,54,0
14001609,10006,55,0
14001609,10007,56,0
14001609,8026,57,0
14001609,8025,58,0
14001609,10008,59,0
14001609,4081,60,0
14001609,4082,61,0
14001609,4083,62,0
14001609,8021,63,0
14001609,4084,64,0
14001609,4085,65,0
14001609,4086,66,0
14001609,4087,67,0
14001609,4088,68,0
14001609,4089,69,0
14001609,4090,70,0
14001609,4000,71,1
19001109,2001,1,0
19001109,2003,2,0
19001109,2039,3,0
19001109,2004,4,0
19001109,2139,5,0
19001109,2054,6,0
19001109,2005,7,0
19001109,2006,8,0
19001109,2007,9,0
19001109,2008,10,0
19001109,2009,11,0
19001109,2010,12,0
19001109,2011,13,0
19001109,2012,14,0
19001109,2013,15,0
19001109,2014,16,0
19001109,2015,17,0
19001109,2016,18,0
19001109,2018,19,0
19001109,2019,20,0
19001109,2020,21,0
19001109,2021,22,0
19001109,2022,23,0
19001109,2023,24,0
19001109,2024,25,0
19001109,2025,26,0
19001109,201353,27,0
19001109,2027,28,0
19001109,2028,29,0
19001109,2029,30,0
19001109,2062,31,0
19001109,2030,32,0
19001109,2031,33,0
19001109,2033,34,0
19001109,2034,35,0
19001109,2035,36,0
19001109,2036,37,0
19001109,2037,38,0
19001109,4037,39,0
19001109,4038,40,0
19001109,1000,41,0
19001109,2041,42,0
19001109,2065,43,0
19001109,2042,44,0
19001109,2043,45,0
19001109,2044,46,0
19001109,2046,47,0
19001109,2047,48,0
19001109,2048,49,0
19001109,2077,50,0
19001109,2081,51,0
19001109,2050,52,0
19001109,2051,53,0
19001109,2052,54,0
19001109,2053,55,0
19001109,1146,56,0
19001109,2056,57,0
19001109,2057,58,0
19001109,2058,59,0
19001109,2059,60,0
19001109,7031,61,0
19001109,2060,62,0
19001109,2061,63,0
19001109,2063,64,0
19001109,2064,65,0
19001109,2066,66,0
19001109,2067,67,0
19001109,2068,68,0
19001109,2069,69,0
19001109,2070,70,0
19001109,2071,71,0
19001109,2072,72,0
19001109,2073,73,0
19001109,2074,74,1
19001309,1001,1,0
19001309,1002,2,0
19001309,201320,3,0
19001309,1003,4,0
19001309,1004,5,0
19001309,1005,6,0
19001309,1006,7,0
19001309,1007,8,0
19001309,1008,9,0
19001309,1009,10,0
19001309,1010,11,0
19001309,1011,12,0
19001309,1012,13,0
19001309,1013,14,0
19001309,1014,15,0
19001309,1015,16,0
19001309,1016,17,0
19001309,1017,18,0
19001309,1018,19,0
19001309,1019,20,0
19001309,1020,21,0
19001309,7009,22,0
19001309,1021,23,0
19001309,1022,24,0
19001309,1142,25,0
19001309,1023,26,0
19001309,1024,27,0
19001309,1025,28,0
19001309,1143,29,0
19001309,1026,30,0
19001309,1028,31,0
19001309,1029,32,0
19001309,1030,33,0
19001309,1144,34,0
19001309,1031,35,0
19001309,1032,36,0
19001309,1033,37,0
19001309,1034,38,0
19001309,1035,39,0
19001309,1036,40,0
19001309,1037,41,0
19001309,1038,42,0
19001309,4037,43,0
19001309,4038,44,0
19001309,1000,45,0
19001309,1101,46,0
19001309,1145,47,0
19001309,1039,48,0
19001309,1040,49,0
19001309,1041,50,0
19001309,1042,51,0
19001309,1043,52,0
19001309,1044,53,0
19001309,1046,54,0
19001309,1047,55,0
19001309,1048,56,0
19001309,1049,57,0
19001309,1050,58,0
19001309,1051,59,0
19001309,1052,60,0
19001309,1053,61,0
19001309,1054,62,0
19001309,1055,63,0
19001309,1056,64,0
19001309,1057,65,0
19001309,1058,66,0
19001309,1059,67,0
19001309,1060,68,0
19001309,7019,69,0
19001309,1062,70,0
19001309,1063,71,0
19001309,1064,72,0
19001309,1065,73,0
19001309,1066,74,0
19001309,1070,75,0
19001309,7021,76,0
19001309,2072,77,0
19001309,2073,78,0
19001309,2074,79,1
19001509,5104,1,0
19001509,7002,2,0
19001509,5002,3,0
19001509,5003,4,0
19001509,5004,5,0
19001509,201350,6,0
19001509,5017,7,0
19001509,5018,8,0
19001509,5019,9,0
19001509,5020,10,0
19001509,5021,11,0
19001509,5022,12,0
19001509,5023,13,0
19001509,5024,14,0
19001509,5025,15,0
19001509,5026,16,0
19001509,4091,17,0
19001509,4092,18,0
19001509,4093,19,0
19001509,4094,20,0
19001509,4095,21,0
19001509,4096,22,0
19001509,4097,23,0
19001509,4098,24,0
19001509,4099,25,0
19001509,201346,26,0
19001509,5000,27,0
19001509,5001,28,0
19001509,5007,29,0
19001509,5008,30,0
19001509,201349,31,0
19001509,2037,32,0
19001509,4037,33,0
19001509,4038,34,0
19001509,1000,35,0
19001509,10001,36,0
19001509,5027,37,0
19001509,5028,38,0
19001509,5029,39,0
19001509,5030,40,0
19001509,5031,41,0
19001509,5032,42,0
19001509,5039,43,0
19001509,5033,44,0
19001509,5034,45,0
19001509,5035,46,0
19001509,5036,47,0
19001509,5050,48,0
19001509,5051,49,0
19001509,1072,50,0
19001509,1073,51,0
19001509,1074,52,0
19001509,5041,53,0
19001509,5042,54,0
19001509,5044,55,0
19001509,5052,56,0
19001509,5053,57,0
19001509,5045,58,0
19001509,5054,59,0
19001509,5055,60,0
19001509,5046,61,0
19001509,5047,62,0
19001509,5048,63,0
19001509,10010,64,1
19001709,4000,1,0
19001709,4001,2,0
19001709,4002,3,0
19001709,4003,4,0
19001709,4004,5,0
19001709,4005,6,0
19001709,4006,7,0
19001709,201351,8,0
19001709,8022,9,0
19001709,4008,10,0
19001709,4009,11,0
19001709,4010,12,0
19001709,4011,13,0
19001709,4012,14,0
19001709,4013,15,0
19001709,4014,16,0
19001709,4016,17,0
19001709,4017,18,0
19001709,4018,19,0
19001709,4019,20,0
19001709,4020,21,0
19001709,4021,22,0
19001709,7003,23,0
19001709,4022,24,0
19001709,4023,25,0
19001709,4024,26,0
19001709,4025,27,0
19001709,4026,28,0
19001709,4027,29,0
19001709,4028,30,0
19001709,7004,31,0
19001709,4029,32,0
19001709,4030,33,0
19001709,4031,34,0
19001709,4032,35,0
19001709,4033,36,0
19001709,4034,37,0
19001709,4035,38,0
19001709,4036,39,0
19001709,2036,40,0
19001709,2037,41,0
19001709,4037,42,0
19001709,4038,43,0
19001709,1000,44,0
19001709,2041,45,0
19001709,2065,46,0
19001709,1204,47,0
19001709,1205,48,0
19001709,4039,49,0
19001709,4040,50,0
19001709,4041,51,0
19001709,201304,52,0
19001709,201303,53,0
19001709,10004,54,0
19001709,201302,55,0
19001709,7023,56,0
19001709,4042,57,0
19001709,4043,58,0
19001709,4044,59,0
19001709,1206,60,0
19001709,10016,61,0
19001709,4045,62,0
19001709,2071,63,0
19001709,2072,64,0
19001709,2073,65,0
19001709,2074,66,1
