'JAN2024-RMKBLK-Weekday-01',2000,73100,0,'26',2,11600,0,'26',2,88400,0,'26',2,11600,0,'26',2
'JAN2024-RMKBLK-Saturday-01',14001200,80700,0,'9',2,10000,0,'9',2,10000,0,'9',2,10000,0,'9',2,10000,0,'9',2,10000,0,'9',2,10000,0,'9',2,10000,0,'9',2,10000,0,'9',2,10000,0,'9',2,10000,0,'9',2,9600,0,'9',2,10000,0,'9',2,10000,0,'9',2,10000,0,'9',2,10000,0,'9',2
'JAN2024-RMKBLK-Weekday-01',14001200,70300,0,'9',2,3000,0,'9',2,7000,0,'9',2,3000,0,'9',2,7000,0,'9',2,3000,0,'9',2,7800,0,'9',2,10000,0,'9',2,10000,0,'9',2,10000,0,'9',2,10000,0,'9',2,10000,0,'9',2,10000,0,'9',2,10000,0,'9',2,2200,0,'9',2,7000,0,'9',2,3000,0,'9',2,7000,0,'9',2,10000,0,'9',2,10000,0,'9',2,10000,0,'9',2,10000,0,'9',2
'JAN2024-RMKBLK-Saturday-01',19001101,70400,0,'8',2,9900,0,'8',2,10100,0,'8',2,10000,0,'8',2,10200,0,'8',2,9800,0,'8',2,10200,0,'8',2,9800,0,'8',2,10000,0,'8',2,10400,0,'8',2,10000,0,'8',2,10000,0,'8',2,10000,0,'8',2,10000,0,'8',2,10000,0,'8',2,10000,0,'8',2
'JAN2024-RMKBLK-Weekday-01',19001101,70800,0,'8',2,3000,0,'8',2,6500,0,'8',2,3000,0,'8',2,8000,0,'8',2,3000,0,'8',2,7000,0,'8',2,9300,0,'8',2,10700,0,'8',2,9300,0,'8',2,9800,0,'8',2,10000,0,'8',2,10000,0,'8',2,10000,0,'8',2,3000,0,'8',2,7000,0,'8',2,3000,0,'8',2,7400,0,'8',2,10000,0,'8',2,10000,0,'8',2,10000,0,'8',2
'JAN2024-RMKBLK-Saturday-01',19001301,70800,0,'10',2,9500,0,'10',2,10500,0,'10',2,10000,0,'10',2,10000,0,'10',2,10000,0,'10',2,10000,0,'10',2,10000,0,'10',2,10000,0,'10',2,10000,0,'10',2,10000,0,'10',2,10000,0,'10',2,10000,0,'10',2,10000,0,'10',2,10000,0,'10',2,10000,0,'10',2
'JAN2024-RMKBLK-Weekday-01',19001301,70800,0,'10',2,3000,0,'10',2,6500,0,'10',2,3000,0,'10',2,7100,0,'10',2,3000,0,'10',2,7000,0,'10',2,10000,0,'10',2,10000,0,'10',2,10000,0,'10',2,10000,0,'10',2,10000,0,'10',2,10000,0,'10',2,10000,0,'10',2,3000,0,'10',2,7000,0,'10',2,3000,0,'10',2,7000,0,'10',2,10000,0,'10',2,10000,0,'10',2,10000,0,'10',2
'JAN2024-RMKBLK-Saturday-01',19001501,71200,0,'12',2,10000,0,'12',2,10000,0,'12',2,10000,0,'12',2,10000,0,'12',2,10000,0,'12',2,10000,0,'12',2,10000,0,'12',2,10000,0,'12',2,10000,0,'12',2,10000,0,'12',2,10000,0,'12',2,10000,0,'12',2,10000,0,'12',2,10000,0,'12',2
'JAN2024-RMKBLK-Weekday-01',19001501,70400,0,'12',2,2900,0,'12',2,7000,0,'12',2,3000,0,'12',2,7100,0,'12',2,3400,0,'22',2,6600,0,'12',2,10000,0,'12',2,10000,0,'12',2,10000,0,'12',2,10000,0,'12',2,10000,0,'12',2,10000,0,'12',2,10000,0,'12',2,3000,0,'22',2,7400,0,'12',2,2600,0,'22',2,7400,0,'12',2,10000,0,'12',2,10000,0,'12',2
'JAN2024-RMKBLK-Saturday-01',19001701,70600,0,'14',2,9900,0,'14',2,10100,0,'14',2,10000,0,'14',2,10000,0,'14',2,10000,0,'14',2,10600,0,'14',2,10000,0,'14',2,10000,0,'14',2,10000,0,'14',2,10000,0,'14',2,10000,0,'14',2,10000,0,'14',2,10000,0,'14',2,10000,0,'14',2,9200,0,'14',2,10000,0,'14',2
'JAN2024-RMKBLK-Weekday-01',19001701,63400,0,'14',2,7000,0,'14',2,3000,0,'14',2,6900,0,'14',2,3000,0,'14',2,7100,0,'14',2,3400,0,'14',2,6600,0,'14',2,10000,0,'14',2,10000,0,'14',2,10000,0,'14',2,10000,0,'14',2,10000,0,'14',2,10000,0,'14',2,3000,0,'14',2,7000,0,'14',2,3000,0,'14',2,7000,0,'14',2,3400,0,'14',2,6600,0,'14',2,10000,0,'14',2,10000,0,'14',2,10000,0,'14',2,10000,0,'14',2
