'JAN2024-RMKBLK-Saturday-01',11600,73800,0,'15',2,10000,0,'15',2,10000,0,'15',2,10000,0,'15',2,10000,0,'15',2,10000,0,'15',2,10000,0,'15',2,10000,0,'15',2,10000,0,'15',2,10000,0,'15',2,10000,0,'15',2,10000,0,'15',2,10000,0,'15',2,10000,0,'15',2,10000,0,'15',2
'JAN2024-RMKBLK-Weekday-01',11600,63800,0,'15',2,7000,0,'15',2,3000,0,'15',2,7000,0,'15',2,3000,0,'15',2,7000,0,'15',2,3000,0,'15',2,10000,0,'15',2,10000,0,'15',2,10000,0,'15',2,10000,0,'15',2,10000,0,'15',2,10000,0,'15',2,10000,0,'15',2,7000,0,'15',2,3000,0,'15',2,7000,0,'15',2,3000,0,'15',2,10000,0,'15',2,10000,0,'15',2,10000,0,'15',2
'JAN2024-RMKBLK-Saturday-01',14001000,73800,0,'7',2,10000,0,'7',2,10000,0,'7',2,10000,0,'7',2,10000,0,'7',2,10000,0,'7',2,10000,0,'7',2,10000,0,'7',2,10000,0,'7',2,10000,0,'7',2,10000,0,'7',2,10000,0,'7',2,10000,0,'7',2,10000,0,'7',2,10000,0,'7',2,10000,0,'7',2
'JAN2024-RMKBLK-Weekday-01',14001000,63800,0,'7',2,7000,0,'7',2,3000,0,'7',2,7000,0,'7',2,3000,0,'7',2,7000,0,'7',2,3000,0,'7',2,7000,0,'7',2,3000,0,'7',2,7000,0,'7',2,3000,0,'7',2,7000,0,'7',2,3000,0,'7',2,7000,0,'7',2,3000,0,'7',2,7000,0,'7',2,3000,0,'7',2,7000,0,'7',2,3000,0,'7',2,7000,0,'7',2,3000,0,'7',2,7000,0,'7',2,3000,0,'7',2,7000,0,'7',2,3000,0,'7',2,10000,0,'7',2,10000,0,'7',2,10000,0,'7',2,10000,0,'7',2
'JAN2024-RMKBLK-Saturday-01',14001200,74200,0,'9',2,10000,0,'9',2,10000,0,'9',2,10000,0,'9',2,10000,0,'9',2,10000,0,'9',2,10000,0,'9',2,10000,0,'9',2,10000,0,'9',2,10000,0,'9',2,10000,0,'9',2,10000,0,'9',2,10000,0,'9',2,10000,0,'9',2,10000,0,'9',2,10000,0,'9',2
'JAN2024-RMKBLK-Weekday-01',14001200,64200,0,'9',2,7000,0,'9',2,3000,0,'9',2,7000,0,'9',2,3000,0,'9',2,7000,0,'9',2,3000,0,'9',2,10000,0,'9',2,10000,0,'9',2,10000,0,'9',2,10000,0,'9',2,10000,0,'9',2,10000,0,'9',2,10000,0,'9',2,7000,0,'9',2,3000,0,'9',2,7000,0,'9',2,3000,0,'9',2,10000,0,'9',2,10000,0,'9',2,10000,0,'9',2,10000,0,'9',2
'JAN2024-RMKBLK-Saturday-01',19001101,73800,4,'',2,10000,4,'',2,10000,4,'',2,10000,4,'',2,10000,4,'',2,10000,4,'',2,10000,4,'',2,10000,4,'',2,10000,4,'',2,10000,4,'',2,10000,4,'',2,10000,4,'',2,10000,4,'',2,10000,4,'',2,10000,4,'',2,10000,4,'',2
'JAN2024-RMKBLK-Weekday-01',19001101,63800,4,'',2,7000,4,'',2,3000,4,'',2,1300,4,'',2,5700,4,'',2,1300,4,'',2,1700,4,'',2,1300,4,'',2,5700,4,'',2,1300,4,'',2,1700,4,'',2,1300,4,'',2,5700,4,'',2,1300,4,'',2,1700,4,'',2,7000,4,'',2,3000,4,'',2,7000,4,'',2,3000,4,'',2,7000,4,'',2,3000,4,'',2,7000,4,'',2,3000,4,'',2,7000,4,'',2,3000,4,'',2,7000,4,'',2,3000,4,'',2,7000,4,'',2,3000,4,'',2,7000,4,'',2,3000,4,'',2,10000,4,'',2,10000,4,'',2,10000,4,'',2,10000,4,'',2
'JAN2024-RMKBLK-Saturday-01',19001301,73600,4,'',2,10000,4,'',2,10000,4,'',2,10000,4,'',2,10000,4,'',2,10000,4,'',2,10000,4,'',2,10000,4,'',2,10000,4,'',2,10000,4,'',2,10000,4,'',2,10000,4,'',2,10000,4,'',2,10000,4,'',2,10000,4,'',2,10000,4,'',2
'JAN2024-RMKBLK-Weekday-01',19001301,63600,4,'',2,7000,4,'',2,3000,4,'',2,7000,4,'',2,3000,4,'',2,7000,4,'',2,3000,4,'',2,10000,4,'',2,10000,4,'',2,10000,4,'',2,10000,4,'',2,10000,4,'',2,10000,4,'',2,10000,4,'',2,7000,4,'',2,3000,4,'',2,7000,4,'',2,3000,4,'',2,10000,4,'',2,10000,4,'',2,10000,4,'',2,10000,4,'',2
'JAN2024-RMKBLK-Saturday-01',19001701,73200,4,'',2,10000,4,'',2,10000,4,'',2,10000,4,'',2,10000,4,'',2,10000,4,'',2,10000,4,'',2,10000,4,'',2,10000,4,'',2,10000,4,'',2,10000,4,'',2,10000,4,'',2,10000,4,'',2,10000,4,'',2,10000,4,'',2
'JAN2024-RMKBLK-Weekday-01',19001701,63200,4,'',2,7000,4,'',2,3000,4,'',2,7000,4,'',2,3000,4,'',2,7000,4,'',2,3000,4,'',2,10000,4,'',2,10000,4,'',2,10000,4,'',2,10000,4,'',2,10000,4,'',2,10000,4,'',2,7000,4,'',2,3000,4,'',2,7000,4,'',2,3000,4,'',2,7000,4,'',2,3000,4,'',2,10000,4,'',2,10000,4,'',2,10000,4,'',2
