'SA',1609,63200,70800,1800
'SA',1609,71000,73300,1800
'SA',1609,74400,83800,3600
'SA',1609,84400,113800,3600
'SA',1609,114400,133800,3600
'SA',1609,134400,153800,3600
'SA',1609,154400,203800,3600
'SA',1609,204400,213800,3600
'SA',1609,214400,223800,3600
'WD',1609,61000,61500,900
'WD',1609,63200,70800,1800
'WD',1609,64400,90800,1800
'WD',1609,84400,113800,3600
'WD',1609,91400,94000,1800
'WD',1609,114400,133800,3600
'WD',1609,134400,153800,3600
'WD',1609,154400,183800,1800
'WD',1609,154500,160800,1800
'WD',1609,181400,184000,1800
'WD',1609,184400,203800,3600
'WD',1609,204400,213800,3600
'WD',1609,214400,223800,3600
