'SA',1104,64500,73800,1800
'SA',1104,74000,83800,1800
'SA',1104,84500,103800,3600
'SA',1104,104500,133800,7200
'SA',1104,114500,123800,1800
'SA',1104,134500,223800,3600
'SA',1104,223500,225000,1800
'WD',1104,61500,70800,1800
'WD',1104,64500,80800,1800
'WD',1104,73000,75100,1800
'WD',1104,74000,90800,1800
'WD',1104,84500,103800,1800
'WD',1104,104500,133800,7200
'WD',1104,104500,170800,3600
'WD',1104,114500,123800,1800
'WD',1104,134500,223800,3600
'WD',1104,171500,183500,3600
'WD',1104,223500,225000,1800
