'SA',14001409,62300,64000,1800
'SA',14001409,71000,73500,1800
'SA',14001409,74300,94000,3600
'SA',14001409,94300,104000,1800
'SA',14001409,104300,134000,3600
'SA',14001409,134300,154000,3600
'SA',14001409,154300,224000,3600
'WD',14001409,62300,64000,1800
'WD',14001409,64300,94000,1800
'WD',14001409,64500,71000,1800
'WD',14001409,91300,94000,1800
'WD',14001409,94300,104000,1800
'WD',14001409,104300,134000,3600
'WD',14001409,134300,154000,3600
'WD',14001409,154300,224000,3600
'WD',14001409,164500,171000,3600
'WD',14001409,171300,181000,1800
