1003,2074,1,0
1003,201316,2,0
1003,201315,3,0
1003,201318,4,0
1003,2075,5,0
1003,2076,6,0
1003,2078,7,0
1003,2079,8,0
1003,2080,9,0
1003,7028,10,0
1003,2083,11,0
1003,2085,12,0
1003,2086,13,0
1003,7033,14,0
1003,2087,15,0
1003,2088,16,0
1003,2089,17,0
1003,2090,18,0
1003,2091,19,0
1003,2092,20,0
1003,2094,21,0
1003,2095,22,0
1003,2096,23,0
1003,2097,24,0
1003,2098,25,0
1003,2099,26,0
1003,2100,27,0
1003,2101,28,0
1003,2102,29,0
1003,2103,30,0
1003,6104,31,0
1003,6105,32,0
1003,10001,33,0
1003,1000,34,0
1003,1101,35,0
1003,2105,36,0
1003,2106,37,0
1003,2104,38,0
1003,2108,39,0
1003,2109,40,0
1003,2110,41,0
1003,2111,42,0
1003,2112,43,0
1003,2113,44,0
1003,2114,45,0
1003,2115,46,0
1003,2116,47,0
1003,2117,48,0
1003,201353,49,0
1003,2118,50,0
1003,2119,51,0
1003,2120,52,0
1003,2121,53,0
1003,2122,54,0
1003,2123,55,0
1003,2124,56,0
1003,2125,57,0
1003,2126,58,0
1003,2127,59,0
1003,2128,60,0
1003,2129,61,0
1003,2130,62,0
1003,2131,63,0
1003,2132,64,0
1003,2133,65,0
1003,2134,66,0
1003,2135,67,0
1003,2137,68,0
1003,2138,69,0
1003,2139,70,0
1003,2140,71,0
1003,2141,72,0
1003,2001,73,1
1104,2001,1,0
1104,2002,2,0
1104,2003,3,0
1104,2004,4,0
1104,2005,5,0
1104,2006,6,0
1104,2007,7,0
1104,2008,8,0
1104,2009,9,0
1104,2010,10,0
1104,2011,11,0
1104,2012,12,0
1104,2013,13,0
1104,2014,14,0
1104,2015,15,0
1104,2016,16,0
1104,2018,17,0
1104,2019,18,0
1104,2020,19,0
1104,2021,20,0
1104,2022,21,0
1104,2023,22,0
1104,2024,23,0
1104,201353,24,0
1104,2025,25,0
1104,2026,26,0
1104,2027,27,0
1104,2028,28,0
1104,2029,29,0
1104,2030,30,0
1104,2031,31,0
1104,2032,32,0
1104,2033,33,0
1104,2034,34,0
1104,2035,35,0
1104,2036,36,0
1104,2037,37,0
1104,4037,38,0
1104,2038,39,0
1104,1000,40,0
1104,2041,41,0
1104,2042,42,0
1104,2043,43,0
1104,2044,44,0
1104,2045,45,0
1104,2046,46,0
1104,2047,47,0
1104,2048,48,0
1104,2049,49,0
1104,2050,50,0
1104,2051,51,0
1104,2052,52,0
1104,2053,53,0
1104,2055,54,0
1104,2056,55,0
1104,2057,56,0
1104,2058,57,0
1104,2059,58,0
1104,7031,59,0
1104,2060,60,0
1104,2061,61,0
1104,2063,62,0
1104,2064,63,0
1104,2066,64,0
1104,2067,65,0
1104,2068,66,0
1104,2069,67,0
1104,2070,68,0
1104,2071,69,0
1104,2072,70,0
1104,2073,71,0
1104,2074,72,1
1203,2074,1,0
1203,201316,2,0
1203,201315,3,0
1203,201318,4,0
1203,2075,5,0
1203,5040,6,0
1203,8005,7,0
1203,1071,8,0
1203,1072,9,0
1203,1073,10,0
1203,1074,11,0
1203,1075,12,0
1203,1076,13,0
1203,1077,14,0
1203,1078,15,0
1203,1079,16,0
1203,1080,17,0
1203,1081,18,0
1203,1082,19,0
1203,1083,20,0
1203,1084,21,0
1203,1085,22,0
1203,1086,23,0
1203,1087,24,0
1203,1088,25,0
1203,1089,26,0
1203,1090,27,0
1203,1091,28,0
1203,1092,29,0
1203,1093,30,0
1203,1094,31,0
1203,1095,32,0
1203,1096,33,0
1203,1097,34,0
1203,1098,35,0
1203,1099,36,0
1203,1100,37,0
1203,2038,38,0
1203,1000,39,0
1203,10001,40,0
1203,1101,41,0
1203,1102,42,0
1203,1103,43,0
1203,1104,44,0
1203,1105,45,0
1203,1106,46,0
1203,201319,47,0
1203,1110,48,0
1203,1111,49,0
1203,1112,50,0
1203,1113,51,0
1203,1114,52,0
1203,1115,53,0
1203,1116,54,0
1203,1117,55,0
1203,1118,56,0
1203,1119,57,0
1203,1120,58,0
1203,1121,59,0
1203,1122,60,0
1203,1123,61,0
1203,7008,62,0
1203,1124,63,0
1203,1125,64,0
1203,1126,65,0
1203,1127,66,0
1203,1128,67,0
1203,7010,68,0
1203,1129,69,0
1203,1130,70,0
1203,1131,71,0
1203,1132,72,0
1203,1133,73,0
1203,1134,74,0
1203,1135,75,0
1203,1136,76,0
1203,1137,77,0
1203,1138,78,0
1203,1139,79,0
1203,8019,80,0
1203,1140,81,0
1203,1001,82,1
1304,1001,1,0
1304,1002,2,0
1304,201320,3,0
1304,1003,4,0
1304,1004,5,0
1304,1005,6,0
1304,1006,7,0
1304,1007,8,0
1304,1008,9,0
1304,1009,10,0
1304,1010,11,0
1304,1011,12,0
1304,1012,13,0
1304,1013,14,0
1304,1014,15,0
1304,1015,16,0
1304,1016,17,0
1304,1017,18,0
1304,1018,19,0
1304,1019,20,0
1304,1020,21,0
1304,7009,22,0
1304,1021,23,0
1304,1022,24,0
1304,1023,25,0
1304,1024,26,0
1304,1025,27,0
1304,1026,28,0
1304,1027,29,0
1304,1028,30,0
1304,1029,31,0
1304,1030,32,0
1304,1031,33,0
1304,1032,34,0
1304,1033,35,0
1304,1034,36,0
1304,1035,37,0
1304,1036,38,0
1304,1037,39,0
1304,1038,40,0
1304,4037,41,0
1304,2038,42,0
1304,1000,43,0
1304,1101,44,0
1304,1039,45,0
1304,1040,46,0
1304,1041,47,0
1304,1042,48,0
1304,1043,49,0
1304,1044,50,0
1304,1045,51,0
1304,1046,52,0
1304,1047,53,0
1304,1048,54,0
1304,1049,55,0
1304,1050,56,0
1304,1051,57,0
1304,1052,58,0
1304,1053,59,0
1304,1054,60,0
1304,1055,61,0
1304,1056,62,0
1304,1057,63,0
1304,1058,64,0
1304,1059,65,0
1304,1060,66,0
1304,1061,67,0
1304,7019,68,0
1304,1062,69,0
1304,1063,70,0
1304,1064,71,0
1304,1065,72,0
1304,1066,73,0
1304,1070,74,0
1304,7021,75,0
1304,2072,76,0
1304,2073,77,0
1304,2074,78,1
1403,10010,1,0
1403,5106,2,0
1403,5105,3,0
1403,5060,4,0
1403,7017,5,0
1403,5062,6,0
1403,5063,7,0
1403,5065,8,0
1403,5066,9,0
1403,1063,10,0
1403,1064,11,0
1403,1065,12,0
1403,1066,13,0
1403,1070,14,0
1403,7021,15,0
1403,2076,16,0
1403,5068,17,0
1403,5069,18,0
1403,5070,19,0
1403,5071,20,0
1403,5072,21,0
1403,5073,22,0
1403,5074,23,0
1403,1201,24,0
1403,5075,25,0
1403,5078,26,0
1403,5077,27,0
1403,1000,28,0
1403,10001,29,0
1403,1101,30,0
1403,2106,31,0
1403,201321,32,0
1403,201348,33,0
1403,201347,34,0
1403,201346,35,0
1403,201345,36,0
1403,201344,37,0
1403,201342,38,0
1403,201341,39,0
1403,2107,40,0
1403,1202,41,0
1403,1200,42,0
1403,5079,43,0
1403,5080,44,0
1403,5082,45,0
1403,5083,46,0
1403,1203,47,0
1403,5084,48,0
1403,5085,49,0
1403,5092,50,0
1403,8028,51,0
1403,5013,52,0
1403,5093,53,0
1403,5094,54,0
1403,5095,55,0
1403,5096,56,0
1403,5097,57,0
1403,5098,58,0
1403,5006,59,0
1403,5099,60,0
1403,5100,61,0
1403,5102,62,0
1403,5104,63,1
1504,5104,1,0
1504,7002,2,0
1504,5002,3,0
1504,5003,4,0
1504,5004,5,0
1504,201350,6,0
1504,5017,7,0
1504,5018,8,0
1504,5019,9,0
1504,5020,10,0
1504,5021,11,0
1504,5022,12,0
1504,5023,13,0
1504,5024,14,0
1504,5025,15,0
1504,5026,16,0
1504,4091,17,0
1504,4092,18,0
1504,4093,19,0
1504,4094,20,0
1504,4095,21,0
1504,4096,22,0
1504,4097,23,0
1504,4098,24,0
1504,4099,25,0
1504,201346,26,0
1504,5000,27,0
1504,5001,28,0
1504,5007,29,0
1504,5008,30,0
1504,201349,31,0
1504,2037,32,0
1504,4037,33,0
1504,4038,34,0
1504,1000,35,0
1504,10001,36,0
1504,5027,37,0
1504,5028,38,0
1504,5029,39,0
1504,5030,40,0
1504,5031,41,0
1504,5032,42,0
1504,5039,43,0
1504,5033,44,0
1504,5034,45,0
1504,5035,46,0
1504,5036,47,0
1504,5050,48,0
1504,5051,49,0
1504,1072,50,0
1504,1073,51,0
1504,1074,52,0
1504,5041,53,0
1504,5042,54,0
1504,5044,55,0
1504,5052,56,0
1504,5053,57,0
1504,5045,58,0
1504,5054,59,0
1504,5055,60,0
1504,5046,61,0
1504,5047,62,0
1504,5048,63,0
1504,10010,64,1
1603,201316,1,0
1603,201315,2,0
1603,201317,3,0
1603,10003,4,0
1603,201318,5,0
1603,2075,6,0
1603,2076,7,0
1603,4046,8,0
1603,10016,9,0
1603,4047,10,0
1603,4048,11,0
1603,4049,12,0
1603,7024,13,0
1603,201301,14,0
1603,7025,15,0
1603,201305,16,0
1603,4050,17,0
1603,4051,18,0
1603,4052,19,0
1603,4053,20,0
1603,6104,21,0
1603,6105,22,0
1603,10001,23,0
1603,1000,24,0
1603,1101,25,0
1603,2105,26,0
1603,2106,27,0
1603,4054,28,0
1603,4055,29,0
1603,4056,30,0
1603,4057,31,0
1603,4058,32,0
1603,4059,33,0
1603,4060,34,0
1603,4061,35,0
1603,4062,36,0
1603,4063,37,0
1603,4064,38,0
1603,4065,39,0
1603,4066,40,0
1603,4067,41,0
1603,4068,42,0
1603,4069,43,0
1603,4070,44,0
1603,4071,45,0
1603,4072,46,0
1603,4073,47,0
1603,4074,48,0
1603,4075,49,0
1603,4076,50,0
1603,4077,51,0
1603,4078,52,0
1603,4079,53,0
1603,8023,54,0
1603,10005,55,0
1603,10006,56,0
1603,10007,57,0
1603,8024,58,0
1603,8026,59,0
1603,8025,60,0
1603,10008,61,0
1603,10009,62,0
1603,4080,63,0
1603,4081,64,0
1603,4082,65,0
1603,4083,66,0
1603,8021,67,0
1603,4084,68,0
1603,4085,69,0
1603,4086,70,0
1603,4087,71,0
1603,4088,72,0
1603,4089,73,0
1603,4090,74,0
1603,4000,75,1
1704,4000,1,0
1704,4001,2,0
1704,4002,3,0
1704,4003,4,0
1704,4004,5,0
1704,4005,6,0
1704,4006,7,0
1704,201351,8,0
1704,8022,9,0
1704,4008,10,0
1704,4009,11,0
1704,4010,12,0
1704,4011,13,0
1704,8023,14,0
1704,10005,15,0
1704,10006,16,0
1704,10007,17,0
1704,8024,18,0
1704,8026,19,0
1704,8025,20,0
1704,10008,21,0
1704,10009,22,0
1704,4012,23,0
1704,4013,24,0
1704,4014,25,0
1704,4015,26,0
1704,4016,27,0
1704,4017,28,0
1704,4018,29,0
1704,4019,30,0
1704,4020,31,0
1704,4021,32,0
1704,7003,33,0
1704,4022,34,0
1704,4023,35,0
1704,4024,36,0
1704,4025,37,0
1704,4026,38,0
1704,4027,39,0
1704,4028,40,0
1704,7004,41,0
1704,4029,42,0
1704,4030,43,0
1704,4031,44,0
1704,4032,45,0
1704,4033,46,0
1704,4034,47,0
1704,4035,48,0
1704,4036,49,0
1704,2036,50,0
1704,2037,51,0
1704,4037,52,0
1704,2038,53,0
1704,1000,54,0
1704,2041,55,0
1704,4039,56,0
1704,4040,57,0
1704,4041,58,0
1704,201304,59,0
1704,201303,60,0
1704,10004,61,0
1704,201302,62,0
1704,7023,63,0
1704,4042,64,0
1704,4043,65,0
1704,4044,66,0
1704,10016,67,0
1704,4045,68,0
1704,2071,69,0
1704,2072,70,0
1704,2073,71,0
1704,2074,72,1
1801,6028,1,0
1801,8018,2,0
1801,6029,3,0
1801,6030,4,0
1801,6031,5,0
1801,6032,6,0
1801,6033,7,0
1801,6035,8,0
1801,6036,9,0
1801,6037,10,0
1801,6038,11,0
1801,6039,12,0
1801,6040,13,0
1801,6041,14,0
1801,6042,15,0
1801,6043,16,0
1801,6044,17,0
1801,6045,18,0
1801,6046,19,0
1801,6047,20,0
1801,6048,21,0
1801,7016,22,0
1801,6049,23,0
1801,6050,24,0
1801,6051,25,0
1801,6052,26,0
1801,1100,27,0
1801,2038,28,0
1801,1000,29,1
1802,10001,1,0
1802,1101,2,0
1802,4037,3,0
1802,6001,4,0
1802,6002,5,0
1802,6003,6,0
1802,6004,7,0
1802,6005,8,0
1802,6006,9,0
1802,6007,10,0
1802,6008,11,0
1802,6009,12,0
1802,6010,13,0
1802,6011,14,0
1802,6012,15,0
1802,7015,16,0
1802,6013,17,0
1802,6014,18,0
1802,6015,19,0
1802,6016,20,0
1802,6017,21,0
1802,6018,22,0
1802,8014,23,0
1802,8015,24,0
1802,8016,25,0
1802,6019,26,0
1802,6020,27,0
1802,8017,28,0
1802,6021,29,0
1802,6022,30,0
1802,6023,31,0
1802,6024,32,0
1802,6025,33,0
1802,6026,34,0
1802,6027,35,0
1802,6028,36,1
2001,1000,1,0
2001,2041,2,0
2001,2042,3,0
2001,2043,4,0
2001,2044,5,0
2001,2045,6,0
2001,2046,7,0
2001,2047,8,0
2001,2048,9,0
2001,2049,10,0
2001,6053,11,0
2001,6054,12,0
2001,6055,13,0
2001,201352,14,0
2001,6056,15,0
2001,6057,16,0
2001,6058,17,0
2001,6059,18,0
2001,6060,19,0
2001,6061,20,0
2001,6062,21,0
2001,6063,22,0
2001,6093,23,0
2001,6108,24,0
2001,6064,25,0
2001,6065,26,0
2001,6066,27,0
2001,6067,28,0
2001,6068,29,0
2001,6069,30,0
2001,6070,31,0
2001,6071,32,0
2001,6072,33,0
2001,6073,34,0
2001,6074,35,0
2001,6075,36,0
2001,6076,37,0
2001,6077,38,0
2001,6078,39,0
2001,6081,40,0
2001,6082,41,0
2001,7035,42,1
2002,6078,1,0
2002,6079,2,0
2002,6080,3,0
2002,6107,4,0
2002,6106,5,0
2002,6081,6,0
2002,6082,7,0
2002,7035,8,0
2002,6083,9,0
2002,6084,10,0
2002,6085,11,0
2002,6086,12,0
2002,6087,13,0
2002,6088,14,0
2002,6089,15,0
2002,6090,16,0
2002,6091,17,0
2002,6092,18,0
2002,6093,19,0
2002,6094,20,0
2002,6095,21,0
2002,6096,22,0
2002,6097,23,0
2002,6098,24,0
2002,6099,25,0
2002,6100,26,0
2002,6101,27,0
2002,6102,28,0
2002,6103,29,0
2002,2098,30,0
2002,2099,31,0
2002,2100,32,0
2002,2101,33,0
2002,2102,34,0
2002,2103,35,0
2002,6104,36,0
2002,6105,37,0
2002,10001,38,1
11603,2074,1,0
11603,201316,2,0
11603,201315,3,0
11603,201314,4,0
11603,201312,5,0
11603,201310,6,0
11603,201307,7,0
11603,8002,8,0
11603,3049,9,0
11603,3050,10,0
11603,3051,11,0
11603,3052,12,0
11603,3053,13,0
11603,3054,14,0
11603,3055,15,0
11603,3056,16,0
11603,3057,17,0
11603,2090,18,0
11603,2091,19,0
11603,2092,20,0
11603,2094,21,0
11603,3016,22,0
11603,3017,23,0
11603,201338,24,0
11603,201334,25,0
11603,201333,26,0
11603,201332,27,0
11603,201331,28,0
11603,201330,29,0
11603,201329,30,0
11603,201328,31,0
11603,201327,32,0
11603,201326,33,0
11603,201325,34,0
11603,201324,35,0
11603,201323,36,0
11603,6101,37,0
11603,6102,38,0
11603,6103,39,0
11603,2098,40,0
11603,2099,41,0
11603,2048,42,0
11603,7031,43,0
11603,2060,44,0
11603,3062,45,0
11603,3063,46,0
11603,3064,47,0
11603,3065,48,0
11603,3066,49,0
11603,3067,50,0
11603,10001,51,0
11603,1000,52,1
21604,1000,1,0
21604,3001,2,0
21604,3002,3,0
21604,3003,4,0
21604,3004,5,0
21604,3005,6,0
21604,3006,7,0
21604,2086,8,0
21604,7033,9,0
21604,2049,10,0
21604,6053,11,0
21604,6054,12,0
21604,6055,13,0
21604,201352,14,0
21604,201322,15,0
21604,3021,16,0
21604,3022,17,0
21604,3023,18,0
21604,3024,19,0
21604,3025,20,0
21604,3027,21,0
21604,3028,22,0
21604,3029,23,0
21604,3030,24,0
21604,3031,25,0
21604,201336,26,0
21604,201340,27,0
21604,3033,28,0
21604,3034,29,0
21604,2053,30,0
21604,2055,31,0
21604,2056,32,0
21604,3040,33,0
21604,3041,34,0
21604,3042,35,0
21604,3043,36,0
21604,3044,37,0
21604,3045,38,0
21604,3046,39,0
21604,3047,40,0
21604,201306,41,0
21604,201308,42,0
21604,201309,43,0
21604,201311,44,0
21604,201313,45,0
21604,201315,46,1
