11609,'1175716',1143,,1478,9,,,0
11609,'1175732',1543,,1479,9,,,0
11609,'1175756',1343,,1480,9,,,0
11609,'1175773',2043,,1481,9,,,0
11609,'1175832',1813,,1482,9,,,0
11609,'1175843',1443,,1483,9,,,0
11609,'1175850',2143,,1484,9,,,0
11609,'1175868',1243,,1485,9,,,0
11609,'1175918',1643,,1486,9,,,0
11609,'1175942',1743,,1487,9,,,0
11609,'1175949',1713,,1488,9,,,0
11609,'1175954',943,,1489,9,,,0
11609,'1175958',1543,,1490,9,,,0
11609,'1175970',1143,,1491,9,,,0
11609,'1176003',1943,,1492,9,,,0
11609,'1176080',1343,,1493,9,,,0
11609,'1176101',1843,,1494,9,,,0
11609,'1176137',1843,,1495,9,,,0
11609,'1176153',1643,,1496,9,,,0
11609,'1176239',1243,,1497,9,,,0
11609,'1176240',743,,1498,9,,,0
11609,'1176243',643,,1499,9,,,0
11609,'1176254',813,,1500,9,,,0
11609,'1176259',2043,,1501,9,,,0
11609,'1176276',843,,1502,9,,,0
11609,'1176432',713,,1503,9,,,0
11609,'1176433',1613,,1504,9,,,0
11609,'1176442',913,,1505,9,,,0
11609,'1176443',1043,,1506,9,,,0
11609,'1176475',743,,1507,9,,,0
11609,'1176603',1743,,1508,9,,,0
11609,'1176630',2143,,1509,9,,,0
11609,'1176639',1943,,1510,9,,,0
11609,'1176641',1043,,1511,9,,,0
11609,'1176646',943,,1512,9,,,0
11609,'1176652',843,,1513,9,,,0
11609,'1176685',1443,,1514,9,,,0
16009,'1175859',1235,,1588,9,0,16 17 11,0
16009,'1176087',1335,,1589,9,0,16 17 11,0
16009,'1176112',1435,,1590,9,0,16 17 11,0
16009,'1176128',1735,,1591,9,0,16 17 11,0
16009,'1176235',1035,,1593,9,0,16 17 11,0
16009,'1176236',1635,,1594,9,0,16 17 11,0
16009,'1176410',1535,,1599,9,0,16 17 11,0
16009,'1176572',935,,1602,9,0,16 17 11,0
16009,'1176585',1135,,1603,9,0,16 17 11,0
