12009,'1142310',1346,,731,26,0,18 7,0
12009,'1142322',1646,,733,26,0,18 7,0
12009,'1142382',1759,,735,26,0,18 7,0
12009,'1142384',1546,,736,26,0,18 7,0
12009,'1142414',946,,737,26,0,18 7,0
12009,'1142500',1246,,738,26,0,18 7,0
12009,'1142738',1446,,744,26,0,18 7,0
12009,'1142794',1146,,745,26,0,18 7,0
12009,'1142813',1046,,746,26,0,18 7,0
14001609,'1142130',1920,,1014,27,,,0
14001609,'1142152',1620,,1015,27,,,0
14001609,'1142186',1920,,1016,27,,,0
14001609,'1142197',820,,1017,27,,,0
14001609,'1142215',2220,,1018,27,,,0
14001609,'1142219',2020,,1019,27,,,0
14001609,'1142234',1720,,1021,27,,,0
14001609,'1142240',850,,1023,27,,,0
14001609,'1142262',1520,,1025,27,,,0
14001609,'1142276',720,,1026,7,,,0
14001609,'1142288',1820,,1027,27,,,0
14001609,'1142311',920,,1029,27,,,0
14001609,'1142313',1320,,1030,27,,,0
14001609,'1142401',1120,,1032,27,,,0
14001609,'1142452',1420,,1033,27,,,0
14001609,'1142468',1320,,1034,27,,,0
14001609,'1142480',1650,,1036,27,,,0
14001609,'1142540',720,,1038,27,,,0
14001609,'1142548',1720,,1039,27,,,0
14001609,'1142594',1020,,1040,27,,,0
14001609,'1142614',1420,,1041,27,,,0
14001609,'1142631',920,,1042,27,,,0
14001609,'1142633',1820,,1043,27,,,0
14001609,'1142638',1750,,1044,27,,,0
14001609,'1142644',820,,1045,27,,,0
14001609,'1142658',2120,,1046,27,,,0
14001609,'1142677',1020,,1047,27,,,0
14001609,'1142688',1220,,1048,27,,,0
14001609,'1142696',2020,,1049,27,,,0
14001609,'1142711',750,,1050,27,,,0
14001609,'1142739',1120,,1052,27,,,0
14001609,'1142758',2120,,1053,27,,,0
14001609,'1142832',2220,,1055,27,,,0
14001609,'1142833',1550,,1056,27,,,0
14001609,'1142864',1520,,1057,27,,,0
14001609,'1142866',1620,,1058,27,,,0
14001609,'1142888',1220,,1061,27,,,0
