13009,'1142144',1023,,747,3,,,0
13009,'1142247',1423,,748,3,,,0
13009,'1142389',1623,,749,3,,,0
13009,'1142437',1223,,753,3,,,0
13009,'1142616',923,,755,3,,,0
13009,'1142716',1723,,758,3,,,0
13009,'1142721',1323,,760,3,,,0
13009,'1142852',1123,,763,3,,,0
13009,'1142885',1523,,764,3,,,0
14001209,'1142139',1316,,921,3,,,0
14001209,'1142151',1146,,922,3,,,0
14001209,'1142158',1516,,923,3,,,0
14001209,'1142168',1416,,924,3,,,0
14001209,'1142228',1346,,925,3,,,0
14001209,'1142235',1046,,926,3,,,0
14001209,'1142256',1216,,927,3,,,0
14001209,'1142291',1646,,928,3,,,0
14001209,'1142293',1616,,929,3,,,0
14001209,'1142309',1016,,930,3,,,0
14001209,'1142370',746,,931,3,,,0
14001209,'1142374',2246,,932,3,0,8 9,0
14001209,'1142423',1116,,933,3,,,0
14001209,'1142439',746,,934,3,,,0
14001209,'1142486',816,,935,3,,,0
14001209,'1142509',1446,,936,3,,,0
14001209,'1142542',1846,,937,3,,,0
14001209,'1142545',1046,,938,3,,,0
14001209,'1142567',946,,939,3,,,0
14001209,'1142571',1646,,940,3,,,0
14001209,'1142573',1246,,941,3,,,0
14001209,'1142591',1746,,942,3,,,0
14001209,'1142598',846,,943,3,,,0
14001209,'1142600',716,,944,3,,,0
14001209,'1142650',2146,,945,3,,,0
14001209,'1142656',1816,,946,3,0,8 9,0
14001209,'1142691',1746,,947,3,,,0
14001209,'1142694',1246,,948,3,,,0
14001209,'1142710',2146,,949,3,,,0
14001209,'1142742',646,,951,3,,,0
14001209,'1142760',916,,952,3,,,0
14001209,'1142766',1146,,953,3,,,0
14001209,'1142771',1716,,954,3,,,0
14001209,'1142778',1546,,955,3,,,0
14001209,'1142786',2046,,956,3,,,0
14001209,'1142797',1946,,957,3,,,0
14001209,'1142806',1346,,958,3,,,0
14001209,'1142815',2246,,959,3,0,8 9,0
14001209,'1142817',1546,,960,3,,,0
14001209,'1142820',1846,,961,3,,,0
14001209,'1142837',846,,962,3,,,0
14001209,'1142854',946,,963,3,,,0
14001209,'1142855',2046,,964,3,,,0
14001209,'1142858',1446,,965,3,,,0
14001209,'1142869',1946,,966,3,,,0
