12009,'1175745',1601,,1515,41,,,0
12009,'1175747',1501,,1516,41,,,0
12009,'1175827',1201,,1517,41,,,0
12009,'1175839',1814,,1518,41,,,0
12009,'1176031',1101,,1523,41,,,0
12009,'1176149',1301,,1525,41,,,0
12009,'1176417',1401,,1527,41,,,0
12009,'1176471',1701,,1529,41,,,0
12009,'1176692',1001,,1532,41,,,0
14001209,'1175718',1701,,1789,45,,,0
14001209,'1175861',1931,,1790,45,,,0
14001209,'1175900',1801,,1791,45,,,0
14001209,'1175915',2131,,1793,45,,,0
14001209,'1175917',1501,,1794,45,,,0
14001209,'1175919',2031,,1795,45,,,0
14001209,'1175938',831,,1796,45,,,0
14001209,'1175939',1831,,1797,45,,,0
14001209,'1175983',2231,,1798,45,,,0
14001209,'1176007',1331,,1799,45,,,0
14001209,'1176012',1131,,1800,45,,,0
14001209,'1176069',931,,1801,45,,,0
14001209,'1176070',1231,,1802,45,,,0
14001209,'1176091',1031,,1803,45,,,0
14001209,'1176100',731,,1804,23,,,0
14001209,'1176103',1031,,1805,45,,,0
14001209,'1176117',1231,,1806,45,,,0
14001209,'1176163',1931,,1808,45,,,0
14001209,'1176213',1131,,1809,45,,,0
14001209,'1176217',1631,,1810,45,,,0
14001209,'1176245',1831,,1811,45,,,0
14001209,'1176255',931,,1812,45,,,0
14001209,'1176275',1731,,1813,45,,,0
14001209,'1176323',1201,,1814,45,,,0
14001209,'1176343',1431,,1816,45,,,0
14001209,'1176354',1531,,1817,45,,,0
14001209,'1176378',1331,,1818,45,,,0
14001209,'1176401',801,,1819,45,,,0
14001209,'1176411',2131,,1820,45,,,0
14001209,'1176440',1531,,1821,45,,,0
14001209,'1176458',731,,1822,45,,,0
14001209,'1176470',1631,,1823,45,,,0
14001209,'1176472',1101,,1824,45,,,0
14001209,'1176483',1401,,1825,45,,,0
14001209,'1176488',1731,,1826,45,,,0
14001209,'1176515',2031,,1827,45,,,0
14001209,'1176526',1001,,1828,45,,,0
14001209,'1176532',1301,,1829,45,,,0
14001209,'1176546',2231,,1830,45,,,0
14001209,'1176594',901,,1831,45,,,0
14001209,'1176599',1601,,1832,45,,,0
14001209,'1176626',831,,1833,45,,,0
14001209,'1176676',1431,,1834,45,,,0
