30009,'1175731',1705,,1663,17,,,0
30009,'1175895',1805,,1675,17,,,0
30009,'1175903',1505,,1676,17,,,0
30009,'1175906',1405,,1677,17,,,0
30009,'1175920',905,,1679,17,,,0
30009,'1175956',1205,,1681,17,,,0
30009,'1175968',1005,,1684,17,,,0
30009,'1176011',1505,,1687,17,,,0
30009,'1176018',935,,1688,17,,,0
30009,'1176021',1305,,1689,17,,,0
30009,'1176022',735,,1690,17,,,0
30009,'1176029',1005,,1691,17,,,0
30009,'1176062',1105,,1694,17,,,0
30009,'1176077',1105,,1695,17,,,0
30009,'1176102',1205,,1696,17,,,0
30009,'1176164',2005,,1700,17,,,0
30009,'1176165',2105,,1701,17,,,0
30009,'1176189',1805,,1704,17,,,0
30009,'1176197',835,,1705,17,,,0
30009,'1176210',2205,,1706,17,0,8 21,0
30009,'1176212',1405,,1707,17,,,0
30009,'1176214',1705,,1708,17,,,0
30009,'1176220',1035,,1709,17,0,8 21,0
30009,'1176253',1605,,1712,17,,,0
30009,'1176298',1605,,1714,17,,,0
30009,'1176304',1305,,1715,17,,,0
30009,'1176325',1635,,1716,17,,,0
30009,'1176329',1835,,1717,17,0,8 21,0
30009,'1176363',905,,1719,17,,,0
30009,'1176397',2205,,1721,17,0,8 21,0
30009,'1176439',2105,,1725,17,,,0
30009,'1176451',805,,1726,17,,,0
30009,'1176455',805,,1727,17,,,0
30009,'1176560',1905,,1737,17,,,0
30009,'1176569',1735,,1738,17,,,0
30009,'1176582',2005,,1739,17,,,0
30009,'1176588',1905,,1740,17,,,0
