11609,'1175716',1155,,1478,33,,,0
11609,'1175732',1555,,1479,33,,,0
11609,'1175756',1355,,1480,33,,,0
11609,'1175773',2055,,1481,33,,,0
11609,'1175832',1825,,1482,33,,,0
11609,'1175843',1455,,1483,33,,,0
11609,'1175850',2155,,1484,33,,,0
11609,'1175868',1255,,1485,33,,,0
11609,'1175918',1659,,1486,34,,,0
11609,'1175942',1755,,1487,33,,,0
11609,'1175949',1729,,1488,34,,,0
11609,'1175954',955,,1489,33,,,0
11609,'1175958',1555,,1490,33,,,0
11609,'1175970',1155,,1491,33,,,0
11609,'1176003',1955,,1492,33,,,0
11609,'1176080',1355,,1493,33,,,0
11609,'1176101',1855,,1494,33,,,0
11609,'1176137',1855,,1495,33,,,0
11609,'1176153',1655,,1496,33,,,0
11609,'1176239',1255,,1497,33,,,0
11609,'1176240',755,,1498,33,,,0
11609,'1176243',659,,1499,34,,,0
11609,'1176254',825,,1500,33,,,0
11609,'1176259',2055,,1501,33,,,0
11609,'1176276',855,,1502,33,,,0
11609,'1176432',729,,1503,34,,,0
11609,'1176433',1625,,1504,33,,,0
11609,'1176442',925,,1505,33,,,0
11609,'1176443',1055,,1506,33,,,0
11609,'1176475',755,,1507,33,,,0
11609,'1176603',1755,,1508,33,,,0
11609,'1176630',2155,,1509,33,,,0
11609,'1176639',1955,,1510,33,,,0
11609,'1176641',1055,,1511,33,,,0
11609,'1176646',955,,1512,33,,,0
11609,'1176652',855,,1513,33,,,0
11609,'1176685',1455,,1514,33,,,0
16009,'1175859',1244,,1588,32,0,16 17 11,0
16009,'1176087',1344,,1589,32,0,16 17 11,0
16009,'1176112',1444,,1590,32,0,16 17 11,0
16009,'1176128',1744,,1591,32,0,16 17 11,0
16009,'1176235',1044,,1593,32,0,16 17 11,0
16009,'1176236',1644,,1594,32,0,16 17 11,0
16009,'1176410',1544,,1599,32,0,16 17 11,0
16009,'1176572',944,,1602,32,0,16 17 11,0
16009,'1176585',1144,,1603,32,0,16 17 11,0
