14009,'1175724',1450,,1551,26,0,5 6 22,0
14009,'1175759',1250,,1552,26,0,5 6 22,0
14009,'1175767',1350,,1553,26,0,5 6 22,0
14009,'1175834',1550,,1557,26,0,5 6 22,0
14009,'1176178',1050,,1560,26,0,5 6 22,0
14009,'1176234',1803,,1561,26,0,5 6 22,0
14009,'1176418',1150,,1564,26,0,5 6 22,0
14009,'1176613',1650,,1566,26,0,5 6 22,0
14009,'1176636',950,,1567,26,0,5 6 22,0
14001209,'1175718',1654,,1789,36,,,0
14001209,'1175861',1924,,1790,36,,,0
14001209,'1175900',1754,,1791,36,,,0
14001209,'1175915',2124,,1793,36,,,0
14001209,'1175917',1454,,1794,36,,,0
14001209,'1175919',2024,,1795,36,,,0
14001209,'1175938',824,,1796,36,,,0
14001209,'1175939',1824,,1797,36,,,0
14001209,'1175983',2224,,1798,36,,,0
14001209,'1176007',1324,,1799,36,,,0
14001209,'1176012',1124,,1800,36,,,0
14001209,'1176069',924,,1801,36,,,0
14001209,'1176070',1224,,1802,36,,,0
14001209,'1176091',1024,,1803,36,,,0
14001209,'1176100',724,,1804,14,,,0
14001209,'1176103',1024,,1805,36,,,0
14001209,'1176117',1224,,1806,36,,,0
14001209,'1176163',1924,,1808,36,,,0
14001209,'1176213',1124,,1809,36,,,0
14001209,'1176217',1624,,1810,36,,,0
14001209,'1176245',1824,,1811,36,,,0
14001209,'1176255',924,,1812,36,,,0
14001209,'1176275',1724,,1813,36,,,0
14001209,'1176323',1154,,1814,36,,,0
14001209,'1176343',1424,,1816,36,,,0
14001209,'1176354',1524,,1817,36,,,0
14001209,'1176378',1324,,1818,36,,,0
14001209,'1176401',754,,1819,36,,,0
14001209,'1176411',2124,,1820,36,,,0
14001209,'1176440',1524,,1821,36,,,0
14001209,'1176458',724,,1822,36,,,0
14001209,'1176470',1624,,1823,36,,,0
14001209,'1176472',1054,,1824,36,,,0
14001209,'1176483',1354,,1825,36,,,0
14001209,'1176488',1724,,1826,36,,,0
14001209,'1176515',2024,,1827,36,,,0
14001209,'1176526',954,,1828,36,,,0
14001209,'1176532',1254,,1829,36,,,0
14001209,'1176546',2224,,1830,36,,,0
14001209,'1176594',854,,1831,36,,,0
14001209,'1176599',1554,,1832,36,,,0
14001209,'1176626',824,,1833,36,,,0
14001209,'1176676',1424,,1834,36,,,0
