15009,'1175719',1702,,1569,7,0,20 15,0
15009,'1175730',1502,,1570,7,0,20 15,0
15009,'1175737',1302,,1571,7,0,20 15,0
15009,'1175828',1402,,1572,7,0,20 15,0
15009,'1175835',1002,,1573,7,0,20 15,0
15009,'1176048',1202,,1578,7,0,20 15,0
15009,'1176230',1602,,1580,7,0,20 15,0
15009,'1176301',902,,1582,7,0,20 15,0
15009,'1176568',1102,,1584,7,0,20 15,0
19001509,'1175715',2119,,2024,32,,,0
19001509,'1175729',1019,,2025,32,,,0
19001509,'1175740',819,,2027,32,,,0
19001509,'1175741',1319,,2028,32,,,0
19001509,'1175778',1749,,2031,32,,,0
19001509,'1175793',1819,,2032,32,,,0
19001509,'1175801',819,,2033,32,,,0
19001509,'1175845',1349,,2034,32,,,0
19001509,'1175897',1449,,2035,32,,,0
19001509,'1175899',1219,,2036,32,,,0
19001509,'1175907',949,,2037,32,,,0
19001509,'1175925',1619,,2038,32,,,0
19001509,'1175932',1519,,2039,32,,,0
19001509,'1175953',1549,,2040,32,,,0
19001509,'1175965',649,,2041,7,,,0
19001509,'1175967',1049,,2042,32,,,0
19001509,'1175996',1649,,2043,32,,,0
19001509,'1176000',919,,2044,32,,,0
19001509,'1176049',1719,,2045,32,,,0
19001509,'1176055',1919,,2046,32,,,0
19001509,'1176057',1019,,2047,32,,,0
19001509,'1176073',749,,2048,32,,,0
19001509,'1176074',719,,2049,32,,,0
19001509,'1176085',1919,,2050,32,,,0
19001509,'1176090',2119,,2051,32,,,0
19001509,'1176092',1119,,2052,32,,,0
19001509,'1176093',919,,2053,32,,,0
19001509,'1176105',2019,,2054,32,,,0
19001509,'1176238',1519,,2055,32,,,0
19001509,'1176266',1149,,2056,32,,,0
19001509,'1176293',1419,,2057,32,,,0
19001509,'1176328',1249,,2058,32,,,0
19001509,'1176335',2019,,2059,32,,,0
19001509,'1176355',1619,,2061,32,,,0
19001509,'1176358',1319,,2062,32,,,0
19001509,'1176362',1819,,2063,32,,,0
19001509,'1176426',1119,,2064,32,,,0
19001509,'1176450',619,,2066,7,,,0
19001509,'1176496',1419,,2067,32,,,0
19001509,'1176536',719,,2068,32,,,0
19001509,'1176537',849,,2069,32,,,0
19001509,'1176684',1719,,2070,32,,,0
19001509,'1176689',1219,,2071,32,,,0
