14009,'1175812',1717,,1554,3,,,0
14009,'1175822',1017,,1555,3,,,0
14009,'1175823',1617,,1556,3,,,0
14009,'1175927',1317,,1558,3,,,0
14009,'1176135',917,,1559,3,,,0
14009,'1176326',1117,,1562,3,,,0
14009,'1176364',1417,,1563,3,,,0
14009,'1176520',1517,,1565,3,,,0
14009,'1176678',1217,,1568,3,,,0
19001109,'1175757',2147,,1930,3,,,0
19001109,'1175788',1747,,1931,3,,,0
19001109,'1175797',1347,,1932,3,,,0
19001109,'1175800',947,,1933,3,,,0
19001109,'1175846',1847,,1935,3,,,0
19001109,'1175866',1717,,1937,3,,,0
19001109,'1175873',1817,,1938,3,0,8 21,0
19001109,'1175889',1247,,1939,3,,,0
19001109,'1175976',2242,,1941,3,0,12,0
19001109,'1175990',1147,,1942,3,,,0
19001109,'1176026',1247,,1944,3,,,0
19001109,'1176086',947,,1946,3,,,0
19001109,'1176114',847,,1947,3,,,0
19001109,'1176152',717,,1948,3,,,0
19001109,'1176229',2147,,1949,3,,,0
19001109,'1176246',747,,1950,3,,,0
19001109,'1176315',647,,1951,3,,,0
19001109,'1176316',1147,,1952,3,,,0
19001109,'1176317',1647,,1953,3,,,0
19001109,'1176322',917,,1954,3,,,0
19001109,'1176337',1947,,1955,3,,,0
19001109,'1176344',1547,,1956,3,,,0
19001109,'1176353',1547,,1957,3,,,0
19001109,'1176386',647,,1958,3,,,0
19001109,'1176444',1847,,1961,3,,,0
19001109,'1176445',2047,,1962,3,,,0
19001109,'1176478',1747,,1963,3,,,0
19001109,'1176509',2242,,1964,3,0,12,0
19001109,'1176517',1447,,1965,3,,,0
19001109,'1176557',847,,1966,3,,,0
19001109,'1176559',1947,,1967,3,,,0
19001109,'1176563',817,,1968,3,,,0
19001109,'1176570',1447,,1969,3,,,0
19001109,'1176595',1647,,1972,3,,,0
19001109,'1176605',1047,,1973,3,,,0
19001109,'1176616',1047,,1974,3,,,0
19001109,'1176620',747,,1975,3,,,0
19001109,'1176668',2047,,1976,3,,,0
19001109,'1176674',1347,,1977,3,,,0
