14009,'1175812',1731,,1554,25,,,0
14009,'1175822',1031,,1555,25,,,0
14009,'1175823',1631,,1556,25,,,0
14009,'1175927',1331,,1558,25,,,0
14009,'1176135',931,,1559,25,,,0
14009,'1176326',1131,,1562,25,,,0
14009,'1176364',1431,,1563,25,,,0
14009,'1176520',1531,,1565,25,,,0
14009,'1176678',1231,,1568,25,,,0
19001309,'1175728',829,,1978,29,,,0
19001309,'1175734',1459,,1979,29,,,0
19001309,'1175770',1959,,1980,29,,,0
19001309,'1175814',1829,,1981,29,0,8 21,0
19001309,'1175816',1759,,1982,29,,,0
19001309,'1175833',1659,,1983,29,,,0
19001309,'1175860',1329,,1984,29,,,0
19001309,'1175862',1059,,1985,29,,,0
19001309,'1175891',1129,,1986,29,,,0
19001309,'1175892',929,,1987,29,,,0
19001309,'1175994',859,,1989,29,,,0
19001309,'1176023',759,,1990,29,,,0
19001309,'1176034',1059,,1991,29,,,0
19001309,'1176044',1359,,1992,29,,,0
19001309,'1176064',1029,,1993,29,,,0
19001309,'1176125',1659,,1994,29,,,0
19001309,'1176139',1159,,1995,29,,,0
19001309,'1176167',2159,,1996,29,,,0
19001309,'1176182',1259,,1997,29,,,0
19001309,'1176185',729,,1998,29,,,0
19001309,'1176187',1259,,1999,29,,,0
19001309,'1176196',1159,,2000,29,,,0
19001309,'1176261',959,,2001,29,,,0
19001309,'1176277',2059,,2002,29,,,0
19001309,'1176318',1359,,2003,29,,,0
19001309,'1176331',1959,,2004,29,,,0
19001309,'1176338',1859,,2005,29,,,0
19001309,'1176348',1529,,2006,29,,,0
19001309,'1176367',1559,,2007,29,,,0
19001309,'1176387',2159,,2008,29,,,0
19001309,'1176389',759,,2009,29,,,0
19001309,'1176392',659,,2010,29,,,0
19001309,'1176394',1559,,2011,29,,,0
19001309,'1176446',1759,,2012,29,,,0
19001309,'1176462',2059,,2013,29,,,0
19001309,'1176473',1859,,2014,29,,,0
19001309,'1176527',959,,2015,29,,,0
19001309,'1176539',1629,,2016,29,,,0
19001309,'1176543',1429,,2017,29,,,0
19001309,'1176567',859,,2019,29,,,0
19001309,'1176597',1459,,2020,29,,,0
19001309,'1176614',1229,,2021,29,,,0
19001309,'1176638',1729,,2022,29,,,0
19001309,'1176660',659,,2023,29,,,0
