12009,'1175745',1528,,1515,21,,,0
12009,'1175747',1428,,1516,21,,,0
12009,'1175827',1128,,1517,21,,,0
12009,'1175839',1728,,1518,21,,,0
12009,'1176031',1028,,1523,21,,,0
12009,'1176149',1228,,1525,21,,,0
12009,'1176417',1328,,1527,21,,,0
12009,'1176471',1628,,1529,21,,,0
12009,'1176692',928,,1532,21,,,0
19001709,'1175717',1454,,2072,22,,,0
19001709,'1175742',1054,,2073,22,,,0
19001709,'1175751',1054,,2074,22,,,0
19001709,'1175789',654,,2076,22,,,0
19001709,'1175830',1954,,2077,22,,,0
19001709,'1175877',1154,,2078,22,,,0
19001709,'1175947',1654,,2079,22,,,0
19001709,'1175951',724,,2080,22,,,0
19001709,'1175978',754,,2081,22,,,0
19001709,'1176042',1654,,2082,22,,,0
19001709,'1176052',2154,,2083,22,0,8 21,0
19001709,'1176058',1454,,2084,22,,,0
19001709,'1176065',1554,,2085,22,,,0
19001709,'1176099',1354,,2086,22,,,0
19001709,'1176119',1754,,2088,22,,,0
19001709,'1176120',1854,,2089,22,,,0
19001709,'1176124',2254,,2090,22,0,8 21,0
19001709,'1176130',1254,,2091,22,,,0
19001709,'1176156',1954,,2092,22,,,0
19001709,'1176161',1354,,2093,22,,,0
19001709,'1176166',924,,2094,22,,,0
19001709,'1176201',854,,2095,22,,,0
19001709,'1176252',824,,2097,22,,,0
19001709,'1176273',954,,2099,22,,,0
19001709,'1176303',1624,,2101,22,,,0
19001709,'1176312',1724,,2102,22,,,0
19001709,'1176349',1854,,2103,22,,,0
19001709,'1176415',754,,2105,22,,,0
19001709,'1176420',1154,,2106,22,,,0
19001709,'1176468',2154,,2107,22,0,8 21,0
19001709,'1176482',1254,,2108,22,,,0
19001709,'1176513',654,,2109,22,,,0
19001709,'1176554',1754,,2111,22,,,0
19001709,'1176592',624,,2112,22,,,0
19001709,'1176601',1554,,2113,22,,,0
19001709,'1176617',2054,,2114,22,,,0
19001709,'1176629',954,,2115,22,,,0
19001709,'1176637',854,,2116,22,,,0
19001709,'1176640',1824,,2117,22,0,8 21,0
19001709,'1176655',2054,,2118,22,,,0
19001709,'1176661',2254,,2119,22,0,8 21,0
