15009,'1142159',1442,,783,10,,,0
15009,'1142174',1142,,784,10,,,0
15009,'1142445',1342,,787,10,,,0
15009,'1142451',942,,788,10,,,0
15009,'1142478',1742,,790,10,,,0
15009,'1142634',1042,,793,10,,,0
15009,'1142773',1642,,795,10,,,0
15009,'1142793',1242,,796,10,,,0
15009,'1142829',1542,,797,10,,,0
14001409,'1142132',1200,,967,20,,,0
14001409,'1142141',900,,968,20,,,0
14001409,'1142149',1700,,969,20,,,0
14001409,'1142155',1200,,970,20,,,0
14001409,'1142175',1300,,971,20,,,0
14001409,'1142179',1430,,972,20,,,0
14001409,'1142200',1400,,973,20,,,0
14001409,'1142203',2200,,974,20,,,0
14001409,'1142206',1900,,975,20,,,0
14001409,'1142211',730,,976,20,,,0
14001409,'1142253',1000,,978,20,,,0
14001409,'1142257',2000,,979,20,,,0
14001409,'1142272',1900,,980,20,,,0
14001409,'1142298',900,,981,20,,,0
14001409,'1142299',1700,,982,20,,,0
14001409,'1142338',1600,,983,20,,,0
14001409,'1142361',2100,,984,20,,,0
14001409,'1142371',1230,,985,20,,,0
14001409,'1142373',1730,,987,20,,,0
14001409,'1142381',2100,,988,20,,,0
14001409,'1142416',700,,989,20,,,0
14001409,'1142418',1500,,990,20,,,0
14001409,'1142421',1830,,991,20,0,8 9,0
14001409,'1142456',1100,,992,20,,,0
14001409,'1142477',1130,,993,20,,,0
14001409,'1142481',1630,,994,20,,,0
14001409,'1142488',1530,,995,20,,,0
14001409,'1142526',1300,,996,20,,,0
14001409,'1142560',1500,,998,20,,,0
14001409,'1142562',1400,,999,20,,,0
14001409,'1142611',1330,,1000,20,,,0
14001409,'1142629',930,,1001,20,,,0
14001409,'1142639',1800,,1002,20,,,0
14001409,'1142654',1600,,1003,20,,,0
14001409,'1142701',800,,1004,20,,,0
14001409,'1142714',1000,,1005,20,,,0
14001409,'1142752',2000,,1007,20,,,0
14001409,'1142757',800,,1008,20,,,0
14001409,'1142821',2200,,1009,20,,,0
14001409,'1142851',1100,,1010,20,,,0
14001409,'1142870',1030,,1011,20,,,0
14001409,'1142874',1800,,1012,20,,,0
14001409,'1142883',830,,1013,20,,,0
