14009,'1175812',1800,,1554,33,,,0
14009,'1175822',1047,,1555,33,,,0
14009,'1175823',1647,,1556,33,,,0
14009,'1175927',1347,,1558,33,,,0
14009,'1176135',947,,1559,33,,,0
14009,'1176326',1147,,1562,33,,,0
14009,'1176364',1447,,1563,33,,,0
14009,'1176520',1547,,1565,33,,,0
14009,'1176678',1247,,1568,33,,,0
14001409,'1175733',1930,,1835,39,,,0
14001409,'1175775',1230,,1836,39,,,0
14001409,'1175776',2128,,1837,39,,,0
14001409,'1175786',2028,,1838,39,,,0
14001409,'1175790',1630,,1839,39,,,0
14001409,'1175803',1430,,1840,39,,,0
14001409,'1175809',1000,,1841,39,,,0
14001409,'1175820',1530,,1842,39,,,0
14001409,'1175821',1228,,1843,39,,,0
14001409,'1175838',1200,,1844,39,,,0
14001409,'1175856',1128,,1845,39,,,0
14001409,'1175876',1628,,1846,39,,,0
14001409,'1175893',1928,,1847,39,,,0
14001409,'1175894',1800,,1848,39,,,0
14001409,'1175902',1700,,1849,39,,,0
14001409,'1175961',1330,,1850,39,,,0
14001409,'1175973',928,,1851,39,,,0
14001409,'1175975',1830,,1852,39,,,0
14001409,'1175999',900,,1854,39,,,0
14001409,'1176001',1100,,1855,39,,,0
14001409,'1176014',1130,,1856,39,,,0
14001409,'1176036',800,,1857,39,,,0
14001409,'1176047',1428,,1858,39,,,0
14001409,'1176050',2130,,1859,39,,,0
14001409,'1176071',1300,,1860,39,,,0
14001409,'1176160',1730,,1861,39,,,0
14001409,'1176250',828,,1862,39,,,0
14001409,'1176268',2230,,1863,39,,,0
14001409,'1176283',1400,,1864,39,,,0
14001409,'1176287',628,,1865,11,,,0
14001409,'1176308',2228,,1866,39,,,0
14001409,'1176314',730,,1867,39,,,0
14001409,'1176357',630,,1868,11,,,0
14001409,'1176393',1028,,1869,39,,,0
14001409,'1176423',830,,1870,39,,,0
14001409,'1176464',700,,1871,18,,,0
14001409,'1176476',1600,,1872,39,,,0
14001409,'1176485',1030,,1873,39,,,0
14001409,'1176522',930,,1874,39,,,0
14001409,'1176530',728,,1875,18,,,0
14001409,'1176556',1728,,1876,39,,,0
14001409,'1176558',1528,,1877,39,,,0
14001409,'1176598',2030,,1878,39,,,0
14001409,'1176631',1328,,1879,39,,,0
14001409,'1176643',1500,,1880,39,,,0
14001409,'1176681',1828,,1881,39,,,0
