14009,'1142164',1213,55,765,40,0,5 6 7,0
14009,'1142187',1513,55,767,40,0,5 6 7,0
14009,'1142323',1713,55,768,40,0,5 6 7,0
14009,'1142325',1812,,769,40,0,5 6 7,0
14009,'1142341',1313,55,770,40,0,5 6 7,0
14009,'1142386',1013,55,773,40,0,5 6 7,0
14009,'1142559',1613,55,776,40,0,5 6 7,0
14009,'1142645',1413,55,778,40,0,5 6 7,0
14009,'1142708',1113,55,780,40,0,5 6 7,0
14001409,'1142132',1241,,967,46,,,0
14001409,'1142141',941,,968,46,,,0
14001409,'1142149',1741,,969,46,,,0
14001409,'1142155',1239,,970,46,,,0
14001409,'1142175',1339,,971,46,,,0
14001409,'1142179',1511,,972,46,,,0
14001409,'1142200',1441,,973,46,,,0
14001409,'1142203',2239,,974,46,,,0
14001409,'1142206',1939,,975,46,,,0
14001409,'1142211',811,,976,46,,,0
14001409,'1142248',711,,977,25,,,0
14001409,'1142253',1041,,978,46,,,0
14001409,'1142257',2039,,979,46,,,0
14001409,'1142272',1941,,980,46,,,0
14001409,'1142298',939,,981,46,,,0
14001409,'1142299',1739,,982,46,,,0
14001409,'1142338',1639,,983,46,,,0
14001409,'1142361',2139,,984,46,,,0
14001409,'1142371',1311,,985,46,,,0
14001409,'1142372',739,,986,25,,,0
14001409,'1142373',1811,,987,46,,,0
14001409,'1142381',2141,,988,46,,,0
14001409,'1142416',741,,989,46,,,0
14001409,'1142418',1541,,990,46,,,0
14001409,'1142456',1139,,992,46,,,0
14001409,'1142477',1211,,993,46,,,0
14001409,'1142481',1711,,994,46,,,0
14001409,'1142488',1611,,995,46,,,0
14001409,'1142526',1341,,996,46,,,0
14001409,'1142544',639,,997,18,,,0
14001409,'1142560',1539,,998,46,,,0
14001409,'1142562',1439,,999,46,,,0
14001409,'1142611',1411,,1000,46,,,0
14001409,'1142629',1011,,1001,46,,,0
14001409,'1142639',1839,,1002,46,,,0
14001409,'1142654',1641,,1003,46,,,0
14001409,'1142701',841,,1004,46,,,0
14001409,'1142714',1039,,1005,46,,,0
14001409,'1142737',641,,1006,18,,,0
14001409,'1142752',2041,,1007,46,,,0
14001409,'1142757',839,,1008,46,,,0
14001409,'1142821',2241,,1009,46,,,0
14001409,'1142851',1141,,1010,46,,,0
14001409,'1142870',1111,,1011,46,,,0
14001409,'1142874',1841,,1012,46,,,0
14001409,'1142883',911,,1013,46,,,0
