15009,'1142326',1158,,785,3,0,20 15,0
15009,'1142391',958,,786,3,0,20 15,0
15009,'1142463',1558,,789,3,0,20 15,0
15009,'1142521',858,,791,3,0,20 15,0
15009,'1142575',1458,,792,3,0,20 15,0
15009,'1142681',1258,,794,3,0,20 15,0
15009,'1142872',1058,,798,3,0,20 15,0
15009,'1142884',1358,,799,3,0,20 15,0
15009,'1142889',1658,,800,3,0,20 15,0
19001509,'1142133',1717,,1156,28,,,0
19001509,'1142140',617,,1157,3,,,0
19001509,'1142153',717,,1158,28,,,0
19001509,'1142160',1017,,1159,28,,,0
19001509,'1142170',1517,,1160,28,,,0
19001509,'1142181',717,,1161,28,,,0
19001509,'1142183',1617,,1162,28,,,0
19001509,'1142185',1517,,1163,28,,,0
19001509,'1142201',847,,1164,28,,,0
19001509,'1142204',1317,,1165,28,,,0
19001509,'1142217',1117,,1167,28,,,0
19001509,'1142250',2117,,1168,28,,,0
19001509,'1142261',1247,,1169,28,,,0
19001509,'1142284',1047,,1170,28,,,0
19001509,'1142302',1817,,1172,28,,,0
19001509,'1142318',947,,1174,28,,,0
19001509,'1142351',2017,,1175,28,,,0
19001509,'1142376',1817,,1176,28,,,0
19001509,'1142422',1217,,1177,28,,,0
19001509,'1142427',817,,1178,28,,,0
19001509,'1142428',1647,,1179,28,,,0
19001509,'1142440',1317,,1180,28,,,0
19001509,'1142443',2017,,1181,28,,,0
19001509,'1142474',747,,1182,28,,,0
19001509,'1142476',1347,,1183,28,,,0
19001509,'1142512',1147,,1184,28,,,0
19001509,'1142514',1617,,1185,28,,,0
19001509,'1142587',1747,,1187,28,,,0
19001509,'1142615',1917,,1188,28,,,0
19001509,'1142630',1917,,1189,28,,,0
19001509,'1142653',1717,,1190,28,,,0
19001509,'1142655',917,,1191,28,,,0
19001509,'1142675',817,,1192,28,,,0
19001509,'1142725',1547,,1194,28,,,0
19001509,'1142736',1417,,1195,28,,,0
19001509,'1142755',1117,,1196,28,,,0
19001509,'1142769',647,,1197,3,,,0
19001509,'1142799',1447,,1198,28,,,0
19001509,'1142808',2117,,1199,28,,,0
19001509,'1142818',1217,,1200,28,,,0
19001509,'1142823',1417,,1201,28,,,0
19001509,'1142868',917,,1202,28,,,0
19001509,'1142879',1017,,1203,28,,,0
