12009,'1175885',1800,,1519,27,0,18 7,0
12009,'1175923',1547,,1520,27,0,18 7,0
12009,'1175952',1347,,1521,27,0,18 7,0
12009,'1175971',1047,,1522,27,0,18 7,0
12009,'1176115',1147,,1524,27,0,18 7,0
12009,'1176305',1647,,1526,27,0,18 7,0
12009,'1176431',1447,,1528,27,0,18 7,0
12009,'1176538',947,,1530,27,0,18 7,0
12009,'1176625',1247,,1531,27,0,18 7,0
14001609,'1175722',1122,,1882,28,,,0
14001609,'1175752',722,,1883,28,,,0
14001609,'1175760',2022,,1884,28,,,0
14001609,'1175908',852,,1888,28,,,0
14001609,'1175922',1222,,1889,28,,,0
14001609,'1175936',822,,1890,28,,,0
14001609,'1175986',1422,,1892,28,,,0
14001609,'1175988',1322,,1893,28,,,0
14001609,'1175989',1822,,1894,28,,,0
14001609,'1176015',922,,1896,28,,,0
14001609,'1176168',1322,,1898,28,,,0
14001609,'1176170',1552,,1899,28,,,0
14001609,'1176241',2122,,1900,28,,,0
14001609,'1176247',752,,1901,28,,,0
14001609,'1176270',2222,,1902,28,,,0
14001609,'1176280',1622,,1903,28,,,0
14001609,'1176296',1522,,1904,28,,,0
14001609,'1176309',2222,,1905,28,,,0
14001609,'1176320',1822,,1906,28,,,0
14001609,'1176381',1022,,1908,28,,,0
14001609,'1176402',2022,,1909,28,,,0
14001609,'1176421',822,,1910,28,,,0
14001609,'1176486',1752,,1911,28,,,0
14001609,'1176492',1122,,1912,28,,,0
14001609,'1176495',1922,,1913,28,,,0
14001609,'1176500',1622,,1914,28,,,0
14001609,'1176504',1722,,1915,28,,,0
14001609,'1176510',1522,,1916,28,,,0
14001609,'1176518',1652,,1917,28,,,0
14001609,'1176524',1022,,1918,28,,,0
14001609,'1176533',922,,1919,28,,,0
14001609,'1176577',2122,,1921,28,,,0
14001609,'1176602',1422,,1924,28,,,0
14001609,'1176621',1922,,1926,28,,,0
14001609,'1176627',1722,,1927,28,,,0
14001609,'1176666',722,,1928,8,,,0
14001609,'1176671',1222,,1929,28,,,0
