12009,'1175885',1806,,1519,40,0,18 7,0
12009,'1175923',1553,,1520,40,0,18 7,0
12009,'1175952',1353,,1521,40,0,18 7,0
12009,'1175971',1053,,1522,40,0,18 7,0
12009,'1176115',1153,,1524,40,0,18 7,0
12009,'1176305',1653,,1526,40,0,18 7,0
12009,'1176431',1453,,1528,40,0,18 7,0
12009,'1176538',953,,1530,40,0,18 7,0
12009,'1176625',1253,,1531,40,0,18 7,0
14001609,'1175722',1128,,1882,41,,,0
14001609,'1175752',728,,1883,41,,,0
14001609,'1175760',2028,,1884,41,,,0
14001609,'1175908',858,,1888,41,,,0
14001609,'1175922',1228,,1889,41,,,0
14001609,'1175936',828,,1890,41,,,0
14001609,'1175986',1428,,1892,41,,,0
14001609,'1175988',1328,,1893,41,,,0
14001609,'1175989',1828,,1894,41,,,0
14001609,'1176015',928,,1896,41,,,0
14001609,'1176168',1328,,1898,41,,,0
14001609,'1176170',1558,,1899,41,,,0
14001609,'1176241',2128,,1900,41,,,0
14001609,'1176247',758,,1901,41,,,0
14001609,'1176270',2228,,1902,41,,,0
14001609,'1176280',1628,,1903,41,,,0
14001609,'1176296',1528,,1904,41,,,0
14001609,'1176309',2228,,1905,41,,,0
14001609,'1176320',1828,,1906,41,,,0
14001609,'1176381',1028,,1908,41,,,0
14001609,'1176402',2028,,1909,41,,,0
14001609,'1176421',828,,1910,41,,,0
14001609,'1176486',1758,,1911,41,,,0
14001609,'1176492',1128,,1912,41,,,0
14001609,'1176495',1928,,1913,41,,,0
14001609,'1176500',1628,,1914,41,,,0
14001609,'1176504',1728,,1915,41,,,0
14001609,'1176510',1528,,1916,41,,,0
14001609,'1176518',1658,,1917,41,,,0
14001609,'1176524',1028,,1918,41,,,0
14001609,'1176533',928,,1919,41,,,0
14001609,'1176577',2128,,1921,41,,,0
14001609,'1176602',1428,,1924,41,,,0
14001609,'1176621',1928,,1926,41,,,0
14001609,'1176627',1728,,1927,41,,,0
14001609,'1176666',728,,1928,21,,,0
14001609,'1176671',1228,,1929,41,,,0
