12009,'1175885',1810,,1519,42,0,18 7,0
12009,'1175923',1557,,1520,42,0,18 7,0
12009,'1175952',1357,,1521,42,0,18 7,0
12009,'1175971',1057,,1522,42,0,18 7,0
12009,'1176115',1157,,1524,42,0,18 7,0
12009,'1176305',1657,,1526,42,0,18 7,0
12009,'1176431',1457,,1528,42,0,18 7,0
12009,'1176538',957,,1530,42,0,18 7,0
12009,'1176625',1257,,1531,42,0,18 7,0
14001609,'1175722',1131,,1882,43,,,0
14001609,'1175752',731,,1883,43,,,0
14001609,'1175760',2031,,1884,43,,,0
14001609,'1175908',901,,1888,43,,,0
14001609,'1175922',1231,,1889,43,,,0
14001609,'1175936',831,,1890,43,,,0
14001609,'1175986',1431,,1892,43,,,0
14001609,'1175988',1331,,1893,43,,,0
14001609,'1175989',1831,,1894,43,,,0
14001609,'1176015',931,,1896,43,,,0
14001609,'1176168',1331,,1898,43,,,0
14001609,'1176170',1601,,1899,43,,,0
14001609,'1176241',2131,,1900,43,,,0
14001609,'1176247',801,,1901,43,,,0
14001609,'1176270',2231,,1902,43,,,0
14001609,'1176280',1631,,1903,43,,,0
14001609,'1176296',1531,,1904,43,,,0
14001609,'1176309',2231,,1905,43,,,0
14001609,'1176320',1831,,1906,43,,,0
14001609,'1176381',1031,,1908,43,,,0
14001609,'1176402',2031,,1909,43,,,0
14001609,'1176421',831,,1910,43,,,0
14001609,'1176486',1801,,1911,43,,,0
14001609,'1176492',1131,,1912,43,,,0
14001609,'1176495',1931,,1913,43,,,0
14001609,'1176500',1631,,1914,43,,,0
14001609,'1176504',1731,,1915,43,,,0
14001609,'1176510',1531,,1916,43,,,0
14001609,'1176518',1701,,1917,43,,,0
14001609,'1176524',1031,,1918,43,,,0
14001609,'1176533',931,,1919,43,,,0
14001609,'1176577',2131,,1921,43,,,0
14001609,'1176602',1431,,1924,43,,,0
14001609,'1176621',1931,,1926,43,,,0
14001609,'1176627',1731,,1927,43,,,0
14001609,'1176666',731,,1928,23,,,0
14001609,'1176671',1231,,1929,43,,,0
