11009,'1175771',1446,,1461,26,,,0
11009,'1175802',1746,,1462,26,,,0
11009,'1176133',1646,,1468,26,,,0
11009,'1176140',1046,,1469,26,,,0
11009,'1176188',1246,,1470,26,,,0
11009,'1176403',1146,,1472,26,,,0
11009,'1176448',946,,1473,26,,,0
11009,'1176583',1546,,1474,26,,,0
11009,'1176618',1346,,1475,26,,,0
14001009,'1175755',856,,1743,28,,,0
14001009,'1175787',1756,,1744,28,,,0
14001009,'1175798',1756,,1745,28,,,0
14001009,'1175806',1126,,1746,28,0,8 21,0
14001009,'1175825',1556,,1748,28,,,0
14001009,'1175826',1256,,1749,28,,,0
14001009,'1175836',1726,,1750,28,,,0
14001009,'1175840',1956,,1751,28,,,0
14001009,'1175865',1026,,1752,28,0,8 21,0
14001009,'1175890',1956,,1753,28,,,0
14001009,'1175905',2056,,1754,28,,,0
14001009,'1175937',1356,,1755,28,,,0
14001009,'1175943',1656,,1756,28,,,0
14001009,'1175962',2256,,1757,28,0,8 21,0
14001009,'1175995',1056,,1758,28,,,0
14001009,'1176008',726,,1759,28,,,0
14001009,'1176017',756,,1760,28,,,0
14001009,'1176075',1656,,1761,28,,,0
14001009,'1176104',2156,,1762,28,,,0
14001009,'1176141',1256,,1763,28,,,0
14001009,'1176158',1456,,1764,28,,,0
14001009,'1176181',926,,1765,28,0,8 21,0
14001009,'1176198',956,,1766,28,,,0
14001009,'1176208',2156,,1767,28,,,0
14001009,'1176215',1856,,1768,28,,,0
14001009,'1176225',1326,,1769,28,0,8 21,0
14001009,'1176249',1056,,1770,28,,,0
14001009,'1176269',2056,,1771,28,,,0
14001009,'1176278',2256,,1772,28,0,8 21,0
14001009,'1176300',1526,,1773,28,0,8 21,0
14001009,'1176311',956,,1774,28,,,0
14001009,'1176346',826,,1775,28,,,0
14001009,'1176365',856,,1776,28,,,0
14001009,'1176376',1556,,1777,28,,,0
14001009,'1176382',1156,,1778,28,,,0
14001009,'1176449',656,,1779,28,,,0
14001009,'1176452',1226,,1780,28,0,8 21,0
14001009,'1176545',756,,1781,28,,,0
14001009,'1176551',1356,,1782,28,,,0
14001009,'1176579',1626,,1783,28,,,0
14001009,'1176580',1156,,1784,28,,,0
14001009,'1176607',1856,,1785,28,,,0
14001009,'1176612',1826,,1786,28,0,8 21,0
14001009,'1176628',1426,,1787,28,0,8 21,0
14001009,'1176653',1456,,1788,28,,,0
