12009,'1175745',1549,,1515,31,,,0
12009,'1175747',1449,,1516,31,,,0
12009,'1175827',1149,,1517,31,,,0
12009,'1175839',1802,,1518,31,,,0
12009,'1176031',1049,,1523,31,,,0
12009,'1176149',1249,,1525,31,,,0
12009,'1176417',1349,,1527,31,,,0
12009,'1176471',1649,,1529,31,,,0
12009,'1176692',949,,1532,31,,,0
14001009,'1175755',922,,1743,42,,,0
14001009,'1175787',1822,,1744,42,,,0
14001009,'1175798',1822,,1745,42,,,0
14001009,'1175810',722,,1747,9,,,0
14001009,'1175825',1622,,1748,42,,,0
14001009,'1175826',1321,,1749,42,,,0
14001009,'1175836',1752,,1750,42,,,0
14001009,'1175840',2022,,1751,42,,,0
14001009,'1175890',2022,,1753,42,,,0
14001009,'1175905',2122,,1754,42,,,0
14001009,'1175937',1421,,1755,42,,,0
14001009,'1175943',1722,,1756,42,,,0
14001009,'1175995',1121,,1758,42,,,0
14001009,'1176008',752,,1759,42,,,0
14001009,'1176017',822,,1760,42,,,0
14001009,'1176075',1722,,1761,42,,,0
14001009,'1176104',2222,,1762,42,,,0
14001009,'1176141',1321,,1763,42,,,0
14001009,'1176158',1521,,1764,42,,,0
14001009,'1176198',1021,,1766,42,,,0
14001009,'1176208',2222,,1767,42,,,0
14001009,'1176215',1922,,1768,42,,,0
14001009,'1176249',1121,,1770,42,,,0
14001009,'1176269',2122,,1771,42,,,0
14001009,'1176311',1021,,1774,42,,,0
14001009,'1176346',852,,1775,42,,,0
14001009,'1176365',922,,1776,42,,,0
14001009,'1176376',1622,,1777,42,,,0
14001009,'1176382',1221,,1778,42,,,0
14001009,'1176449',722,,1779,42,,,0
14001009,'1176545',822,,1781,42,,,0
14001009,'1176551',1421,,1782,42,,,0
14001009,'1176579',1652,,1783,42,,,0
14001009,'1176580',1221,,1784,42,,,0
14001009,'1176607',1922,,1785,42,,,0
14001009,'1176653',1521,,1788,42,,,0
