20009,'1142156',1232,,819,5,,,0
20009,'1142172',932,,820,5,,,0
20009,'1142208',1132,,821,5,,,0
20009,'1142244',1632,,823,5,,,0
20009,'1142378',1332,,825,5,,,0
20009,'1142501',1716,,828,5,,,0
20009,'1142609',1432,,831,5,,,0
20009,'1142761',1032,,834,5,,,0
20009,'1142875',1532,,837,5,,,0
14001409,'1142132',1226,,967,33,,,0
14001409,'1142141',926,,968,33,,,0
14001409,'1142149',1726,,969,33,,,0
14001409,'1142155',1225,,970,33,,,0
14001409,'1142175',1325,,971,33,,,0
14001409,'1142179',1456,,972,33,,,0
14001409,'1142200',1426,,973,33,,,0
14001409,'1142203',2225,,974,33,,,0
14001409,'1142206',1925,,975,33,,,0
14001409,'1142211',756,,976,33,,,0
14001409,'1142248',656,,977,12,,,0
14001409,'1142253',1026,,978,33,,,0
14001409,'1142257',2025,,979,33,,,0
14001409,'1142272',1926,,980,33,,,0
14001409,'1142298',925,,981,33,,,0
14001409,'1142299',1725,,982,33,,,0
14001409,'1142338',1625,,983,33,,,0
14001409,'1142361',2125,,984,33,,,0
14001409,'1142371',1256,,985,33,,,0
14001409,'1142372',725,,986,12,,,0
14001409,'1142373',1756,,987,33,,,0
14001409,'1142381',2126,,988,33,,,0
14001409,'1142416',726,,989,33,,,0
14001409,'1142418',1526,,990,33,,,0
14001409,'1142456',1125,,992,33,,,0
14001409,'1142477',1156,,993,33,,,0
14001409,'1142481',1656,,994,33,,,0
14001409,'1142488',1556,,995,33,,,0
14001409,'1142526',1326,,996,33,,,0
14001409,'1142544',625,,997,5,,,0
14001409,'1142560',1525,,998,33,,,0
14001409,'1142562',1425,,999,33,,,0
14001409,'1142611',1356,,1000,33,,,0
14001409,'1142629',956,,1001,33,,,0
14001409,'1142639',1825,,1002,33,,,0
14001409,'1142654',1626,,1003,33,,,0
14001409,'1142701',826,,1004,33,,,0
14001409,'1142714',1025,,1005,33,,,0
14001409,'1142737',626,,1006,5,,,0
14001409,'1142752',2026,,1007,33,,,0
14001409,'1142757',825,,1008,33,,,0
14001409,'1142821',2226,,1009,33,,,0
14001409,'1142851',1126,,1010,33,,,0
14001409,'1142870',1056,,1011,33,,,0
14001409,'1142874',1826,,1012,33,,,0
14001409,'1142883',856,,1013,33,,,0
