13009,'1142394',1204,,750,13,0,19 15,0
13009,'1142420',1304,,751,13,0,19 15,0
13009,'1142430',1404,,752,13,0,19 15,0
13009,'1142453',904,,754,13,0,19 15,0
13009,'1142672',1004,,756,13,0,19 15,0
13009,'1142704',1604,,757,13,0,19 15,0
13009,'1142720',1504,,759,13,0,19 15,0
13009,'1142776',1104,,761,13,0,19 15,0
13009,'1142824',1704,,762,13,0,19 15,0
19001309,'1142135',2125,,1110,45,,,0
19001309,'1142136',1455,,1111,45,,,0
19001309,'1142154',2025,,1112,45,,,0
19001309,'1142209',1825,,1113,45,,,0
19001309,'1142233',1225,,1114,45,,,0
19001309,'1142307',725,,1115,45,,,0
19001309,'1142324',1555,,1116,45,,,0
19001309,'1142327',755,,1117,45,,,0
19001309,'1142333',1425,,1118,45,,,0
19001309,'1142337',1355,,1119,45,,,0
19001309,'1142343',1325,,1120,45,,,0
19001309,'1142352',925,,1121,45,,,0
19001309,'1142356',655,,1122,13,,,0
19001309,'1142380',2225,,1123,45,,,0
19001309,'1142387',1325,,1124,45,,,0
19001309,'1142413',825,,1125,45,,,0
19001309,'1142434',1125,,1126,45,,,0
19001309,'1142467',1655,,1127,45,,,0
19001309,'1142472',955,,1128,45,,,0
19001309,'1142498',1255,,1129,45,,,0
19001309,'1142507',1225,,1130,45,,,0
19001309,'1142516',925,,1131,45,,,0
19001309,'1142536',1025,,1132,45,,,0
19001309,'1142566',855,,1133,45,,,0
19001309,'1142577',1125,,1134,45,,,0
19001309,'1142581',1625,,1135,45,,,0
19001309,'1142617',1425,,1136,45,,,0
19001309,'1142620',1725,,1137,45,,,0
19001309,'1142622',1825,,1138,45,,,0
19001309,'1142657',725,,1139,45,,,0
19001309,'1142683',625,,1140,13,,,0
19001309,'1142741',1025,,1141,45,,,0
19001309,'1142775',1925,,1142,45,,,0
19001309,'1142779',1725,,1143,45,,,0
19001309,'1142785',2225,,1144,45,,,0
19001309,'1142804',1925,,1145,45,,,0
19001309,'1142810',1525,,1146,45,,,0
19001309,'1142819',1525,,1147,45,,,0
19001309,'1142828',1755,,1148,45,,,0
19001309,'1142835',2125,,1149,45,,,0
19001309,'1142836',1625,,1150,45,,,0
19001309,'1142848',1055,,1151,45,,,0
19001309,'1142865',1155,,1153,45,,,0
19001309,'1142877',2025,,1154,45,,,0
19001309,'1142891',825,,1155,45,,,0
