14009,'1142164',1123,,765,11,0,5 6 7,0
14009,'1142187',1423,,767,11,0,5 6 7,0
14009,'1142323',1623,,768,11,0,5 6 7,0
14009,'1142325',1723,,769,11,0,5 6 7,0
14009,'1142341',1223,,770,11,0,5 6 7,0
14009,'1142386',923,,773,11,0,5 6 7,0
14009,'1142559',1523,,776,11,0,5 6 7,0
14009,'1142645',1323,,778,11,0,5 6 7,0
14009,'1142708',1023,,780,11,0,5 6 7,0
19001109,'1142176',1752,,1062,12,,,0
19001109,'1142184',1822,,1063,12,0,8 9,0
19001109,'1142198',1722,,1064,12,,,0
19001109,'1142212',1252,,1065,12,,,0
19001109,'1142243',2152,,1067,12,,,0
19001109,'1142245',852,,1068,12,,,0
19001109,'1142246',1852,,1069,12,,,0
19001109,'1142249',1652,,1070,12,,,0
19001109,'1142251',1752,,1071,12,,,0
19001109,'1142278',1952,,1073,12,,,0
19001109,'1142283',2247,,1074,12,0,12,0
19001109,'1142294',1952,,1075,12,,,0
19001109,'1142296',2052,,1076,12,,,0
19001109,'1142339',652,,1077,12,,,0
19001109,'1142345',1152,,1078,12,,,0
19001109,'1142354',852,,1079,12,,,0
19001109,'1142395',822,,1080,12,,,0
19001109,'1142412',1352,,1081,12,,,0
19001109,'1142458',2052,,1084,12,,,0
19001109,'1142492',752,,1085,12,,,0
19001109,'1142503',1352,,1086,12,,,0
19001109,'1142520',1852,,1087,12,,,0
19001109,'1142539',752,,1089,12,,,0
19001109,'1142552',2152,,1090,12,,,0
19001109,'1142554',1452,,1091,12,,,0
19001109,'1142583',1052,,1094,12,,,0
19001109,'1142588',1152,,1095,12,,,0
19001109,'1142643',952,,1097,12,,,0
19001109,'1142664',1452,,1098,12,,,0
19001109,'1142674',922,,1099,12,,,0
19001109,'1142756',1552,,1101,12,,,0
19001109,'1142772',722,,1102,12,,,0
19001109,'1142795',2247,,1103,12,0,12,0
19001109,'1142809',1652,,1104,12,,,0
19001109,'1142814',952,,1105,12,,,0
19001109,'1142845',1052,,1106,12,,,0
19001109,'1142860',1252,,1107,12,,,0
19001109,'1142880',1552,,1108,12,,,0
19001109,'1142882',652,,1109,12,,,0
