12009,'1175885',1805,,1519,39,0,18 7,0
12009,'1175923',1552,,1520,39,0,18 7,0
12009,'1175952',1352,,1521,39,0,18 7,0
12009,'1175971',1052,,1522,39,0,18 7,0
12009,'1176115',1152,,1524,39,0,18 7,0
12009,'1176305',1652,,1526,39,0,18 7,0
12009,'1176431',1452,,1528,39,0,18 7,0
12009,'1176538',952,,1530,39,0,18 7,0
12009,'1176625',1252,,1531,39,0,18 7,0
14001609,'1175722',1127,,1882,40,,,0
14001609,'1175752',727,,1883,40,,,0
14001609,'1175760',2027,,1884,40,,,0
14001609,'1175908',857,,1888,40,,,0
14001609,'1175922',1227,,1889,40,,,0
14001609,'1175936',827,,1890,40,,,0
14001609,'1175986',1427,,1892,40,,,0
14001609,'1175988',1327,,1893,40,,,0
14001609,'1175989',1827,,1894,40,,,0
14001609,'1176015',927,,1896,40,,,0
14001609,'1176168',1327,,1898,40,,,0
14001609,'1176170',1557,,1899,40,,,0
14001609,'1176241',2127,,1900,40,,,0
14001609,'1176247',757,,1901,40,,,0
14001609,'1176270',2227,,1902,40,,,0
14001609,'1176280',1627,,1903,40,,,0
14001609,'1176296',1527,,1904,40,,,0
14001609,'1176309',2227,,1905,40,,,0
14001609,'1176320',1827,,1906,40,,,0
14001609,'1176381',1027,,1908,40,,,0
14001609,'1176402',2027,,1909,40,,,0
14001609,'1176421',827,,1910,40,,,0
14001609,'1176486',1757,,1911,40,,,0
14001609,'1176492',1127,,1912,40,,,0
14001609,'1176495',1927,,1913,40,,,0
14001609,'1176500',1627,,1914,40,,,0
14001609,'1176504',1727,,1915,40,,,0
14001609,'1176510',1527,,1916,40,,,0
14001609,'1176518',1657,,1917,40,,,0
14001609,'1176524',1027,,1918,40,,,0
14001609,'1176533',927,,1919,40,,,0
14001609,'1176577',2127,,1921,40,,,0
14001609,'1176602',1427,,1924,40,,,0
14001609,'1176621',1927,,1926,40,,,0
14001609,'1176627',1727,,1927,40,,,0
14001609,'1176666',727,,1928,20,,,0
14001609,'1176671',1227,,1929,40,,,0
