11009,'1175720',1156,,1460,2,0,13 14 15,0
11009,'1175910',856,,1463,2,0,13 14 15,0
11009,'1175948',1656,,1464,2,0,13 14 15,0
11009,'1176063',1456,,1465,2,0,13 14 15,0
11009,'1176079',1356,,1466,2,0,13 14 15,0
11009,'1176108',956,,1467,2,0,13 14 15,0
11009,'1176321',1056,,1471,2,0,13 14 15,0
11009,'1176658',1556,,1476,2,0,13 14 15,0
11009,'1176675',1256,,1477,2,0,13 14 15,0
20009,'1175886',1456,,1606,13,,,0
20009,'1176006',956,,1608,13,,,0
20009,'1176032',1256,,1609,13,,,0
20009,'1176110',1556,,1610,13,,,0
20009,'1176370',1156,,1614,13,,,0
20009,'1176412',1056,,1617,13,,,0
20009,'1176469',1356,,1619,13,,,0
20009,'1176512',1656,,1620,13,,,0
20009,'1176525',856,,1621,3,,,0
19001109,'1175757',2216,,1930,26,,,0
19001109,'1175788',1816,,1931,26,,,0
19001109,'1175797',1416,,1932,26,,,0
19001109,'1175800',1016,,1933,26,,,0
19001109,'1175811',1546,,1934,2,,,0
19001109,'1175846',1916,,1935,26,,,0
19001109,'1175854',1046,,1936,2,,,0
19001109,'1175866',1746,,1937,26,,,0
19001109,'1175889',1316,,1939,26,,,0
19001109,'1175960',1246,,1940,2,,,0
19001109,'1175990',1216,,1942,26,,,0
19001109,'1176025',616,,1943,5,,,0
19001109,'1176026',1316,,1944,26,,,0
19001109,'1176076',646,,1945,2,,,0
19001109,'1176086',1016,,1946,26,,,0
19001109,'1176114',916,,1947,26,,,0
19001109,'1176152',746,,1948,26,,,0
19001109,'1176229',2216,,1949,26,,,0
19001109,'1176246',816,,1950,26,,,0
19001109,'1176315',716,,1951,26,,,0
19001109,'1176316',1216,,1952,26,,,0
19001109,'1176317',1716,,1953,26,,,0
19001109,'1176322',946,,1954,26,,,0
19001109,'1176337',2016,,1955,26,,,0
19001109,'1176344',1616,,1956,26,,,0
19001109,'1176353',1616,,1957,26,,,0
19001109,'1176386',716,,1958,26,,,0
19001109,'1176406',1446,,1959,2,,,0
19001109,'1176429',1346,,1960,2,,,0
19001109,'1176444',1916,,1961,26,,,0
19001109,'1176445',2116,,1962,26,,,0
19001109,'1176478',1816,,1963,26,,,0
19001109,'1176517',1516,,1965,26,,,0
19001109,'1176557',916,,1966,26,,,0
19001109,'1176559',2016,,1967,26,,,0
19001109,'1176563',846,,1968,26,,,0
19001109,'1176570',1516,,1969,26,,,0
19001109,'1176581',1146,,1970,2,,,0
19001109,'1176586',1646,,1971,2,,,0
19001109,'1176595',1716,,1972,26,,,0
19001109,'1176605',1116,,1973,26,,,0
19001109,'1176616',1116,,1974,26,,,0
19001109,'1176620',816,,1975,26,,,0
19001109,'1176668',2116,,1976,26,,,0
19001109,'1176674',1416,,1977,26,,,0
19001709,'1175717',1516,,2072,35,,,0
19001709,'1175742',1116,,2073,35,,,0
19001709,'1175751',1116,,2074,35,,,0
19001709,'1175777',1146,,2075,2,,,0
19001709,'1175789',716,,2076,35,,,0
19001709,'1175830',2016,,2077,35,,,0
19001709,'1175877',1216,,2078,35,,,0
19001709,'1175947',1716,,2079,35,,,0
19001709,'1175951',746,,2080,35,,,0
19001709,'1175978',816,,2081,35,,,0
19001709,'1176042',1716,,2082,35,,,0
19001709,'1176058',1516,,2084,35,,,0
19001709,'1176065',1616,,2085,35,,,0
19001709,'1176099',1416,,2086,35,,,0
19001709,'1176116',1546,,2087,2,,,0
19001709,'1176119',1816,,2088,35,,,0
19001709,'1176120',1916,,2089,35,,,0
19001709,'1176130',1316,,2091,35,,,0
19001709,'1176156',2016,,2092,35,,,0
19001709,'1176161',1416,,2093,35,,,0
19001709,'1176166',946,,2094,35,,,0
19001709,'1176201',916,,2095,35,,,0
19001709,'1176209',1346,,2096,2,,,0
19001709,'1176252',846,,2097,35,,,0
19001709,'1176264',1446,,2098,2,,,0
19001709,'1176273',1016,,2099,35,,,0
19001709,'1176297',1246,,2100,2,,,0
19001709,'1176303',1646,,2101,35,,,0
19001709,'1176312',1746,,2102,35,,,0
19001709,'1176349',1916,,2103,35,,,0
19001709,'1176380',1046,,2104,2,,,0
19001709,'1176415',816,,2105,35,,,0
19001709,'1176420',1216,,2106,35,,,0
19001709,'1176482',1316,,2108,35,,,0
19001709,'1176513',716,,2109,35,,,0
19001709,'1176547',616,,2110,2,,,0
19001709,'1176554',1816,,2111,35,,,0
19001709,'1176592',646,,2112,35,,,0
19001709,'1176601',1616,,2113,35,,,0
19001709,'1176617',2116,,2114,35,,,0
19001709,'1176629',1016,,2115,35,,,0
19001709,'1176637',916,,2116,35,,,0
19001709,'1176655',2116,,2118,35,,,0
