12009,'1175885',1736,,1519,20,0,18 7,0
12009,'1175923',1536,,1520,20,0,18 7,0
12009,'1175952',1336,,1521,20,0,18 7,0
12009,'1175971',1036,,1522,20,0,18 7,0
12009,'1176115',1136,,1524,20,0,18 7,0
12009,'1176305',1636,,1526,20,0,18 7,0
12009,'1176431',1436,,1528,20,0,18 7,0
12009,'1176538',936,,1530,20,0,18 7,0
12009,'1176625',1236,,1531,20,0,18 7,0
19001109,'1175757',2155,,1930,15,,,0
19001109,'1175788',1755,,1931,15,,,0
19001109,'1175797',1355,,1932,16,,,0
19001109,'1175800',955,,1933,15,,,0
19001109,'1175846',1855,,1935,15,,,0
19001109,'1175866',1725,,1937,15,,,0
19001109,'1175873',1825,,1938,15,0,8 21,0
19001109,'1175889',1255,,1939,16,,,0
19001109,'1175976',2250,,1941,15,0,12,0
19001109,'1175990',1155,,1942,16,,,0
19001109,'1176026',1255,,1944,16,,,0
19001109,'1176086',955,,1946,15,,,0
19001109,'1176114',855,,1947,15,,,0
19001109,'1176152',725,,1948,15,,,0
19001109,'1176229',2155,,1949,15,,,0
19001109,'1176246',755,,1950,15,,,0
19001109,'1176315',655,,1951,15,,,0
19001109,'1176316',1155,,1952,16,,,0
19001109,'1176317',1655,,1953,15,,,0
19001109,'1176322',925,,1954,15,,,0
19001109,'1176337',1955,,1955,15,,,0
19001109,'1176344',1555,,1956,16,,,0
19001109,'1176353',1555,,1957,16,,,0
19001109,'1176386',655,,1958,15,,,0
19001109,'1176444',1855,,1961,15,,,0
19001109,'1176445',2055,,1962,15,,,0
19001109,'1176478',1755,,1963,15,,,0
19001109,'1176509',2250,,1964,15,0,12,0
19001109,'1176517',1455,,1965,16,,,0
19001109,'1176557',855,,1966,15,,,0
19001109,'1176559',1955,,1967,15,,,0
19001109,'1176563',825,,1968,15,,,0
19001109,'1176570',1455,,1969,16,,,0
19001109,'1176595',1655,,1972,15,,,0
19001109,'1176605',1055,,1973,16,,,0
19001109,'1176616',1055,,1974,16,,,0
19001109,'1176620',755,,1975,15,,,0
19001109,'1176668',2055,,1976,15,,,0
19001109,'1176674',1355,,1977,16,,,0
