12009,'1175885',1801,,1519,29,0,18 7,0
12009,'1175923',1548,,1520,29,0,18 7,0
12009,'1175952',1348,,1521,29,0,18 7,0
12009,'1175971',1048,,1522,29,0,18 7,0
12009,'1176115',1148,,1524,29,0,18 7,0
12009,'1176305',1648,,1526,29,0,18 7,0
12009,'1176431',1448,,1528,29,0,18 7,0
12009,'1176538',948,,1530,29,0,18 7,0
12009,'1176625',1248,,1531,29,0,18 7,0
14001609,'1175722',1123,,1882,30,,,0
14001609,'1175752',723,,1883,30,,,0
14001609,'1175760',2023,,1884,30,,,0
14001609,'1175908',853,,1888,30,,,0
14001609,'1175922',1223,,1889,30,,,0
14001609,'1175936',823,,1890,30,,,0
14001609,'1175986',1423,,1892,30,,,0
14001609,'1175988',1323,,1893,30,,,0
14001609,'1175989',1823,,1894,30,,,0
14001609,'1176015',923,,1896,30,,,0
14001609,'1176168',1323,,1898,30,,,0
14001609,'1176170',1553,,1899,30,,,0
14001609,'1176241',2123,,1900,30,,,0
14001609,'1176247',753,,1901,30,,,0
14001609,'1176270',2223,,1902,30,,,0
14001609,'1176280',1623,,1903,30,,,0
14001609,'1176296',1523,,1904,30,,,0
14001609,'1176309',2223,,1905,30,,,0
14001609,'1176320',1823,,1906,30,,,0
14001609,'1176381',1023,,1908,30,,,0
14001609,'1176402',2023,,1909,30,,,0
14001609,'1176421',823,,1910,30,,,0
14001609,'1176486',1753,,1911,30,,,0
14001609,'1176492',1123,,1912,30,,,0
14001609,'1176495',1923,,1913,30,,,0
14001609,'1176500',1623,,1914,30,,,0
14001609,'1176504',1723,,1915,30,,,0
14001609,'1176510',1523,,1916,30,,,0
14001609,'1176518',1653,,1917,30,,,0
14001609,'1176524',1023,,1918,30,,,0
14001609,'1176533',923,,1919,30,,,0
14001609,'1176577',2123,,1921,30,,,0
14001609,'1176602',1423,,1924,30,,,0
14001609,'1176621',1923,,1926,30,,,0
14001609,'1176627',1723,,1927,30,,,0
14001609,'1176666',723,,1928,10,,,0
14001609,'1176671',1223,,1929,30,,,0
