12009,'1142310',1350,,731,33,0,18 7,0
12009,'1142322',1650,,733,33,0,18 7,0
12009,'1142382',1803,,735,33,0,18 7,0
12009,'1142384',1550,,736,33,0,18 7,0
12009,'1142414',950,,737,33,0,18 7,0
12009,'1142500',1250,,738,33,0,18 7,0
12009,'1142738',1450,,744,33,0,18 7,0
12009,'1142794',1150,,745,33,0,18 7,0
12009,'1142813',1050,,746,33,0,18 7,0
14001609,'1142130',1925,,1014,34,,,0
14001609,'1142152',1625,,1015,34,,,0
14001609,'1142186',1925,,1016,34,,,0
14001609,'1142197',825,,1017,34,,,0
14001609,'1142215',2225,,1018,34,,,0
14001609,'1142219',2025,,1019,34,,,0
14001609,'1142234',1725,,1021,34,,,0
14001609,'1142240',855,,1023,34,,,0
14001609,'1142262',1525,,1025,34,,,0
14001609,'1142276',725,,1026,14,,,0
14001609,'1142288',1825,,1027,34,,,0
14001609,'1142311',925,,1029,34,,,0
14001609,'1142313',1325,,1030,34,,,0
14001609,'1142401',1125,,1032,34,,,0
14001609,'1142452',1425,,1033,34,,,0
14001609,'1142468',1325,,1034,34,,,0
14001609,'1142480',1655,,1036,34,,,0
14001609,'1142540',725,,1038,34,,,0
14001609,'1142548',1725,,1039,34,,,0
14001609,'1142594',1025,,1040,34,,,0
14001609,'1142614',1425,,1041,34,,,0
14001609,'1142631',925,,1042,34,,,0
14001609,'1142633',1825,,1043,34,,,0
14001609,'1142638',1755,,1044,34,,,0
14001609,'1142644',825,,1045,34,,,0
14001609,'1142658',2125,,1046,34,,,0
14001609,'1142677',1025,,1047,34,,,0
14001609,'1142688',1225,,1048,34,,,0
14001609,'1142696',2025,,1049,34,,,0
14001609,'1142711',755,,1050,34,,,0
14001609,'1142739',1125,,1052,34,,,0
14001609,'1142758',2125,,1053,34,,,0
14001609,'1142832',2225,,1055,34,,,0
14001609,'1142833',1555,,1056,34,,,0
14001609,'1142864',1525,,1057,34,,,0
14001609,'1142866',1625,,1058,34,,,0
14001609,'1142888',1225,,1061,34,,,0
