13009,'1176096',1126,,1537,6,,,0
13009,'1176190',1526,,1540,6,,,0
13009,'1176224',1026,,1542,6,,,0
13009,'1176248',1726,,1543,6,,,0
13009,'1176271',1626,,1544,6,,,0
13009,'1176360',926,,1545,6,,,0
13009,'1176371',1226,,1546,6,,,0
13009,'1176623',1326,,1549,6,,,0
13009,'1176644',1426,,1550,6,,,0
14001209,'1175718',1620,,1789,6,,,0
14001209,'1175861',1850,,1790,6,,,0
14001209,'1175900',1720,,1791,6,,,0
14001209,'1175913',2250,,1792,6,0,8 21,0
14001209,'1175915',2050,,1793,6,,,0
14001209,'1175917',1420,,1794,6,,,0
14001209,'1175919',1950,,1795,6,,,0
14001209,'1175938',750,,1796,6,,,0
14001209,'1175939',1750,,1797,6,,,0
14001209,'1175983',2150,,1798,6,,,0
14001209,'1176007',1250,,1799,6,,,0
14001209,'1176012',1050,,1800,6,,,0
14001209,'1176069',850,,1801,6,,,0
14001209,'1176070',1150,,1802,6,,,0
14001209,'1176091',950,,1803,6,,,0
14001209,'1176103',950,,1805,6,,,0
14001209,'1176117',1150,,1806,6,,,0
14001209,'1176122',2250,,1807,6,0,8 21,0
14001209,'1176163',1850,,1808,6,,,0
14001209,'1176213',1050,,1809,6,,,0
14001209,'1176217',1550,,1810,6,,,0
14001209,'1176245',1750,,1811,6,,,0
14001209,'1176255',850,,1812,6,,,0
14001209,'1176275',1650,,1813,6,,,0
14001209,'1176323',1120,,1814,6,,,0
14001209,'1176336',1820,,1815,6,0,8 21,0
14001209,'1176343',1350,,1816,6,,,0
14001209,'1176354',1450,,1817,6,,,0
14001209,'1176378',1250,,1818,6,,,0
14001209,'1176401',720,,1819,6,,,0
14001209,'1176411',2050,,1820,6,,,0
14001209,'1176440',1450,,1821,6,,,0
14001209,'1176458',650,,1822,6,,,0
14001209,'1176470',1550,,1823,6,,,0
14001209,'1176472',1020,,1824,6,,,0
14001209,'1176483',1320,,1825,6,,,0
14001209,'1176488',1650,,1826,6,,,0
14001209,'1176515',1950,,1827,6,,,0
14001209,'1176526',920,,1828,6,,,0
14001209,'1176532',1220,,1829,6,,,0
14001209,'1176546',2150,,1830,6,,,0
14001209,'1176594',820,,1831,6,,,0
14001209,'1176599',1520,,1832,6,,,0
14001209,'1176626',750,,1833,6,,,0
14001209,'1176676',1350,,1834,6,,,0
