12009,'1175745',1527,,1515,18,,,0
12009,'1175747',1427,,1516,18,,,0
12009,'1175827',1127,,1517,18,,,0
12009,'1175839',1727,,1518,18,,,0
12009,'1176031',1027,,1523,18,,,0
12009,'1176149',1227,,1525,18,,,0
12009,'1176417',1327,,1527,18,,,0
12009,'1176471',1627,,1529,18,,,0
12009,'1176692',927,,1532,18,,,0
19001709,'1175717',1453,,2072,19,,,0
19001709,'1175742',1053,,2073,19,,,0
19001709,'1175751',1053,,2074,19,,,0
19001709,'1175789',653,,2076,19,,,0
19001709,'1175830',1953,,2077,19,,,0
19001709,'1175877',1153,,2078,19,,,0
19001709,'1175947',1653,,2079,19,,,0
19001709,'1175951',723,,2080,19,,,0
19001709,'1175978',753,,2081,19,,,0
19001709,'1176042',1653,,2082,19,,,0
19001709,'1176052',2153,,2083,19,0,8 21,0
19001709,'1176058',1453,,2084,19,,,0
19001709,'1176065',1553,,2085,19,,,0
19001709,'1176099',1353,,2086,19,,,0
19001709,'1176119',1753,,2088,19,,,0
19001709,'1176120',1853,,2089,19,,,0
19001709,'1176124',2253,,2090,19,0,8 21,0
19001709,'1176130',1253,,2091,19,,,0
19001709,'1176156',1953,,2092,19,,,0
19001709,'1176161',1353,,2093,19,,,0
19001709,'1176166',923,,2094,19,,,0
19001709,'1176201',853,,2095,19,,,0
19001709,'1176252',823,,2097,19,,,0
19001709,'1176273',953,,2099,19,,,0
19001709,'1176303',1623,,2101,19,,,0
19001709,'1176312',1723,,2102,19,,,0
19001709,'1176349',1853,,2103,19,,,0
19001709,'1176415',753,,2105,19,,,0
19001709,'1176420',1153,,2106,19,,,0
19001709,'1176468',2153,,2107,19,0,8 21,0
19001709,'1176482',1253,,2108,19,,,0
19001709,'1176513',653,,2109,19,,,0
19001709,'1176554',1753,,2111,19,,,0
19001709,'1176592',623,,2112,19,,,0
19001709,'1176601',1553,,2113,19,,,0
19001709,'1176617',2053,,2114,19,,,0
19001709,'1176629',953,,2115,19,,,0
19001709,'1176637',853,,2116,19,,,0
19001709,'1176640',1823,,2117,19,0,8 21,0
19001709,'1176655',2053,,2118,19,,,0
19001709,'1176661',2253,,2119,19,0,8 21,0
