14009,'1142164',1153,,765,36,0,5 6 7,0
14009,'1142187',1453,,767,36,0,5 6 7,0
14009,'1142323',1653,,768,36,0,5 6 7,0
14009,'1142325',1806,,769,36,0,5 6 7,0
14009,'1142341',1253,,770,36,0,5 6 7,0
14009,'1142386',953,,773,36,0,5 6 7,0
14009,'1142559',1553,,776,36,0,5 6 7,0
14009,'1142645',1353,,778,36,0,5 6 7,0
14009,'1142708',1053,,780,36,0,5 6 7,0
14001409,'1142132',1234,,967,42,,,0
14001409,'1142141',934,,968,42,,,0
14001409,'1142149',1734,,969,42,,,0
14001409,'1142155',1232,,970,42,,,0
14001409,'1142175',1332,,971,42,,,0
14001409,'1142179',1504,,972,42,,,0
14001409,'1142200',1434,,973,42,,,0
14001409,'1142203',2232,,974,42,,,0
14001409,'1142206',1932,,975,42,,,0
14001409,'1142211',804,,976,42,,,0
14001409,'1142248',704,,977,21,,,0
14001409,'1142253',1034,,978,42,,,0
14001409,'1142257',2032,,979,42,,,0
14001409,'1142272',1934,,980,42,,,0
14001409,'1142298',932,,981,42,,,0
14001409,'1142299',1732,,982,42,,,0
14001409,'1142338',1632,,983,42,,,0
14001409,'1142361',2132,,984,42,,,0
14001409,'1142371',1304,,985,42,,,0
14001409,'1142372',732,,986,21,,,0
14001409,'1142373',1804,,987,42,,,0
14001409,'1142381',2134,,988,42,,,0
14001409,'1142416',734,,989,42,,,0
14001409,'1142418',1534,,990,42,,,0
14001409,'1142456',1132,,992,42,,,0
14001409,'1142477',1204,,993,42,,,0
14001409,'1142481',1704,,994,42,,,0
14001409,'1142488',1604,,995,42,,,0
14001409,'1142526',1334,,996,42,,,0
14001409,'1142544',632,,997,14,,,0
14001409,'1142560',1532,,998,42,,,0
14001409,'1142562',1432,,999,42,,,0
14001409,'1142611',1404,,1000,42,,,0
14001409,'1142629',1004,,1001,42,,,0
14001409,'1142639',1832,,1002,42,,,0
14001409,'1142654',1634,,1003,42,,,0
14001409,'1142701',834,,1004,42,,,0
14001409,'1142714',1032,,1005,42,,,0
14001409,'1142737',634,,1006,14,,,0
14001409,'1142752',2034,,1007,42,,,0
14001409,'1142757',832,,1008,42,,,0
14001409,'1142821',2234,,1009,42,,,0
14001409,'1142851',1134,,1010,42,,,0
14001409,'1142870',1104,,1011,42,,,0
14001409,'1142874',1834,,1012,42,,,0
14001409,'1142883',904,,1013,42,,,0
