12009,'1142310',1349,,731,31,0,18 7,0
12009,'1142322',1649,,733,31,0,18 7,0
12009,'1142382',1802,,735,31,0,18 7,0
12009,'1142384',1549,,736,31,0,18 7,0
12009,'1142414',949,,737,31,0,18 7,0
12009,'1142500',1249,,738,31,0,18 7,0
12009,'1142738',1449,,744,31,0,18 7,0
12009,'1142794',1149,,745,31,0,18 7,0
12009,'1142813',1049,,746,31,0,18 7,0
14001609,'1142130',1924,,1014,32,,,0
14001609,'1142152',1624,,1015,32,,,0
14001609,'1142186',1924,,1016,32,,,0
14001609,'1142197',824,,1017,32,,,0
14001609,'1142215',2224,,1018,32,,,0
14001609,'1142219',2024,,1019,32,,,0
14001609,'1142234',1724,,1021,32,,,0
14001609,'1142240',854,,1023,32,,,0
14001609,'1142262',1524,,1025,32,,,0
14001609,'1142276',724,,1026,12,,,0
14001609,'1142288',1824,,1027,32,,,0
14001609,'1142311',924,,1029,32,,,0
14001609,'1142313',1324,,1030,32,,,0
14001609,'1142401',1124,,1032,32,,,0
14001609,'1142452',1424,,1033,32,,,0
14001609,'1142468',1324,,1034,32,,,0
14001609,'1142480',1654,,1036,32,,,0
14001609,'1142540',724,,1038,32,,,0
14001609,'1142548',1724,,1039,32,,,0
14001609,'1142594',1024,,1040,32,,,0
14001609,'1142614',1424,,1041,32,,,0
14001609,'1142631',924,,1042,32,,,0
14001609,'1142633',1824,,1043,32,,,0
14001609,'1142638',1754,,1044,32,,,0
14001609,'1142644',824,,1045,32,,,0
14001609,'1142658',2124,,1046,32,,,0
14001609,'1142677',1024,,1047,32,,,0
14001609,'1142688',1224,,1048,32,,,0
14001609,'1142696',2024,,1049,32,,,0
14001609,'1142711',754,,1050,32,,,0
14001609,'1142739',1124,,1052,32,,,0
14001609,'1142758',2124,,1053,32,,,0
14001609,'1142832',2224,,1055,32,,,0
14001609,'1142833',1554,,1056,32,,,0
14001609,'1142864',1524,,1057,32,,,0
14001609,'1142866',1624,,1058,32,,,0
14001609,'1142888',1224,,1061,32,,,0
