16009,'1175714',1305,,1587,14,,,0
16009,'1176136',1005,,1592,14,,,0
16009,'1176272',1405,,1595,14,,,0
16009,'1176282',905,,1596,14,,,0
16009,'1176290',1705,,1597,14,,,0
16009,'1176390',1205,,1598,14,,,0
16009,'1176528',1505,,1600,14,,,0
16009,'1176535',1605,,1601,14,,,0
16009,'1176682',1105,,1604,14,,,0
21609,'1175813',1925,,1624,14,,,0
21609,'1175831',725,,1625,14,,,0
21609,'1175857',1655,,1626,14,,,0
21609,'1175869',1725,,1627,14,,,0
21609,'1175916',1555,,1628,14,,,0
21609,'1175929',1325,,1629,14,,,0
21609,'1175966',1725,,1630,14,,,0
21609,'1175997',2125,,1631,14,,,0
21609,'1175998',925,,1632,14,,,0
21609,'1176028',1025,,1633,14,,,0
21609,'1176037',1825,,1634,14,,,0
21609,'1176041',1825,,1635,14,,,0
21609,'1176046',725,,1636,14,,,0
21609,'1176054',1625,,1637,14,,,0
21609,'1176067',655,,1638,14,,,0
21609,'1176111',1125,,1639,14,,,0
21609,'1176200',1425,,1640,14,,,0
21609,'1176207',2125,,1641,14,,,0
21609,'1176218',1125,,1642,14,,,0
21609,'1176289',1025,,1643,14,,,0
21609,'1176352',1225,,1644,14,,,0
21609,'1176395',1925,,1645,14,,,0
21609,'1176414',2025,,1646,14,,,0
21609,'1176430',1755,,1647,14,,,0
21609,'1176454',1625,,1648,14,,,0
21609,'1176460',825,,1649,14,,,0
21609,'1176467',1525,,1650,14,,,0
21609,'1176534',625,,1651,14,,,0
21609,'1176553',1225,,1652,14,,,0
21609,'1176576',925,,1653,14,,,0
21609,'1176651',825,,1654,14,,,0
21609,'1176656',1525,,1655,14,,,0
21609,'1176659',1425,,1656,14,,,0
21609,'1176663',1325,,1657,14,,,0
21609,'1176665',855,,1658,14,,,0
21609,'1176686',2025,,1659,14,,,0
21609,'1176690',755,,1660,14,,,0
