14009,'1175724',1430,,1551,11,0,5 6 22,0
14009,'1175759',1230,,1552,11,0,5 6 22,0
14009,'1175767',1330,,1553,11,0,5 6 22,0
14009,'1175834',1530,,1557,11,0,5 6 22,0
14009,'1176178',1030,,1560,11,0,5 6 22,0
14009,'1176234',1730,,1561,11,0,5 6 22,0
14009,'1176418',1130,,1564,11,0,5 6 22,0
14009,'1176613',1630,,1566,11,0,5 6 22,0
14009,'1176636',930,,1567,11,0,5 6 22,0
19001509,'1175715',2051,,2024,10,,,0
19001509,'1175729',951,,2025,10,,,0
19001509,'1175736',2151,,2026,10,0,12,0
19001509,'1175740',751,,2027,10,,,0
19001509,'1175741',1251,,2028,10,,,0
19001509,'1175769',2251,,2029,10,0,12,0
19001509,'1175774',2151,,2030,10,0,12,0
19001509,'1175778',1721,,2031,10,,,0
19001509,'1175793',1751,,2032,10,,,0
19001509,'1175801',751,,2033,10,,,0
19001509,'1175845',1321,,2034,10,,,0
19001509,'1175897',1421,,2035,10,,,0
19001509,'1175899',1151,,2036,10,,,0
19001509,'1175907',921,,2037,10,,,0
19001509,'1175925',1551,,2038,10,,,0
19001509,'1175932',1451,,2039,10,,,0
19001509,'1175953',1521,,2040,10,,,0
19001509,'1175967',1021,,2042,10,,,0
19001509,'1175996',1621,,2043,10,,,0
19001509,'1176000',851,,2044,10,,,0
19001509,'1176049',1651,,2045,10,,,0
19001509,'1176055',1851,,2046,10,,,0
19001509,'1176057',951,,2047,10,,,0
19001509,'1176073',721,,2048,10,,,0
19001509,'1176074',651,,2049,10,,,0
19001509,'1176085',1851,,2050,10,,,0
19001509,'1176090',2051,,2051,10,,,0
19001509,'1176092',1051,,2052,10,,,0
19001509,'1176093',851,,2053,10,,,0
19001509,'1176105',1951,,2054,10,,,0
19001509,'1176238',1451,,2055,10,,,0
19001509,'1176266',1121,,2056,10,,,0
19001509,'1176293',1351,,2057,10,,,0
19001509,'1176328',1221,,2058,10,,,0
19001509,'1176335',1951,,2059,10,,,0
19001509,'1176340',1821,,2060,10,0,12,0
19001509,'1176355',1551,,2061,10,,,0
19001509,'1176358',1251,,2062,10,,,0
19001509,'1176362',1751,,2063,10,,,0
19001509,'1176426',1051,,2064,10,,,0
19001509,'1176434',2251,,2065,10,0,12,0
19001509,'1176496',1351,,2067,10,,,0
19001509,'1176536',651,,2068,10,,,0
19001509,'1176537',821,,2069,10,,,0
19001509,'1176684',1651,,2070,10,,,0
19001509,'1176689',1151,,2071,10,,,0
