14009,'1142177',1029,,766,9,,,0
14009,'1142342',1529,,771,9,,,0
14009,'1142362',1329,,772,9,,,0
14009,'1142406',929,,774,9,,,0
14009,'1142444',1229,,775,9,,,0
14009,'1142613',1729,,777,9,,,0
14009,'1142687',1629,,779,9,,,0
14009,'1142827',1429,,781,9,,,0
14009,'1142830',1129,,782,9,,,0
19001509,'1142133',1649,,1156,8,,,0
19001509,'1142153',649,,1158,8,,,0
19001509,'1142160',949,,1159,8,,,0
19001509,'1142170',1449,,1160,8,,,0
19001509,'1142181',649,,1161,8,,,0
19001509,'1142183',1549,,1162,8,,,0
19001509,'1142185',1449,,1163,8,,,0
19001509,'1142201',819,,1164,8,,,0
19001509,'1142204',1249,,1165,8,,,0
19001509,'1142207',2149,,1166,8,0,12,0
19001509,'1142217',1049,,1167,8,,,0
19001509,'1142250',2049,,1168,8,,,0
19001509,'1142261',1219,,1169,8,,,0
19001509,'1142284',1019,,1170,8,,,0
19001509,'1142295',2249,,1171,8,0,12,0
19001509,'1142302',1749,,1172,8,,,0
19001509,'1142304',1819,,1173,8,0,12,0
19001509,'1142318',919,,1174,8,,,0
19001509,'1142351',1949,,1175,8,,,0
19001509,'1142376',1749,,1176,8,,,0
19001509,'1142422',1149,,1177,8,,,0
19001509,'1142427',749,,1178,8,,,0
19001509,'1142428',1619,,1179,8,,,0
19001509,'1142440',1249,,1180,8,,,0
19001509,'1142443',1949,,1181,8,,,0
19001509,'1142474',719,,1182,8,,,0
19001509,'1142476',1319,,1183,8,,,0
19001509,'1142512',1119,,1184,8,,,0
19001509,'1142514',1549,,1185,8,,,0
19001509,'1142532',2149,,1186,8,0,12,0
19001509,'1142587',1719,,1187,8,,,0
19001509,'1142615',1849,,1188,8,,,0
19001509,'1142630',1849,,1189,8,,,0
19001509,'1142653',1649,,1190,8,,,0
19001509,'1142655',849,,1191,8,,,0
19001509,'1142675',749,,1192,8,,,0
19001509,'1142699',2249,,1193,8,0,12,0
19001509,'1142725',1519,,1194,8,,,0
19001509,'1142736',1349,,1195,8,,,0
19001509,'1142755',1049,,1196,8,,,0
19001509,'1142799',1419,,1198,8,,,0
19001509,'1142808',2049,,1199,8,,,0
19001509,'1142818',1149,,1200,8,,,0
19001509,'1142823',1349,,1201,8,,,0
19001509,'1142868',849,,1202,8,,,0
19001509,'1142879',949,,1203,8,,,0
