20009,'1175879',1444,,1605,13,0,10 11,0
20009,'1175940',1044,,1607,13,0,10 11,0
20009,'1176265',1544,,1612,13,0,10 11,0
20009,'1176319',1744,,1613,13,0,10 11,0
20009,'1176398',1344,,1615,13,0,10 11,0
20009,'1176408',944,,1616,13,0,10 11,0
20009,'1176425',1144,,1618,13,0,10 11,0
20009,'1176552',1244,,1622,13,0,10 11,0
20009,'1176647',1644,,1623,13,0,10 11,0
14001609,'1175722',1057,,1882,15,,,0
14001609,'1175752',657,,1883,15,,,0
14001609,'1175760',1957,,1884,15,,,0
14001609,'1175799',927,,1885,15,0,8 21,0
14001609,'1175804',1027,,1886,15,0,8 21,0
14001609,'1175908',827,,1888,15,,,0
14001609,'1175922',1157,,1889,15,,,0
14001609,'1175936',757,,1890,15,,,0
14001609,'1175982',1127,,1891,15,0,8 21,0
14001609,'1175986',1357,,1892,15,,,0
14001609,'1175988',1257,,1893,15,,,0
14001609,'1175989',1757,,1894,15,,,0
14001609,'1176010',1227,,1895,15,0,8 21,0
14001609,'1176015',857,,1896,15,,,0
14001609,'1176131',1327,,1897,15,0,8 21,0
14001609,'1176168',1257,,1898,15,,,0
14001609,'1176170',1527,,1899,15,,,0
14001609,'1176241',2057,,1900,15,,,0
14001609,'1176247',727,,1901,15,,,0
14001609,'1176270',2157,,1902,15,,,0
14001609,'1176280',1557,,1903,15,,,0
14001609,'1176296',1457,,1904,15,,,0
14001609,'1176309',2157,,1905,15,,,0
14001609,'1176320',1757,,1906,15,,,0
14001609,'1176374',1827,,1907,15,0,8 21,0
14001609,'1176381',957,,1908,15,,,0
14001609,'1176402',1957,,1909,15,,,0
14001609,'1176421',757,,1910,15,,,0
14001609,'1176486',1727,,1911,15,,,0
14001609,'1176492',1057,,1912,15,,,0
14001609,'1176495',1857,,1913,15,,,0
14001609,'1176500',1557,,1914,15,,,0
14001609,'1176504',1657,,1915,15,,,0
14001609,'1176510',1457,,1916,15,,,0
14001609,'1176518',1627,,1917,15,,,0
14001609,'1176524',957,,1918,15,,,0
14001609,'1176533',857,,1919,15,,,0
14001609,'1176577',2057,,1921,15,,,0
14001609,'1176593',1427,,1923,15,0,8 21,0
14001609,'1176602',1357,,1924,15,,,0
14001609,'1176621',1857,,1926,15,,,0
14001609,'1176627',1657,,1927,15,,,0
14001609,'1176671',1157,,1929,15,,,0
