12009,'1142310',1321,,731,5,0,18 7,0
12009,'1142322',1621,,733,5,0,18 7,0
12009,'1142382',1721,,735,5,0,18 7,0
12009,'1142384',1521,,736,5,0,18 7,0
12009,'1142414',921,,737,5,0,18 7,0
12009,'1142500',1221,,738,5,0,18 7,0
12009,'1142738',1421,,744,5,0,18 7,0
12009,'1142794',1121,,745,5,0,18 7,0
12009,'1142813',1021,,746,5,0,18 7,0
19001309,'1142135',2042,,1110,5,,,0
19001309,'1142136',1412,,1111,5,,,0
19001309,'1142154',1942,,1112,5,,,0
19001309,'1142209',1742,,1113,5,,,0
19001309,'1142233',1142,,1114,5,,,0
19001309,'1142307',642,,1115,5,,,0
19001309,'1142324',1512,,1116,5,,,0
19001309,'1142327',712,,1117,5,,,0
19001309,'1142333',1342,,1118,5,,,0
19001309,'1142337',1312,,1119,5,,,0
19001309,'1142343',1242,,1120,5,,,0
19001309,'1142352',842,,1121,5,,,0
19001309,'1142380',2142,,1123,5,,,0
19001309,'1142387',1242,,1124,5,,,0
19001309,'1142413',742,,1125,5,,,0
19001309,'1142434',1042,,1126,5,,,0
19001309,'1142467',1612,,1127,5,,,0
19001309,'1142472',912,,1128,5,,,0
19001309,'1142498',1212,,1129,5,,,0
19001309,'1142507',1142,,1130,5,,,0
19001309,'1142516',842,,1131,5,,,0
19001309,'1142536',942,,1132,5,,,0
19001309,'1142566',812,,1133,5,,,0
19001309,'1142577',1042,,1134,5,,,0
19001309,'1142581',1542,,1135,5,,,0
19001309,'1142617',1342,,1136,5,,,0
19001309,'1142620',1642,,1137,5,,,0
19001309,'1142622',1742,,1138,5,,,0
19001309,'1142657',642,,1139,5,,,0
19001309,'1142741',942,,1141,5,,,0
19001309,'1142775',1842,,1142,5,,,0
19001309,'1142779',1642,,1143,5,,,0
19001309,'1142785',2142,,1144,5,,,0
19001309,'1142804',1842,,1145,5,,,0
19001309,'1142810',1442,,1146,5,,,0
19001309,'1142819',1442,,1147,5,,,0
19001309,'1142828',1712,,1148,5,,,0
19001309,'1142835',2042,,1149,5,,,0
19001309,'1142836',1542,,1150,5,,,0
19001309,'1142848',1012,,1151,5,,,0
19001309,'1142849',1812,,1152,5,0,8 9,0
19001309,'1142865',1112,,1153,5,,,0
19001309,'1142877',1942,,1154,5,,,0
19001309,'1142891',742,,1155,5,,,0
