16009,'1142162',1603,,802,10,,,0
16009,'1142274',1103,,803,10,,,0
16009,'1142641',1003,,807,10,,,0
16009,'1142651',903,,808,10,,,0
16009,'1142668',1703,,809,10,,,0
16009,'1142726',1203,,812,10,,,0
16009,'1142745',1403,,814,10,,,0
16009,'1142790',1303,,816,10,,,0
16009,'1142844',1503,,817,10,,,0
21609,'1142134',853,,838,10,,,0
21609,'1142173',1423,,839,10,,,0
21609,'1142220',1223,,840,10,,,0
21609,'1142255',1623,,841,10,,,0
21609,'1142260',623,,842,10,,,0
21609,'1142266',1323,,843,10,,,0
21609,'1142277',1723,,844,10,,,0
21609,'1142281',823,,845,10,,,0
21609,'1142305',1123,,846,10,,,0
21609,'1142347',2123,,847,10,,,0
21609,'1142348',1023,,848,10,,,0
21609,'1142363',1123,,849,10,,,0
21609,'1142398',723,,850,10,,,0
21609,'1142432',823,,851,10,,,0
21609,'1142489',653,,852,10,,,0
21609,'1142528',2123,,853,10,,,0
21609,'1142549',2023,,854,10,,,0
21609,'1142551',1023,,855,10,,,0
21609,'1142557',1423,,856,10,,,0
21609,'1142574',1323,,857,10,,,0
21609,'1142584',1553,,858,10,,,0
21609,'1142623',1223,,859,10,,,0
21609,'1142647',1523,,860,10,,,0
21609,'1142662',2023,,861,10,,,0
21609,'1142678',923,,862,10,,,0
21609,'1142730',1623,,863,10,,,0
21609,'1142732',923,,864,10,,,0
21609,'1142740',753,,865,10,,,0
21609,'1142753',723,,866,10,,,0
21609,'1142754',1653,,867,10,,,0
21609,'1142762',1923,,868,10,,,0
21609,'1142784',1923,,869,10,,,0
21609,'1142801',1753,,870,10,,,0
21609,'1142822',1523,,871,10,,,0
21609,'1142856',1723,,872,10,,,0
21609,'1142867',1823,,873,10,,,0
21609,'1142890',1823,,874,10,,,0
