12009,'1175745',1524,,1515,12,,,0
12009,'1175747',1424,,1516,12,,,0
12009,'1175827',1124,,1517,12,,,0
12009,'1175839',1724,,1518,12,,,0
12009,'1176031',1024,,1523,12,,,0
12009,'1176149',1224,,1525,12,,,0
12009,'1176417',1324,,1527,12,,,0
12009,'1176471',1624,,1529,12,,,0
12009,'1176692',924,,1532,12,,,0
19001709,'1175717',1448,,2072,12,,,0
19001709,'1175742',1048,,2073,12,,,0
19001709,'1175751',1048,,2074,12,,,0
19001709,'1175789',648,,2076,12,,,0
19001709,'1175830',1948,,2077,12,,,0
19001709,'1175877',1148,,2078,12,,,0
19001709,'1175947',1648,,2079,12,,,0
19001709,'1175951',718,,2080,12,,,0
19001709,'1175978',748,,2081,12,,,0
19001709,'1176042',1648,,2082,12,,,0
19001709,'1176052',2148,,2083,12,0,8 21,0
19001709,'1176058',1448,,2084,12,,,0
19001709,'1176065',1548,,2085,12,,,0
19001709,'1176099',1348,,2086,12,,,0
19001709,'1176119',1748,,2088,12,,,0
19001709,'1176120',1848,,2089,12,,,0
19001709,'1176124',2248,,2090,12,0,8 21,0
19001709,'1176130',1248,,2091,12,,,0
19001709,'1176156',1948,,2092,12,,,0
19001709,'1176161',1348,,2093,12,,,0
19001709,'1176166',918,,2094,12,,,0
19001709,'1176201',848,,2095,12,,,0
19001709,'1176252',818,,2097,12,,,0
19001709,'1176273',948,,2099,12,,,0
19001709,'1176303',1618,,2101,12,,,0
19001709,'1176312',1718,,2102,12,,,0
19001709,'1176349',1848,,2103,12,,,0
19001709,'1176415',748,,2105,12,,,0
19001709,'1176420',1148,,2106,12,,,0
19001709,'1176468',2148,,2107,12,0,8 21,0
19001709,'1176482',1248,,2108,12,,,0
19001709,'1176513',648,,2109,12,,,0
19001709,'1176554',1748,,2111,12,,,0
19001709,'1176592',618,,2112,12,,,0
19001709,'1176601',1548,,2113,12,,,0
19001709,'1176617',2048,,2114,12,,,0
19001709,'1176629',948,,2115,12,,,0
19001709,'1176637',848,,2116,12,,,0
19001709,'1176640',1818,,2117,12,0,8 21,0
19001709,'1176655',2048,,2118,12,,,0
19001709,'1176661',2248,,2119,12,0,8 21,0
