11609,'1175716',1144,,1478,11,,,0
11609,'1175732',1544,,1479,11,,,0
11609,'1175756',1344,,1480,11,,,0
11609,'1175773',2044,,1481,11,,,0
11609,'1175832',1814,,1482,11,,,0
11609,'1175843',1444,,1483,11,,,0
11609,'1175850',2144,,1484,11,,,0
11609,'1175868',1244,,1485,11,,,0
11609,'1175918',1644,,1486,11,,,0
11609,'1175942',1744,,1487,11,,,0
11609,'1175949',1714,,1488,11,,,0
11609,'1175954',944,,1489,11,,,0
11609,'1175958',1544,,1490,11,,,0
11609,'1175970',1144,,1491,11,,,0
11609,'1176003',1944,,1492,11,,,0
11609,'1176080',1344,,1493,11,,,0
11609,'1176101',1844,,1494,11,,,0
11609,'1176137',1844,,1495,11,,,0
11609,'1176153',1644,,1496,11,,,0
11609,'1176239',1244,,1497,11,,,0
11609,'1176240',744,,1498,11,,,0
11609,'1176243',644,,1499,11,,,0
11609,'1176254',814,,1500,11,,,0
11609,'1176259',2044,,1501,11,,,0
11609,'1176276',844,,1502,11,,,0
11609,'1176432',714,,1503,11,,,0
11609,'1176433',1614,,1504,11,,,0
11609,'1176442',914,,1505,11,,,0
11609,'1176443',1044,,1506,11,,,0
11609,'1176475',744,,1507,11,,,0
11609,'1176603',1744,,1508,11,,,0
11609,'1176630',2144,,1509,11,,,0
11609,'1176639',1944,,1510,11,,,0
11609,'1176641',1044,,1511,11,,,0
11609,'1176646',944,,1512,11,,,0
11609,'1176652',844,,1513,11,,,0
11609,'1176685',1444,,1514,11,,,0
16009,'1175859',1236,,1588,11,0,16 17 11,0
16009,'1176087',1336,,1589,11,0,16 17 11,0
16009,'1176112',1436,,1590,11,0,16 17 11,0
16009,'1176128',1736,,1591,11,0,16 17 11,0
16009,'1176235',1036,,1593,11,0,16 17 11,0
16009,'1176236',1636,,1594,11,0,16 17 11,0
16009,'1176410',1536,,1599,11,0,16 17 11,0
16009,'1176572',936,,1602,11,0,16 17 11,0
16009,'1176585',1136,,1603,11,0,16 17 11,0
