14009,'1175812',1716,,1554,2,,,0
14009,'1175822',1016,,1555,2,,,0
14009,'1175823',1616,,1556,2,,,0
14009,'1175927',1316,,1558,2,,,0
14009,'1176135',916,,1559,2,,,0
14009,'1176326',1116,,1562,2,,,0
14009,'1176364',1416,,1563,2,,,0
14009,'1176520',1516,,1565,2,,,0
14009,'1176678',1216,,1568,2,,,0
19001109,'1175757',2146,,1930,2,,,0
19001109,'1175788',1746,,1931,2,,,0
19001109,'1175797',1346,,1932,2,,,0
19001109,'1175800',946,,1933,2,,,0
19001109,'1175846',1846,,1935,2,,,0
19001109,'1175866',1716,,1937,2,,,0
19001109,'1175873',1816,,1938,2,0,8 21,0
19001109,'1175889',1246,,1939,2,,,0
19001109,'1175976',2241,,1941,2,0,12,0
19001109,'1175990',1146,,1942,2,,,0
19001109,'1176026',1246,,1944,2,,,0
19001109,'1176086',946,,1946,2,,,0
19001109,'1176114',846,,1947,2,,,0
19001109,'1176152',716,,1948,2,,,0
19001109,'1176229',2146,,1949,2,,,0
19001109,'1176246',746,,1950,2,,,0
19001109,'1176315',646,,1951,2,,,0
19001109,'1176316',1146,,1952,2,,,0
19001109,'1176317',1646,,1953,2,,,0
19001109,'1176322',916,,1954,2,,,0
19001109,'1176337',1946,,1955,2,,,0
19001109,'1176344',1546,,1956,2,,,0
19001109,'1176353',1546,,1957,2,,,0
19001109,'1176386',646,,1958,2,,,0
19001109,'1176444',1846,,1961,2,,,0
19001109,'1176445',2046,,1962,2,,,0
19001109,'1176478',1746,,1963,2,,,0
19001109,'1176509',2241,,1964,2,0,12,0
19001109,'1176517',1446,,1965,2,,,0
19001109,'1176557',846,,1966,2,,,0
19001109,'1176559',1946,,1967,2,,,0
19001109,'1176563',816,,1968,2,,,0
19001109,'1176570',1446,,1969,2,,,0
19001109,'1176595',1646,,1972,2,,,0
19001109,'1176605',1046,,1973,2,,,0
19001109,'1176616',1046,,1974,2,,,0
19001109,'1176620',746,,1975,2,,,0
19001109,'1176668',2046,,1976,2,,,0
19001109,'1176674',1346,,1977,2,,,0
