14009,'1175724',1458,,1551,33,0,5 6 22,0
14009,'1175759',1258,,1552,33,0,5 6 22,0
14009,'1175767',1358,,1553,33,0,5 6 22,0
14009,'1175834',1558,,1557,33,0,5 6 22,0
14009,'1176178',1058,,1560,33,0,5 6 22,0
14009,'1176234',1811,,1561,33,0,5 6 22,0
14009,'1176418',1158,,1564,33,0,5 6 22,0
14009,'1176613',1658,,1566,33,0,5 6 22,0
14009,'1176636',958,,1567,33,0,5 6 22,0
14001009,'1175755',928,,1743,48,,,0
14001009,'1175787',1828,,1744,48,,,0
14001009,'1175798',1828,,1745,48,,,0
14001009,'1175810',728,,1747,15,,,0
14001009,'1175825',1628,,1748,48,,,0
14001009,'1175826',1325,,1749,49,,,0
14001009,'1175836',1758,,1750,48,,,0
14001009,'1175840',2028,,1751,48,,,0
14001009,'1175890',2028,,1753,48,,,0
14001009,'1175905',2128,,1754,48,,,0
14001009,'1175937',1425,,1755,49,,,0
14001009,'1175943',1728,,1756,48,,,0
14001009,'1175995',1125,,1758,49,,,0
14001009,'1176008',758,,1759,48,,,0
14001009,'1176017',828,,1760,48,,,0
14001009,'1176075',1728,,1761,48,,,0
14001009,'1176104',2228,,1762,48,,,0
14001009,'1176141',1327,,1763,49,,,0
14001009,'1176158',1527,,1764,49,,,0
14001009,'1176198',1027,,1766,49,,,0
14001009,'1176208',2228,,1767,48,,,0
14001009,'1176215',1928,,1768,48,,,0
14001009,'1176249',1127,,1770,49,,,0
14001009,'1176269',2128,,1771,48,,,0
14001009,'1176311',1025,,1774,49,,,0
14001009,'1176346',858,,1775,48,,,0
14001009,'1176365',928,,1776,48,,,0
14001009,'1176376',1628,,1777,48,,,0
14001009,'1176382',1225,,1778,49,,,0
14001009,'1176449',728,,1779,48,,,0
14001009,'1176545',828,,1781,48,,,0
14001009,'1176551',1427,,1782,49,,,0
14001009,'1176579',1658,,1783,48,,,0
14001009,'1176580',1227,,1784,49,,,0
14001009,'1176607',1928,,1785,48,,,0
14001009,'1176653',1525,,1788,49,,,0
