15009,'1175719',1709,,1569,17,0,20 15,0
15009,'1175730',1509,,1570,17,0,20 15,0
15009,'1175737',1309,,1571,17,0,20 15,0
15009,'1175828',1409,,1572,17,0,20 15,0
15009,'1175835',1009,,1573,17,0,20 15,0
15009,'1176048',1209,,1578,17,0,20 15,0
15009,'1176230',1609,,1580,17,0,20 15,0
15009,'1176301',909,,1582,17,0,20 15,0
15009,'1176568',1109,,1584,17,0,20 15,0
30009,'1175721',1631,,1661,11,,,0
30009,'1175727',1331,,1662,11,,,0
30009,'1175731',1701,,1663,14,,,0
30009,'1175735',1431,,1664,11,,,0
30009,'1175749',1801,,1665,11,,,0
30009,'1175758',1531,,1666,11,,,0
30009,'1175761',1701,,1667,11,,,0
30009,'1175780',1831,,1669,11,,,0
30009,'1175796',931,,1670,11,,,0
30009,'1175817',1031,,1671,11,,,0
30009,'1175867',1231,,1672,11,,,0
30009,'1175878',831,,1673,11,,,0
30009,'1175895',1801,,1675,14,,,0
30009,'1175903',1501,,1676,14,,,0
30009,'1175906',1401,,1677,14,,,0
30009,'1175911',1031,,1678,11,,,0
30009,'1175920',901,,1679,14,,,0
30009,'1175934',2131,,1680,11,,,0
30009,'1175956',1201,,1681,14,,,0
30009,'1175959',731,,1682,11,,,0
30009,'1175964',901,,1683,11,,,0
30009,'1175968',1001,,1684,14,,,0
30009,'1175972',1131,,1685,11,,,0
30009,'1175993',1001,,1686,11,,,0
30009,'1176011',1501,,1687,14,,,0
30009,'1176018',931,,1688,14,,,0
30009,'1176021',1301,,1689,14,,,0
30009,'1176022',731,,1690,14,,,0
30009,'1176029',1001,,1691,14,,,0
30009,'1176061',1131,,1693,11,,,0
30009,'1176062',1101,,1694,14,,,0
30009,'1176077',1101,,1695,14,,,0
30009,'1176102',1201,,1696,14,,,0
30009,'1176118',1831,,1697,11,,,0
30009,'1176121',1631,,1698,11,,,0
30009,'1176144',1531,,1699,11,,,0
30009,'1176164',2001,,1700,14,,,0
30009,'1176165',2101,,1701,14,,,0
30009,'1176189',1801,,1704,14,,,0
30009,'1176197',831,,1705,14,,,0
30009,'1176210',2201,,1706,14,0,8 21,0
30009,'1176212',1401,,1707,14,,,0
30009,'1176214',1701,,1708,14,,,0
30009,'1176220',1031,,1709,14,0,8 21,0
30009,'1176232',1731,,1710,11,,,0
30009,'1176233',1931,,1711,11,,,0
30009,'1176253',1601,,1712,14,,,0
30009,'1176298',1601,,1714,14,,,0
30009,'1176304',1301,,1715,14,,,0
30009,'1176325',1631,,1716,14,,,0
30009,'1176329',1831,,1717,14,0,8 21,0
30009,'1176333',1231,,1718,11,,,0
30009,'1176363',901,,1719,14,,,0
30009,'1176388',2031,,1720,11,,,0
30009,'1176397',2201,,1721,14,0,8 21,0
30009,'1176404',1931,,1722,11,,,0
30009,'1176405',701,,1723,10,,,0
30009,'1176439',2101,,1725,14,,,0
30009,'1176451',801,,1726,14,,,0
30009,'1176455',801,,1727,14,,,0
30009,'1176456',1731,,1728,11,,,0
30009,'1176480',931,,1730,11,,,0
30009,'1176489',731,,1731,10,,,0
30009,'1176494',801,,1732,11,,,0
30009,'1176499',1601,,1733,11,,,0
30009,'1176503',1431,,1734,11,,,0
30009,'1176511',2131,,1735,11,,,0
30009,'1176516',1331,,1736,11,,,0
30009,'1176560',1901,,1737,14,,,0
30009,'1176569',1731,,1738,14,,,0
30009,'1176582',2001,,1739,14,,,0
30009,'1176588',1901,,1740,14,,,0
30009,'1176633',831,,1741,11,,,0
30009,'1176649',2031,,1742,11,,,0
