20009,'1175879',1446,,1605,15,0,10 11,0
20009,'1175940',1046,,1607,15,0,10 11,0
20009,'1176265',1546,,1612,15,0,10 11,0
20009,'1176319',1746,,1613,15,0,10 11,0
20009,'1176398',1346,,1615,15,0,10 11,0
20009,'1176408',946,,1616,15,0,10 11,0
20009,'1176425',1146,,1618,15,0,10 11,0
20009,'1176552',1246,,1622,15,0,10 11,0
20009,'1176647',1646,,1623,15,0,10 11,0
14001609,'1175722',1100,,1882,17,,,0
14001609,'1175752',700,,1883,17,,,0
14001609,'1175760',2000,,1884,17,,,0
14001609,'1175799',930,,1885,17,0,8 21,0
14001609,'1175804',1030,,1886,17,0,8 21,0
14001609,'1175908',830,,1888,17,,,0
14001609,'1175922',1200,,1889,17,,,0
14001609,'1175936',800,,1890,17,,,0
14001609,'1175982',1130,,1891,17,0,8 21,0
14001609,'1175986',1400,,1892,17,,,0
14001609,'1175988',1300,,1893,17,,,0
14001609,'1175989',1800,,1894,17,,,0
14001609,'1176010',1230,,1895,17,0,8 21,0
14001609,'1176015',900,,1896,17,,,0
14001609,'1176131',1330,,1897,17,0,8 21,0
14001609,'1176168',1300,,1898,17,,,0
14001609,'1176170',1530,,1899,17,,,0
14001609,'1176241',2100,,1900,17,,,0
14001609,'1176247',730,,1901,17,,,0
14001609,'1176270',2200,,1902,17,,,0
14001609,'1176280',1600,,1903,17,,,0
14001609,'1176296',1500,,1904,17,,,0
14001609,'1176309',2200,,1905,17,,,0
14001609,'1176320',1800,,1906,17,,,0
14001609,'1176374',1830,,1907,17,0,8 21,0
14001609,'1176381',1000,,1908,17,,,0
14001609,'1176402',2000,,1909,17,,,0
14001609,'1176421',800,,1910,17,,,0
14001609,'1176486',1730,,1911,17,,,0
14001609,'1176492',1100,,1912,17,,,0
14001609,'1176495',1900,,1913,17,,,0
14001609,'1176500',1600,,1914,17,,,0
14001609,'1176504',1700,,1915,17,,,0
14001609,'1176510',1500,,1916,17,,,0
14001609,'1176518',1630,,1917,17,,,0
14001609,'1176524',1000,,1918,17,,,0
14001609,'1176533',900,,1919,17,,,0
14001609,'1176577',2100,,1921,17,,,0
14001609,'1176593',1430,,1923,17,0,8 21,0
14001609,'1176602',1400,,1924,17,,,0
14001609,'1176621',1900,,1926,17,,,0
14001609,'1176627',1700,,1927,17,,,0
14001609,'1176671',1200,,1929,17,,,0
