12009,'1175885',1817,,1519,52,0,18 7,0
12009,'1175923',1604,,1520,52,0,18 7,0
12009,'1175952',1404,,1521,52,0,18 7,0
12009,'1175971',1104,,1522,52,0,18 7,0
12009,'1176115',1204,,1524,52,0,18 7,0
12009,'1176305',1704,,1526,52,0,18 7,0
12009,'1176431',1504,,1528,52,0,18 7,0
12009,'1176538',1004,,1530,52,0,18 7,0
12009,'1176625',1304,,1531,52,0,18 7,0
14001609,'1175722',1138,,1882,53,,,0
14001609,'1175752',738,,1883,53,,,0
14001609,'1175760',2038,,1884,53,,,0
14001609,'1175852',638,,1887,10,,,0
14001609,'1175908',908,,1888,53,,,0
14001609,'1175922',1238,,1889,53,,,0
14001609,'1175936',838,,1890,53,,,0
14001609,'1175986',1438,,1892,53,,,0
14001609,'1175988',1338,,1893,53,,,0
14001609,'1175989',1838,,1894,53,,,0
14001609,'1176015',938,,1896,53,,,0
14001609,'1176168',1338,,1898,53,,,0
14001609,'1176170',1608,,1899,53,,,0
14001609,'1176241',2138,,1900,53,,,0
14001609,'1176247',808,,1901,53,,,0
14001609,'1176270',2238,,1902,53,,,0
14001609,'1176280',1638,,1903,53,,,0
14001609,'1176296',1538,,1904,53,,,0
14001609,'1176309',2238,,1905,53,,,0
14001609,'1176320',1838,,1906,53,,,0
14001609,'1176381',1038,,1908,53,,,0
14001609,'1176402',2038,,1909,53,,,0
14001609,'1176421',838,,1910,53,,,0
14001609,'1176486',1808,,1911,53,,,0
14001609,'1176492',1138,,1912,53,,,0
14001609,'1176495',1938,,1913,53,,,0
14001609,'1176500',1638,,1914,53,,,0
14001609,'1176504',1738,,1915,53,,,0
14001609,'1176510',1538,,1916,53,,,0
14001609,'1176518',1708,,1917,53,,,0
14001609,'1176524',1038,,1918,53,,,0
14001609,'1176533',938,,1919,53,,,0
14001609,'1176549',708,,1920,10,,,0
14001609,'1176577',2138,,1921,53,,,0
14001609,'1176584',638,,1922,10,,,0
14001609,'1176602',1438,,1924,53,,,0
14001609,'1176610',611,,1925,10,,,0
14001609,'1176621',1938,,1926,53,,,0
14001609,'1176627',1738,,1927,53,,,0
14001609,'1176666',738,,1928,33,,,0
14001609,'1176671',1238,,1929,53,,,0
