13009,'1175768',1405,,1533,15,0,19 15,0
13009,'1175851',1205,,1534,15,0,19 15,0
13009,'1175875',1305,,1535,15,0,19 15,0
13009,'1175888',1105,,1536,15,0,19 15,0
13009,'1176171',1505,,1538,15,0,19 15,0
13009,'1176184',905,,1539,15,0,19 15,0
13009,'1176223',1605,,1541,15,0,19 15,0
13009,'1176463',1005,,1547,15,0,19 15,0
13009,'1176497',1705,,1548,15,0,19 15,0
19001309,'1175728',856,,1978,47,,,0
19001309,'1175734',1526,,1979,47,,,0
19001309,'1175770',2026,,1980,47,,,0
19001309,'1175816',1826,,1982,47,,,0
19001309,'1175833',1726,,1983,47,,,0
19001309,'1175860',1356,,1984,47,,,0
19001309,'1175862',1126,,1985,47,,,0
19001309,'1175891',1156,,1986,47,,,0
19001309,'1175892',956,,1987,47,,,0
19001309,'1175985',656,,1988,15,,,0
19001309,'1175994',926,,1989,47,,,0
19001309,'1176023',826,,1990,47,,,0
19001309,'1176034',1126,,1991,47,,,0
19001309,'1176044',1426,,1992,47,,,0
19001309,'1176064',1056,,1993,47,,,0
19001309,'1176125',1726,,1994,47,,,0
19001309,'1176139',1226,,1995,47,,,0
19001309,'1176167',2226,,1996,47,,,0
19001309,'1176182',1326,,1997,47,,,0
19001309,'1176185',756,,1998,47,,,0
19001309,'1176187',1326,,1999,47,,,0
19001309,'1176196',1226,,2000,47,,,0
19001309,'1176261',1026,,2001,47,,,0
19001309,'1176277',2126,,2002,47,,,0
19001309,'1176318',1426,,2003,47,,,0
19001309,'1176331',2026,,2004,47,,,0
19001309,'1176338',1926,,2005,47,,,0
19001309,'1176348',1556,,2006,47,,,0
19001309,'1176367',1626,,2007,47,,,0
19001309,'1176387',2226,,2008,47,,,0
19001309,'1176389',826,,2009,47,,,0
19001309,'1176392',726,,2010,47,,,0
19001309,'1176394',1626,,2011,47,,,0
19001309,'1176446',1826,,2012,47,,,0
19001309,'1176462',2126,,2013,47,,,0
19001309,'1176473',1926,,2014,47,,,0
19001309,'1176527',1026,,2015,47,,,0
19001309,'1176539',1656,,2016,47,,,0
19001309,'1176543',1456,,2017,47,,,0
19001309,'1176550',626,,2018,15,,,0
19001309,'1176567',926,,2019,47,,,0
19001309,'1176597',1526,,2020,47,,,0
19001309,'1176614',1256,,2021,47,,,0
19001309,'1176638',1756,,2022,47,,,0
19001309,'1176660',726,,2023,47,,,0
