12009,'1175745',1518,,1515,3,,,0
12009,'1175747',1418,,1516,3,,,0
12009,'1175827',1118,,1517,3,,,0
12009,'1175839',1718,,1518,3,,,0
12009,'1176031',1018,,1523,3,,,0
12009,'1176149',1218,,1525,3,,,0
12009,'1176417',1318,,1527,3,,,0
12009,'1176471',1618,,1529,3,,,0
12009,'1176692',918,,1532,3,,,0
19001709,'1175717',1444,,2072,3,,,0
19001709,'1175742',1044,,2073,3,,,0
19001709,'1175751',1044,,2074,3,,,0
19001709,'1175789',644,,2076,3,,,0
19001709,'1175830',1944,,2077,3,,,0
19001709,'1175877',1144,,2078,3,,,0
19001709,'1175947',1644,,2079,3,,,0
19001709,'1175951',714,,2080,3,,,0
19001709,'1175978',744,,2081,3,,,0
19001709,'1176042',1644,,2082,3,,,0
19001709,'1176052',2144,,2083,3,0,8 21,0
19001709,'1176058',1444,,2084,3,,,0
19001709,'1176065',1544,,2085,3,,,0
19001709,'1176099',1344,,2086,3,,,0
19001709,'1176119',1744,,2088,3,,,0
19001709,'1176120',1844,,2089,3,,,0
19001709,'1176124',2244,,2090,3,0,8 21,0
19001709,'1176130',1244,,2091,3,,,0
19001709,'1176156',1944,,2092,3,,,0
19001709,'1176161',1344,,2093,3,,,0
19001709,'1176166',914,,2094,3,,,0
19001709,'1176201',844,,2095,3,,,0
19001709,'1176252',814,,2097,3,,,0
19001709,'1176273',944,,2099,3,,,0
19001709,'1176303',1614,,2101,3,,,0
19001709,'1176312',1714,,2102,3,,,0
19001709,'1176349',1844,,2103,3,,,0
19001709,'1176415',744,,2105,3,,,0
19001709,'1176420',1144,,2106,3,,,0
19001709,'1176468',2144,,2107,3,0,8 21,0
19001709,'1176482',1244,,2108,3,,,0
19001709,'1176513',644,,2109,3,,,0
19001709,'1176554',1744,,2111,3,,,0
19001709,'1176592',614,,2112,3,,,0
19001709,'1176601',1544,,2113,3,,,0
19001709,'1176617',2044,,2114,3,,,0
19001709,'1176629',944,,2115,3,,,0
19001709,'1176637',844,,2116,3,,,0
19001709,'1176640',1814,,2117,3,0,8 21,0
19001709,'1176655',2044,,2118,3,,,0
19001709,'1176661',2244,,2119,3,0,8 21,0
