11009,'1175771',1440,,1461,14,,,0
11009,'1175802',1740,,1462,14,,,0
11009,'1176133',1640,,1468,14,,,0
11009,'1176140',1040,,1469,14,,,0
11009,'1176188',1240,,1470,14,,,0
11009,'1176403',1140,,1472,14,,,0
11009,'1176448',940,,1473,14,,,0
11009,'1176583',1540,,1474,14,,,0
11009,'1176618',1340,,1475,14,,,0
14001009,'1175755',850,,1743,16,,,0
14001009,'1175787',1750,,1744,16,,,0
14001009,'1175798',1750,,1745,16,,,0
14001009,'1175806',1120,,1746,16,0,8 21,0
14001009,'1175825',1550,,1748,16,,,0
14001009,'1175826',1250,,1749,16,,,0
14001009,'1175836',1720,,1750,16,,,0
14001009,'1175840',1950,,1751,16,,,0
14001009,'1175865',1020,,1752,16,0,8 21,0
14001009,'1175890',1950,,1753,16,,,0
14001009,'1175905',2050,,1754,16,,,0
14001009,'1175937',1350,,1755,16,,,0
14001009,'1175943',1650,,1756,16,,,0
14001009,'1175962',2250,,1757,16,0,8 21,0
14001009,'1175995',1050,,1758,16,,,0
14001009,'1176008',720,,1759,16,,,0
14001009,'1176017',750,,1760,16,,,0
14001009,'1176075',1650,,1761,16,,,0
14001009,'1176104',2150,,1762,16,,,0
14001009,'1176141',1250,,1763,16,,,0
14001009,'1176158',1450,,1764,16,,,0
14001009,'1176181',920,,1765,16,0,8 21,0
14001009,'1176198',950,,1766,16,,,0
14001009,'1176208',2150,,1767,16,,,0
14001009,'1176215',1850,,1768,16,,,0
14001009,'1176225',1320,,1769,16,0,8 21,0
14001009,'1176249',1050,,1770,16,,,0
14001009,'1176269',2050,,1771,16,,,0
14001009,'1176278',2250,,1772,16,0,8 21,0
14001009,'1176300',1520,,1773,16,0,8 21,0
14001009,'1176311',950,,1774,16,,,0
14001009,'1176346',820,,1775,16,,,0
14001009,'1176365',850,,1776,16,,,0
14001009,'1176376',1550,,1777,16,,,0
14001009,'1176382',1150,,1778,16,,,0
14001009,'1176449',650,,1779,16,,,0
14001009,'1176452',1220,,1780,16,0,8 21,0
14001009,'1176545',750,,1781,16,,,0
14001009,'1176551',1350,,1782,16,,,0
14001009,'1176579',1620,,1783,16,,,0
14001009,'1176580',1150,,1784,16,,,0
14001009,'1176607',1850,,1785,16,,,0
14001009,'1176612',1820,,1786,16,0,8 21,0
14001009,'1176628',1420,,1787,16,0,8 21,0
14001009,'1176653',1450,,1788,16,,,0
