11609,'1175716',1142,,1478,8,,,0
11609,'1175732',1542,,1479,8,,,0
11609,'1175756',1342,,1480,8,,,0
11609,'1175773',2042,,1481,8,,,0
11609,'1175832',1812,,1482,8,,,0
11609,'1175843',1442,,1483,8,,,0
11609,'1175850',2142,,1484,8,,,0
11609,'1175868',1242,,1485,8,,,0
11609,'1175918',1642,,1486,8,,,0
11609,'1175942',1742,,1487,8,,,0
11609,'1175949',1712,,1488,8,,,0
11609,'1175954',942,,1489,8,,,0
11609,'1175958',1542,,1490,8,,,0
11609,'1175970',1142,,1491,8,,,0
11609,'1176003',1942,,1492,8,,,0
11609,'1176080',1342,,1493,8,,,0
11609,'1176101',1842,,1494,8,,,0
11609,'1176137',1842,,1495,8,,,0
11609,'1176153',1642,,1496,8,,,0
11609,'1176239',1242,,1497,8,,,0
11609,'1176240',742,,1498,8,,,0
11609,'1176243',642,,1499,8,,,0
11609,'1176254',812,,1500,8,,,0
11609,'1176259',2042,,1501,8,,,0
11609,'1176276',842,,1502,8,,,0
11609,'1176432',712,,1503,8,,,0
11609,'1176433',1612,,1504,8,,,0
11609,'1176442',912,,1505,8,,,0
11609,'1176443',1042,,1506,8,,,0
11609,'1176475',742,,1507,8,,,0
11609,'1176603',1742,,1508,8,,,0
11609,'1176630',2142,,1509,8,,,0
11609,'1176639',1942,,1510,8,,,0
11609,'1176641',1042,,1511,8,,,0
11609,'1176646',942,,1512,8,,,0
11609,'1176652',842,,1513,8,,,0
11609,'1176685',1442,,1514,8,,,0
16009,'1175859',1234,,1588,8,0,16 17 11,0
16009,'1176087',1334,,1589,8,0,16 17 11,0
16009,'1176112',1434,,1590,8,0,16 17 11,0
16009,'1176128',1734,,1591,8,0,16 17 11,0
16009,'1176235',1034,,1593,8,0,16 17 11,0
16009,'1176236',1634,,1594,8,0,16 17 11,0
16009,'1176410',1534,,1599,8,0,16 17 11,0
16009,'1176572',934,,1602,8,0,16 17 11,0
16009,'1176585',1134,,1603,8,0,16 17 11,0
