12009,'1175745',1529,,1515,25,,,0
12009,'1175747',1429,,1516,25,,,0
12009,'1175827',1129,,1517,25,,,0
12009,'1175839',1729,,1518,25,,,0
12009,'1176031',1029,,1523,25,,,0
12009,'1176149',1229,,1525,25,,,0
12009,'1176417',1329,,1527,25,,,0
12009,'1176471',1629,,1529,25,,,0
12009,'1176692',929,,1532,25,,,0
19001709,'1175717',1456,,2072,26,,,0
19001709,'1175742',1056,,2073,26,,,0
19001709,'1175751',1056,,2074,26,,,0
19001709,'1175789',656,,2076,26,,,0
19001709,'1175830',1956,,2077,26,,,0
19001709,'1175877',1156,,2078,26,,,0
19001709,'1175947',1656,,2079,26,,,0
19001709,'1175951',726,,2080,26,,,0
19001709,'1175978',756,,2081,26,,,0
19001709,'1176042',1656,,2082,26,,,0
19001709,'1176052',2156,,2083,26,0,8 21,0
19001709,'1176058',1456,,2084,26,,,0
19001709,'1176065',1556,,2085,26,,,0
19001709,'1176099',1356,,2086,26,,,0
19001709,'1176119',1756,,2088,26,,,0
19001709,'1176120',1856,,2089,26,,,0
19001709,'1176124',2256,,2090,26,0,8 21,0
19001709,'1176130',1256,,2091,26,,,0
19001709,'1176156',1956,,2092,26,,,0
19001709,'1176161',1356,,2093,26,,,0
19001709,'1176166',926,,2094,26,,,0
19001709,'1176201',856,,2095,26,,,0
19001709,'1176252',826,,2097,26,,,0
19001709,'1176273',956,,2099,26,,,0
19001709,'1176303',1626,,2101,26,,,0
19001709,'1176312',1726,,2102,26,,,0
19001709,'1176349',1856,,2103,26,,,0
19001709,'1176415',756,,2105,26,,,0
19001709,'1176420',1156,,2106,26,,,0
19001709,'1176468',2156,,2107,26,0,8 21,0
19001709,'1176482',1256,,2108,26,,,0
19001709,'1176513',656,,2109,26,,,0
19001709,'1176554',1756,,2111,26,,,0
19001709,'1176592',626,,2112,26,,,0
19001709,'1176601',1556,,2113,26,,,0
19001709,'1176617',2056,,2114,26,,,0
19001709,'1176629',956,,2115,26,,,0
19001709,'1176637',856,,2116,26,,,0
19001709,'1176640',1826,,2117,26,0,8 21,0
19001709,'1176655',2056,,2118,26,,,0
19001709,'1176661',2256,,2119,26,0,8 21,0
