14009,'1175724',1456,,1551,29,0,5 6 22,0
14009,'1175759',1256,,1552,29,0,5 6 22,0
14009,'1175767',1356,,1553,29,0,5 6 22,0
14009,'1175834',1556,,1557,29,0,5 6 22,0
14009,'1176178',1056,,1560,29,0,5 6 22,0
14009,'1176234',1809,,1561,29,0,5 6 22,0
14009,'1176418',1156,,1564,29,0,5 6 22,0
14009,'1176613',1656,,1566,29,0,5 6 22,0
14009,'1176636',956,,1567,29,0,5 6 22,0
14001009,'1175755',924,,1743,44,,,0
14001009,'1175787',1824,,1744,44,,,0
14001009,'1175798',1824,,1745,44,,,0
14001009,'1175810',724,,1747,11,,,0
14001009,'1175825',1624,,1748,44,,,0
14001009,'1175826',1324,,1749,45,,,0
14001009,'1175836',1754,,1750,44,,,0
14001009,'1175840',2024,,1751,44,,,0
14001009,'1175890',2024,,1753,44,,,0
14001009,'1175905',2124,,1754,44,,,0
14001009,'1175937',1424,,1755,45,,,0
14001009,'1175943',1724,,1756,44,,,0
14001009,'1175995',1124,,1758,45,,,0
14001009,'1176008',754,,1759,44,,,0
14001009,'1176017',824,,1760,44,,,0
14001009,'1176075',1724,,1761,44,,,0
14001009,'1176104',2224,,1762,44,,,0
14001009,'1176141',1324,,1763,45,,,0
14001009,'1176158',1524,,1764,45,,,0
14001009,'1176198',1024,,1766,45,,,0
14001009,'1176208',2224,,1767,44,,,0
14001009,'1176215',1924,,1768,44,,,0
14001009,'1176249',1124,,1770,45,,,0
14001009,'1176269',2124,,1771,44,,,0
14001009,'1176311',1024,,1774,45,,,0
14001009,'1176346',854,,1775,44,,,0
14001009,'1176365',924,,1776,44,,,0
14001009,'1176376',1624,,1777,44,,,0
14001009,'1176382',1224,,1778,45,,,0
14001009,'1176449',724,,1779,44,,,0
14001009,'1176545',824,,1781,44,,,0
14001009,'1176551',1424,,1782,45,,,0
14001009,'1176579',1654,,1783,44,,,0
14001009,'1176580',1224,,1784,45,,,0
14001009,'1176607',1924,,1785,44,,,0
14001009,'1176653',1524,,1788,45,,,0
