15009,'1175924',1039,,1574,6,,,0
15009,'1175955',1639,,1575,6,,,0
15009,'1176009',1439,,1576,6,,,0
15009,'1176045',939,,1577,6,,,0
15009,'1176107',1539,,1579,6,,,0
15009,'1176262',1739,,1581,6,,,0
15009,'1176306',1139,,1583,6,,,0
15009,'1176632',1339,,1585,6,,,0
15009,'1176645',1239,,1586,6,,,0
14001409,'1175733',1857,,1835,16,,,0
14001409,'1175775',1157,,1836,16,,,0
14001409,'1175776',2057,,1837,16,,,0
14001409,'1175786',1957,,1838,16,,,0
14001409,'1175790',1557,,1839,16,,,0
14001409,'1175803',1357,,1840,16,,,0
14001409,'1175809',927,,1841,16,,,0
14001409,'1175820',1457,,1842,16,,,0
14001409,'1175821',1157,,1843,16,,,0
14001409,'1175838',1127,,1844,16,,,0
14001409,'1175856',1057,,1845,16,,,0
14001409,'1175876',1557,,1846,16,,,0
14001409,'1175893',1857,,1847,16,,,0
14001409,'1175894',1727,,1848,16,,,0
14001409,'1175902',1627,,1849,16,,,0
14001409,'1175961',1257,,1850,16,,,0
14001409,'1175973',857,,1851,16,,,0
14001409,'1175975',1757,,1852,16,,,0
14001409,'1175979',1827,,1853,16,0,8 21,0
14001409,'1175999',827,,1854,16,,,0
14001409,'1176001',1027,,1855,16,,,0
14001409,'1176014',1057,,1856,16,,,0
14001409,'1176036',727,,1857,16,,,0
14001409,'1176047',1357,,1858,16,,,0
14001409,'1176050',2057,,1859,16,,,0
14001409,'1176071',1227,,1860,16,,,0
14001409,'1176160',1657,,1861,16,,,0
14001409,'1176250',757,,1862,16,,,0
14001409,'1176268',2157,,1863,16,,,0
14001409,'1176283',1327,,1864,16,,,0
14001409,'1176308',2157,,1866,16,,,0
14001409,'1176314',657,,1867,16,,,0
14001409,'1176393',957,,1869,16,,,0
14001409,'1176423',757,,1870,16,,,0
14001409,'1176476',1527,,1872,16,,,0
14001409,'1176485',957,,1873,16,,,0
14001409,'1176522',857,,1874,16,,,0
14001409,'1176556',1657,,1876,16,,,0
14001409,'1176558',1457,,1877,16,,,0
14001409,'1176598',1957,,1878,16,,,0
14001409,'1176631',1257,,1879,16,,,0
14001409,'1176643',1427,,1880,16,,,0
14001409,'1176681',1757,,1881,16,,,0
