12009,'1175885',1802,,1519,32,0,18 7,0
12009,'1175923',1549,,1520,32,0,18 7,0
12009,'1175952',1349,,1521,32,0,18 7,0
12009,'1175971',1049,,1522,32,0,18 7,0
12009,'1176115',1149,,1524,32,0,18 7,0
12009,'1176305',1649,,1526,32,0,18 7,0
12009,'1176431',1449,,1528,32,0,18 7,0
12009,'1176538',949,,1530,32,0,18 7,0
12009,'1176625',1249,,1531,32,0,18 7,0
14001609,'1175722',1124,,1882,33,,,0
14001609,'1175752',724,,1883,33,,,0
14001609,'1175760',2024,,1884,33,,,0
14001609,'1175908',854,,1888,33,,,0
14001609,'1175922',1224,,1889,33,,,0
14001609,'1175936',824,,1890,33,,,0
14001609,'1175986',1424,,1892,33,,,0
14001609,'1175988',1324,,1893,33,,,0
14001609,'1175989',1824,,1894,33,,,0
14001609,'1176015',924,,1896,33,,,0
14001609,'1176168',1324,,1898,33,,,0
14001609,'1176170',1554,,1899,33,,,0
14001609,'1176241',2124,,1900,33,,,0
14001609,'1176247',754,,1901,33,,,0
14001609,'1176270',2224,,1902,33,,,0
14001609,'1176280',1624,,1903,33,,,0
14001609,'1176296',1524,,1904,33,,,0
14001609,'1176309',2224,,1905,33,,,0
14001609,'1176320',1824,,1906,33,,,0
14001609,'1176381',1024,,1908,33,,,0
14001609,'1176402',2024,,1909,33,,,0
14001609,'1176421',824,,1910,33,,,0
14001609,'1176486',1754,,1911,33,,,0
14001609,'1176492',1124,,1912,33,,,0
14001609,'1176495',1924,,1913,33,,,0
14001609,'1176500',1624,,1914,33,,,0
14001609,'1176504',1724,,1915,33,,,0
14001609,'1176510',1524,,1916,33,,,0
14001609,'1176518',1654,,1917,33,,,0
14001609,'1176524',1024,,1918,33,,,0
14001609,'1176533',924,,1919,33,,,0
14001609,'1176577',2124,,1921,33,,,0
14001609,'1176602',1424,,1924,33,,,0
14001609,'1176621',1924,,1926,33,,,0
14001609,'1176627',1724,,1927,33,,,0
14001609,'1176666',724,,1928,13,,,0
14001609,'1176671',1224,,1929,33,,,0
