12009,'1175885',1804,,1519,37,0,18 7,0
12009,'1175923',1551,,1520,37,0,18 7,0
12009,'1175952',1351,,1521,37,0,18 7,0
12009,'1175971',1051,,1522,37,0,18 7,0
12009,'1176115',1151,,1524,37,0,18 7,0
12009,'1176305',1651,,1526,37,0,18 7,0
12009,'1176431',1451,,1528,37,0,18 7,0
12009,'1176538',951,,1530,37,0,18 7,0
12009,'1176625',1251,,1531,37,0,18 7,0
14001609,'1175722',1126,,1882,38,,,0
14001609,'1175752',726,,1883,38,,,0
14001609,'1175760',2026,,1884,38,,,0
14001609,'1175908',856,,1888,38,,,0
14001609,'1175922',1226,,1889,38,,,0
14001609,'1175936',826,,1890,38,,,0
14001609,'1175986',1426,,1892,38,,,0
14001609,'1175988',1326,,1893,38,,,0
14001609,'1175989',1826,,1894,38,,,0
14001609,'1176015',926,,1896,38,,,0
14001609,'1176168',1326,,1898,38,,,0
14001609,'1176170',1556,,1899,38,,,0
14001609,'1176241',2126,,1900,38,,,0
14001609,'1176247',756,,1901,38,,,0
14001609,'1176270',2226,,1902,38,,,0
14001609,'1176280',1626,,1903,38,,,0
14001609,'1176296',1526,,1904,38,,,0
14001609,'1176309',2226,,1905,38,,,0
14001609,'1176320',1826,,1906,38,,,0
14001609,'1176381',1026,,1908,38,,,0
14001609,'1176402',2026,,1909,38,,,0
14001609,'1176421',826,,1910,38,,,0
14001609,'1176486',1756,,1911,38,,,0
14001609,'1176492',1126,,1912,38,,,0
14001609,'1176495',1926,,1913,38,,,0
14001609,'1176500',1626,,1914,38,,,0
14001609,'1176504',1726,,1915,38,,,0
14001609,'1176510',1526,,1916,38,,,0
14001609,'1176518',1656,,1917,38,,,0
14001609,'1176524',1026,,1918,38,,,0
14001609,'1176533',926,,1919,38,,,0
14001609,'1176577',2126,,1921,38,,,0
14001609,'1176602',1426,,1924,38,,,0
14001609,'1176621',1926,,1926,38,,,0
14001609,'1176627',1726,,1927,38,,,0
14001609,'1176666',726,,1928,18,,,0
14001609,'1176671',1226,,1929,38,,,0
