14009,'1175812',1722,,1554,10,,,0
14009,'1175822',1022,,1555,10,,,0
14009,'1175823',1622,,1556,10,,,0
14009,'1175927',1322,,1558,10,,,0
14009,'1176135',922,,1559,10,,,0
14009,'1176326',1122,,1562,10,,,0
14009,'1176364',1422,,1563,10,,,0
14009,'1176520',1522,,1565,10,,,0
14009,'1176678',1222,,1568,10,,,0
19001109,'1175757',2152,,1930,11,,,0
19001109,'1175788',1752,,1931,11,,,0
19001109,'1175797',1351,,1932,11,,,0
19001109,'1175800',952,,1933,11,,,0
19001109,'1175846',1852,,1935,11,,,0
19001109,'1175866',1722,,1937,11,,,0
19001109,'1175873',1822,,1938,11,0,8 21,0
19001109,'1175889',1251,,1939,11,,,0
19001109,'1175976',2247,,1941,11,0,12,0
19001109,'1175990',1151,,1942,11,,,0
19001109,'1176026',1251,,1944,11,,,0
19001109,'1176086',952,,1946,11,,,0
19001109,'1176114',852,,1947,11,,,0
19001109,'1176152',722,,1948,11,,,0
19001109,'1176229',2152,,1949,11,,,0
19001109,'1176246',752,,1950,11,,,0
19001109,'1176315',652,,1951,11,,,0
19001109,'1176316',1151,,1952,11,,,0
19001109,'1176317',1652,,1953,11,,,0
19001109,'1176322',922,,1954,11,,,0
19001109,'1176337',1952,,1955,11,,,0
19001109,'1176344',1551,,1956,11,,,0
19001109,'1176353',1551,,1957,11,,,0
19001109,'1176386',652,,1958,11,,,0
19001109,'1176444',1852,,1961,11,,,0
19001109,'1176445',2052,,1962,11,,,0
19001109,'1176478',1752,,1963,11,,,0
19001109,'1176509',2247,,1964,11,0,12,0
19001109,'1176517',1451,,1965,11,,,0
19001109,'1176557',852,,1966,11,,,0
19001109,'1176559',1952,,1967,11,,,0
19001109,'1176563',822,,1968,11,,,0
19001109,'1176570',1451,,1969,11,,,0
19001109,'1176595',1652,,1972,11,,,0
19001109,'1176605',1051,,1973,11,,,0
19001109,'1176616',1051,,1974,11,,,0
19001109,'1176620',752,,1975,11,,,0
19001109,'1176668',2052,,1976,11,,,0
19001109,'1176674',1351,,1977,11,,,0
