15009,'1142326',1226,,785,30,0,20 15,0
15009,'1142391',1026,,786,30,0,20 15,0
15009,'1142463',1626,,789,30,0,20 15,0
15009,'1142521',926,,791,30,0,20 15,0
15009,'1142575',1526,,792,30,0,20 15,0
15009,'1142681',1326,,794,30,0,20 15,0
15009,'1142872',1126,,798,30,0,20 15,0
15009,'1142884',1426,,799,30,0,20 15,0
15009,'1142889',1726,,800,30,0,20 15,0
14001409,'1142132',1149,,967,8,,,0
14001409,'1142141',849,,968,8,,,0
14001409,'1142149',1649,,969,8,,,0
14001409,'1142155',1149,,970,8,,,0
14001409,'1142175',1249,,971,8,,,0
14001409,'1142179',1419,,972,8,,,0
14001409,'1142200',1349,,973,8,,,0
14001409,'1142203',2149,,974,8,,,0
14001409,'1142206',1849,,975,8,,,0
14001409,'1142211',719,,976,8,,,0
14001409,'1142253',949,,978,8,,,0
14001409,'1142257',1949,,979,8,,,0
14001409,'1142272',1849,,980,8,,,0
14001409,'1142298',849,,981,8,,,0
14001409,'1142299',1649,,982,8,,,0
14001409,'1142338',1549,,983,8,,,0
14001409,'1142361',2049,,984,8,,,0
14001409,'1142371',1219,,985,8,,,0
14001409,'1142373',1719,,987,8,,,0
14001409,'1142381',2049,,988,8,,,0
14001409,'1142416',649,,989,8,,,0
14001409,'1142418',1449,,990,8,,,0
14001409,'1142421',1819,,991,8,0,8 9,0
14001409,'1142456',1049,,992,8,,,0
14001409,'1142477',1119,,993,8,,,0
14001409,'1142481',1619,,994,8,,,0
14001409,'1142488',1519,,995,8,,,0
14001409,'1142526',1249,,996,8,,,0
14001409,'1142560',1449,,998,8,,,0
14001409,'1142562',1349,,999,8,,,0
14001409,'1142611',1319,,1000,8,,,0
14001409,'1142629',919,,1001,8,,,0
14001409,'1142639',1749,,1002,8,,,0
14001409,'1142654',1549,,1003,8,,,0
14001409,'1142701',749,,1004,8,,,0
14001409,'1142714',949,,1005,8,,,0
14001409,'1142752',1949,,1007,8,,,0
14001409,'1142757',749,,1008,8,,,0
14001409,'1142821',2149,,1009,8,,,0
14001409,'1142851',1049,,1010,8,,,0
14001409,'1142870',1019,,1011,8,,,0
14001409,'1142874',1749,,1012,8,,,0
14001409,'1142883',819,,1013,8,,,0
