11609,'1175716',1139,,1478,3,,,0
11609,'1175732',1539,,1479,3,,,0
11609,'1175756',1339,,1480,3,,,0
11609,'1175773',2039,,1481,3,,,0
11609,'1175832',1809,,1482,3,,,0
11609,'1175843',1439,,1483,3,,,0
11609,'1175850',2139,,1484,3,,,0
11609,'1175868',1239,,1485,3,,,0
11609,'1175918',1639,,1486,3,,,0
11609,'1175942',1739,,1487,3,,,0
11609,'1175949',1709,,1488,3,,,0
11609,'1175954',939,,1489,3,,,0
11609,'1175958',1539,,1490,3,,,0
11609,'1175970',1139,,1491,3,,,0
11609,'1176003',1939,,1492,3,,,0
11609,'1176080',1339,,1493,3,,,0
11609,'1176101',1839,,1494,3,,,0
11609,'1176137',1839,,1495,3,,,0
11609,'1176153',1639,,1496,3,,,0
11609,'1176239',1239,,1497,3,,,0
11609,'1176240',739,,1498,3,,,0
11609,'1176243',639,,1499,3,,,0
11609,'1176254',809,,1500,3,,,0
11609,'1176259',2039,,1501,3,,,0
11609,'1176276',839,,1502,3,,,0
11609,'1176432',709,,1503,3,,,0
11609,'1176433',1609,,1504,3,,,0
11609,'1176442',909,,1505,3,,,0
11609,'1176443',1039,,1506,3,,,0
11609,'1176475',739,,1507,3,,,0
11609,'1176603',1739,,1508,3,,,0
11609,'1176630',2139,,1509,3,,,0
11609,'1176639',1939,,1510,3,,,0
11609,'1176641',1039,,1511,3,,,0
11609,'1176646',939,,1512,3,,,0
11609,'1176652',839,,1513,3,,,0
11609,'1176685',1439,,1514,3,,,0
16009,'1175859',1230,,1588,3,0,16 17 11,0
16009,'1176087',1330,,1589,3,0,16 17 11,0
16009,'1176112',1430,,1590,3,0,16 17 11,0
16009,'1176128',1730,,1591,3,0,16 17 11,0
16009,'1176235',1030,,1593,3,0,16 17 11,0
16009,'1176236',1630,,1594,3,0,16 17 11,0
16009,'1176410',1530,,1599,3,0,16 17 11,0
16009,'1176572',930,,1602,3,0,16 17 11,0
16009,'1176585',1130,,1603,3,0,16 17 11,0
