13009,'1176096',1130,,1537,13,,,0
13009,'1176190',1530,,1540,13,,,0
13009,'1176224',1030,,1542,13,,,0
13009,'1176248',1730,,1543,13,,,0
13009,'1176271',1630,,1544,13,,,0
13009,'1176360',930,,1545,13,,,0
13009,'1176371',1230,,1546,13,,,0
13009,'1176623',1330,,1549,13,,,0
13009,'1176644',1430,,1550,13,,,0
14001209,'1175718',1624,,1789,13,,,0
14001209,'1175861',1854,,1790,13,,,0
14001209,'1175900',1724,,1791,13,,,0
14001209,'1175913',2254,,1792,13,0,8 21,0
14001209,'1175915',2054,,1793,13,,,0
14001209,'1175917',1424,,1794,13,,,0
14001209,'1175919',1954,,1795,13,,,0
14001209,'1175938',754,,1796,13,,,0
14001209,'1175939',1754,,1797,13,,,0
14001209,'1175983',2154,,1798,13,,,0
14001209,'1176007',1254,,1799,13,,,0
14001209,'1176012',1054,,1800,13,,,0
14001209,'1176069',854,,1801,13,,,0
14001209,'1176070',1154,,1802,13,,,0
14001209,'1176091',954,,1803,13,,,0
14001209,'1176103',954,,1805,13,,,0
14001209,'1176117',1154,,1806,13,,,0
14001209,'1176122',2254,,1807,13,0,8 21,0
14001209,'1176163',1854,,1808,13,,,0
14001209,'1176213',1054,,1809,13,,,0
14001209,'1176217',1554,,1810,13,,,0
14001209,'1176245',1754,,1811,13,,,0
14001209,'1176255',854,,1812,13,,,0
14001209,'1176275',1654,,1813,13,,,0
14001209,'1176323',1124,,1814,13,,,0
14001209,'1176336',1824,,1815,13,0,8 21,0
14001209,'1176343',1354,,1816,13,,,0
14001209,'1176354',1454,,1817,13,,,0
14001209,'1176378',1254,,1818,13,,,0
14001209,'1176401',724,,1819,13,,,0
14001209,'1176411',2054,,1820,13,,,0
14001209,'1176440',1454,,1821,13,,,0
14001209,'1176458',654,,1822,13,,,0
14001209,'1176470',1554,,1823,13,,,0
14001209,'1176472',1024,,1824,13,,,0
14001209,'1176483',1324,,1825,13,,,0
14001209,'1176488',1654,,1826,13,,,0
14001209,'1176515',1954,,1827,13,,,0
14001209,'1176526',924,,1828,13,,,0
14001209,'1176532',1224,,1829,13,,,0
14001209,'1176546',2154,,1830,13,,,0
14001209,'1176594',824,,1831,13,,,0
14001209,'1176599',1524,,1832,13,,,0
14001209,'1176626',754,,1833,13,,,0
14001209,'1176676',1354,,1834,13,,,0
