14009,'1175724',1446,,1551,17,0,5 6 22,0
14009,'1175759',1246,,1552,17,0,5 6 22,0
14009,'1175767',1346,,1553,17,0,5 6 22,0
14009,'1175834',1546,,1557,17,0,5 6 22,0
14009,'1176178',1046,,1560,17,0,5 6 22,0
14009,'1176234',1759,,1561,17,0,5 6 22,0
14009,'1176418',1146,,1564,17,0,5 6 22,0
14009,'1176613',1646,,1566,17,0,5 6 22,0
14009,'1176636',946,,1567,17,0,5 6 22,0
14001209,'1175718',1649,,1789,27,,,0
14001209,'1175861',1919,,1790,27,,,0
14001209,'1175900',1749,,1791,27,,,0
14001209,'1175915',2119,,1793,27,,,0
14001209,'1175917',1449,,1794,27,,,0
14001209,'1175919',2019,,1795,27,,,0
14001209,'1175938',819,,1796,27,,,0
14001209,'1175939',1819,,1797,27,,,0
14001209,'1175983',2219,,1798,27,,,0
14001209,'1176007',1319,,1799,27,,,0
14001209,'1176012',1119,,1800,27,,,0
14001209,'1176069',919,,1801,27,,,0
14001209,'1176070',1219,,1802,27,,,0
14001209,'1176091',1019,,1803,27,,,0
14001209,'1176100',719,,1804,5,,,0
14001209,'1176103',1019,,1805,27,,,0
14001209,'1176117',1219,,1806,27,,,0
14001209,'1176163',1919,,1808,27,,,0
14001209,'1176213',1119,,1809,27,,,0
14001209,'1176217',1619,,1810,27,,,0
14001209,'1176245',1819,,1811,27,,,0
14001209,'1176255',919,,1812,27,,,0
14001209,'1176275',1719,,1813,27,,,0
14001209,'1176323',1149,,1814,27,,,0
14001209,'1176343',1419,,1816,27,,,0
14001209,'1176354',1519,,1817,27,,,0
14001209,'1176378',1319,,1818,27,,,0
14001209,'1176401',749,,1819,27,,,0
14001209,'1176411',2119,,1820,27,,,0
14001209,'1176440',1519,,1821,27,,,0
14001209,'1176458',719,,1822,27,,,0
14001209,'1176470',1619,,1823,27,,,0
14001209,'1176472',1049,,1824,27,,,0
14001209,'1176483',1349,,1825,27,,,0
14001209,'1176488',1719,,1826,27,,,0
14001209,'1176515',2019,,1827,27,,,0
14001209,'1176526',949,,1828,27,,,0
14001209,'1176532',1249,,1829,27,,,0
14001209,'1176546',2219,,1830,27,,,0
14001209,'1176594',849,,1831,27,,,0
14001209,'1176599',1549,,1832,27,,,0
14001209,'1176626',819,,1833,27,,,0
14001209,'1176676',1419,,1834,27,,,0
