11009,'1175720',1222,,1460,33,4,,0
11009,'1175771',1430,,1461,1,,,0
11009,'1175802',1730,,1462,1,,,0
11009,'1175910',922,,1463,33,4,,0
11009,'1175948',1722,,1464,33,4,,0
11009,'1176063',1522,,1465,33,4,,0
11009,'1176079',1422,,1466,33,4,,0
11009,'1176108',1022,,1467,33,4,,0
11009,'1176133',1630,,1468,1,,,0
11009,'1176140',1030,,1469,1,,,0
11009,'1176188',1230,,1470,1,,,0
11009,'1176321',1122,,1471,33,4,,0
11009,'1176403',1130,,1472,1,,,0
11009,'1176448',930,,1473,1,,,0
11009,'1176583',1530,,1474,1,,,0
11009,'1176618',1330,,1475,1,,,0
11009,'1176658',1622,,1476,33,4,,0
11009,'1176675',1322,,1477,33,4,,0
16009,'1175714',1320,,1587,34,4,,0
16009,'1175859',1228,,1588,1,0,16 17 11,0
16009,'1176087',1328,,1589,1,0,16 17 11,0
16009,'1176112',1428,,1590,1,0,16 17 11,0
16009,'1176128',1728,,1591,1,0,16 17 11,0
16009,'1176136',1020,,1592,34,4,,0
16009,'1176235',1028,,1593,1,0,16 17 11,0
16009,'1176236',1628,,1594,1,0,16 17 11,0
16009,'1176272',1420,,1595,34,4,,0
16009,'1176282',920,,1596,34,4,,0
16009,'1176290',1720,,1597,34,4,,0
16009,'1176390',1220,,1598,34,4,,0
16009,'1176410',1528,,1599,1,0,16 17 11,0
16009,'1176528',1520,,1600,34,4,,0
16009,'1176535',1620,,1601,34,4,,0
16009,'1176572',928,,1602,1,0,16 17 11,0
16009,'1176585',1128,,1603,1,0,16 17 11,0
16009,'1176682',1120,,1604,34,4,,0
20009,'1175879',1430,,1605,1,0,10 11,0
20009,'1175886',1527,,1606,31,4,,0
20009,'1175940',1030,,1607,1,0,10 11,0
20009,'1176006',1027,,1608,31,4,,0
20009,'1176032',1327,,1609,31,4,,0
20009,'1176110',1627,,1610,31,4,,0
20009,'1176265',1530,,1612,1,0,10 11,0
20009,'1176319',1730,,1613,1,0,10 11,0
20009,'1176370',1227,,1614,31,4,,0
20009,'1176398',1330,,1615,1,0,10 11,0
20009,'1176408',930,,1616,1,0,10 11,0
20009,'1176412',1127,,1617,31,4,,0
20009,'1176425',1130,,1618,1,0,10 11,0
20009,'1176469',1427,,1619,31,4,,0
20009,'1176512',1727,,1620,31,4,,0
20009,'1176525',927,,1621,21,4,,0
20009,'1176552',1230,,1622,1,0,10 11,0
20009,'1176647',1630,,1623,1,0,10 11,0
21609,'1175813',1940,,1624,36,4,,0
21609,'1175831',740,,1625,37,4,,0
21609,'1175857',1710,,1626,37,4,,0
21609,'1175869',1740,,1627,37,4,,0
21609,'1175916',1610,,1628,36,4,,0
21609,'1175929',1340,,1629,36,4,,0
21609,'1175966',1740,,1630,36,4,,0
21609,'1175997',2140,,1631,36,4,,0
21609,'1175998',940,,1632,36,4,,0
21609,'1176028',1040,,1633,36,4,,0
21609,'1176037',1840,,1634,36,4,,0
21609,'1176041',1840,,1635,36,4,,0
21609,'1176046',740,,1636,36,4,,0
21609,'1176054',1640,,1637,37,4,,0
21609,'1176067',710,,1638,37,4,,0
21609,'1176111',1140,,1639,36,4,,0
21609,'1176200',1440,,1640,36,4,,0
21609,'1176207',2140,,1641,36,4,,0
21609,'1176218',1140,,1642,36,4,,0
21609,'1176289',1040,,1643,36,4,,0
21609,'1176352',1240,,1644,36,4,,0
21609,'1176395',1940,,1645,36,4,,0
21609,'1176414',2040,,1646,36,4,,0
21609,'1176430',1810,,1647,36,4,,0
21609,'1176454',1640,,1648,36,4,,0
21609,'1176460',840,,1649,36,4,,0
21609,'1176467',1540,,1650,36,4,,0
21609,'1176534',640,,1651,36,4,,0
21609,'1176553',1240,,1652,36,4,,0
21609,'1176576',940,,1653,36,4,,0
21609,'1176651',840,,1654,36,4,,0
21609,'1176656',1540,,1655,36,4,,0
21609,'1176659',1440,,1656,36,4,,0
21609,'1176663',1340,,1657,36,4,,0
21609,'1176665',910,,1658,36,4,,0
21609,'1176686',2040,,1659,36,4,,0
21609,'1176690',810,,1660,36,4,,0
30009,'1175721',1654,,1661,22,,,0
30009,'1175727',1354,,1662,22,,,0
30009,'1175731',1644,,1663,4,,,0
30009,'1175735',1454,,1664,22,,,0
30009,'1175749',1824,,1665,22,,,0
30009,'1175758',1554,,1666,22,,,0
30009,'1175761',1724,,1667,22,,,0
30009,'1175780',1854,,1669,22,,,0
30009,'1175796',954,,1670,22,,,0
30009,'1175817',1054,,1671,22,,,0
30009,'1175867',1254,,1672,22,,,0
30009,'1175878',854,,1673,22,,,0
30009,'1175895',1744,,1675,4,,,0
30009,'1175903',1444,,1676,4,,,0
30009,'1175906',1344,,1677,4,,,0
30009,'1175911',1054,,1678,22,,,0
30009,'1175920',844,,1679,4,,,0
30009,'1175934',2154,,1680,22,,,0
30009,'1175956',1144,,1681,4,,,0
30009,'1175959',754,,1682,22,,,0
30009,'1175964',924,,1683,22,,,0
30009,'1175968',944,,1684,4,,,0
30009,'1175972',1154,,1685,22,,,0
30009,'1175993',1024,,1686,22,,,0
30009,'1176011',1444,,1687,4,,,0
30009,'1176018',914,,1688,4,,,0
30009,'1176021',1244,,1689,4,,,0
30009,'1176022',714,,1690,4,,,0
30009,'1176029',944,,1691,4,,,0
30009,'1176061',1154,,1693,22,,,0
30009,'1176062',1044,,1694,4,,,0
30009,'1176077',1044,,1695,4,,,0
30009,'1176102',1144,,1696,4,,,0
30009,'1176118',1854,,1697,22,,,0
30009,'1176121',1654,,1698,22,,,0
30009,'1176144',1554,,1699,22,,,0
30009,'1176164',1944,,1700,4,,,0
30009,'1176165',2044,,1701,4,,,0
30009,'1176189',1744,,1704,4,,,0
30009,'1176197',814,,1705,4,,,0
30009,'1176210',2144,,1706,4,0,8 21,0
30009,'1176212',1344,,1707,4,,,0
30009,'1176214',1644,,1708,4,,,0
30009,'1176220',1014,,1709,4,0,8 21,0
30009,'1176232',1754,,1710,22,,,0
30009,'1176233',1954,,1711,22,,,0
30009,'1176253',1544,,1712,4,,,0
30009,'1176298',1544,,1714,4,,,0
30009,'1176304',1244,,1715,4,,,0
30009,'1176325',1614,,1716,4,,,0
30009,'1176329',1814,,1717,4,0,8 21,0
30009,'1176333',1254,,1718,22,,,0
30009,'1176363',844,,1719,4,,,0
30009,'1176388',2054,,1720,22,,,0
30009,'1176397',2144,,1721,4,0,8 21,0
30009,'1176404',1954,,1722,22,,,0
30009,'1176405',724,,1723,21,,,0
30009,'1176439',2044,,1725,4,,,0
30009,'1176451',744,,1726,4,,,0
30009,'1176455',744,,1727,4,,,0
30009,'1176456',1754,,1728,22,,,0
30009,'1176480',954,,1730,22,,,0
30009,'1176489',754,,1731,21,,,0
30009,'1176494',824,,1732,22,,,0
30009,'1176499',1624,,1733,22,,,0
30009,'1176503',1454,,1734,22,,,0
30009,'1176511',2154,,1735,22,,,0
30009,'1176516',1354,,1736,22,,,0
30009,'1176560',1844,,1737,4,,,0
30009,'1176569',1714,,1738,4,,,0
30009,'1176582',1944,,1739,4,,,0
30009,'1176588',1844,,1740,4,,,0
30009,'1176633',854,,1741,22,,,0
30009,'1176649',2054,,1742,22,,,0
14001009,'1175755',840,,1743,3,,,0
14001009,'1175787',1740,,1744,3,,,0
14001009,'1175798',1740,,1745,3,,,0
14001009,'1175806',1110,,1746,3,0,8 21,0
14001009,'1175825',1540,,1748,3,,,0
14001009,'1175826',1240,,1749,3,,,0
14001009,'1175836',1710,,1750,3,,,0
14001009,'1175840',1940,,1751,3,,,0
14001009,'1175865',1010,,1752,3,0,8 21,0
14001009,'1175890',1940,,1753,3,,,0
14001009,'1175905',2040,,1754,3,,,0
14001009,'1175937',1340,,1755,3,,,0
14001009,'1175943',1640,,1756,3,,,0
14001009,'1175962',2240,,1757,3,0,8 21,0
14001009,'1175995',1040,,1758,3,,,0
14001009,'1176008',710,,1759,3,,,0
14001009,'1176017',740,,1760,3,,,0
14001009,'1176075',1640,,1761,3,,,0
14001009,'1176104',2140,,1762,3,,,0
14001009,'1176141',1240,,1763,3,,,0
14001009,'1176158',1440,,1764,3,,,0
14001009,'1176181',910,,1765,3,0,8 21,0
14001009,'1176198',940,,1766,3,,,0
14001009,'1176208',2140,,1767,3,,,0
14001009,'1176215',1840,,1768,3,,,0
14001009,'1176225',1310,,1769,3,0,8 21,0
14001009,'1176249',1040,,1770,3,,,0
14001009,'1176269',2040,,1771,3,,,0
14001009,'1176278',2240,,1772,3,0,8 21,0
14001009,'1176300',1510,,1773,3,0,8 21,0
14001009,'1176311',940,,1774,3,,,0
14001009,'1176346',810,,1775,3,,,0
14001009,'1176365',840,,1776,3,,,0
14001009,'1176376',1540,,1777,3,,,0
14001009,'1176382',1140,,1778,3,,,0
14001009,'1176449',640,,1779,3,,,0
14001009,'1176452',1210,,1780,3,0,8 21,0
14001009,'1176545',740,,1781,3,,,0
14001009,'1176551',1340,,1782,3,,,0
14001009,'1176579',1610,,1783,3,,,0
14001009,'1176580',1140,,1784,3,,,0
14001009,'1176607',1840,,1785,3,,,0
14001009,'1176612',1810,,1786,3,0,8 21,0
14001009,'1176628',1410,,1787,3,0,8 21,0
14001009,'1176653',1440,,1788,3,,,0
14001609,'1175722',1044,,1882,1,,,0
14001609,'1175752',644,,1883,1,,,0
14001609,'1175760',1944,,1884,1,,,0
14001609,'1175799',914,,1885,1,0,8 21,0
14001609,'1175804',1014,,1886,1,0,8 21,0
14001609,'1175908',814,,1888,1,,,0
14001609,'1175922',1144,,1889,1,,,0
14001609,'1175936',744,,1890,1,,,0
14001609,'1175982',1114,,1891,1,0,8 21,0
14001609,'1175986',1344,,1892,1,,,0
14001609,'1175988',1244,,1893,1,,,0
14001609,'1175989',1744,,1894,1,,,0
14001609,'1176010',1214,,1895,1,0,8 21,0
14001609,'1176015',844,,1896,1,,,0
14001609,'1176131',1314,,1897,1,0,8 21,0
14001609,'1176168',1244,,1898,1,,,0
14001609,'1176170',1514,,1899,1,,,0
14001609,'1176241',2044,,1900,1,,,0
14001609,'1176247',714,,1901,1,,,0
14001609,'1176270',2144,,1902,1,,,0
14001609,'1176280',1544,,1903,1,,,0
14001609,'1176296',1444,,1904,1,,,0
14001609,'1176309',2144,,1905,1,,,0
14001609,'1176320',1744,,1906,1,,,0
14001609,'1176374',1814,,1907,1,0,8 21,0
14001609,'1176381',944,,1908,1,,,0
14001609,'1176402',1944,,1909,1,,,0
14001609,'1176421',744,,1910,1,,,0
14001609,'1176486',1714,,1911,1,,,0
14001609,'1176492',1044,,1912,1,,,0
14001609,'1176495',1844,,1913,1,,,0
14001609,'1176500',1544,,1914,1,,,0
14001609,'1176504',1644,,1915,1,,,0
14001609,'1176510',1444,,1916,1,,,0
14001609,'1176518',1614,,1917,1,,,0
14001609,'1176524',944,,1918,1,,,0
14001609,'1176533',844,,1919,1,,,0
14001609,'1176577',2044,,1921,1,,,0
14001609,'1176593',1414,,1923,1,0,8 21,0
14001609,'1176602',1344,,1924,1,,,0
14001609,'1176621',1844,,1926,1,,,0
14001609,'1176627',1644,,1927,1,,,0
14001609,'1176671',1144,,1929,1,,,0
