12009,'1175885',1758,,1519,24,0,18 7,0
12009,'1175923',1545,,1520,24,0,18 7,0
12009,'1175952',1345,,1521,24,0,18 7,0
12009,'1175971',1045,,1522,24,0,18 7,0
12009,'1176115',1145,,1524,24,0,18 7,0
12009,'1176305',1645,,1526,24,0,18 7,0
12009,'1176431',1445,,1528,24,0,18 7,0
12009,'1176538',945,,1530,24,0,18 7,0
12009,'1176625',1245,,1531,24,0,18 7,0
14009,'1175812',1757,,1554,28,,,0
14009,'1175822',1044,,1555,28,,,0
14009,'1175823',1644,,1556,28,,,0
14009,'1175927',1344,,1558,28,,,0
14009,'1176135',944,,1559,28,,,0
14009,'1176326',1144,,1562,28,,,0
14009,'1176364',1444,,1563,28,,,0
14009,'1176520',1544,,1565,28,,,0
14009,'1176678',1244,,1568,28,,,0
20009,'1175879',1508,,1605,23,0,10 11,0
20009,'1175940',1108,,1607,23,0,10 11,0
20009,'1176265',1608,,1612,23,0,10 11,0
20009,'1176319',1800,,1613,23,0,10 11,0
20009,'1176398',1408,,1615,23,0,10 11,0
20009,'1176408',1008,,1616,23,0,10 11,0
20009,'1176425',1208,,1618,23,0,10 11,0
20009,'1176552',1308,,1622,23,0,10 11,0
20009,'1176647',1708,,1623,23,0,10 11,0
14001009,'1175755',919,,1743,38,,,0
14001009,'1175787',1819,,1744,38,,,0
14001009,'1175798',1819,,1745,38,,,0
14001009,'1175810',719,,1747,5,,,0
14001009,'1175825',1619,,1748,38,,,0
14001009,'1175826',1319,,1749,38,,,0
14001009,'1175836',1749,,1750,38,,,0
14001009,'1175840',2019,,1751,38,,,0
14001009,'1175890',2019,,1753,38,,,0
14001009,'1175905',2119,,1754,38,,,0
14001009,'1175937',1419,,1755,38,,,0
14001009,'1175943',1719,,1756,38,,,0
14001009,'1175995',1119,,1758,38,,,0
14001009,'1176008',749,,1759,38,,,0
14001009,'1176017',819,,1760,38,,,0
14001009,'1176075',1719,,1761,38,,,0
14001009,'1176104',2219,,1762,38,,,0
14001009,'1176141',1319,,1763,38,,,0
14001009,'1176158',1519,,1764,38,,,0
14001009,'1176198',1019,,1766,38,,,0
14001009,'1176208',2219,,1767,38,,,0
14001009,'1176215',1919,,1768,38,,,0
14001009,'1176249',1119,,1770,38,,,0
14001009,'1176269',2119,,1771,38,,,0
14001009,'1176311',1019,,1774,38,,,0
14001009,'1176346',849,,1775,38,,,0
14001009,'1176365',919,,1776,38,,,0
14001009,'1176376',1619,,1777,38,,,0
14001009,'1176382',1219,,1778,38,,,0
14001009,'1176449',719,,1779,38,,,0
14001009,'1176545',819,,1781,38,,,0
14001009,'1176551',1419,,1782,38,,,0
14001009,'1176579',1649,,1783,38,,,0
14001009,'1176580',1219,,1784,38,,,0
14001009,'1176607',1919,,1785,38,,,0
14001009,'1176653',1519,,1788,38,,,0
14001609,'1175722',1119,,1882,25,,,0
14001609,'1175752',719,,1883,25,,,0
14001609,'1175760',2019,,1884,25,,,0
14001609,'1175908',849,,1888,25,,,0
14001609,'1175922',1219,,1889,25,,,0
14001609,'1175936',819,,1890,25,,,0
14001609,'1175986',1419,,1892,25,,,0
14001609,'1175988',1319,,1893,25,,,0
14001609,'1175989',1819,,1894,25,,,0
14001609,'1176015',919,,1896,25,,,0
14001609,'1176168',1319,,1898,25,,,0
14001609,'1176170',1549,,1899,25,,,0
14001609,'1176241',2119,,1900,25,,,0
14001609,'1176247',749,,1901,25,,,0
14001609,'1176270',2219,,1902,25,,,0
14001609,'1176280',1619,,1903,25,,,0
14001609,'1176296',1519,,1904,25,,,0
14001609,'1176309',2219,,1905,25,,,0
14001609,'1176320',1819,,1906,25,,,0
14001609,'1176381',1019,,1908,25,,,0
14001609,'1176402',2019,,1909,25,,,0
14001609,'1176421',819,,1910,25,,,0
14001609,'1176486',1749,,1911,25,,,0
14001609,'1176492',1119,,1912,25,,,0
14001609,'1176495',1919,,1913,25,,,0
14001609,'1176500',1619,,1914,25,,,0
14001609,'1176504',1719,,1915,25,,,0
14001609,'1176510',1519,,1916,25,,,0
14001609,'1176518',1649,,1917,25,,,0
14001609,'1176524',1019,,1918,25,,,0
14001609,'1176533',919,,1919,25,,,0
14001609,'1176577',2119,,1921,25,,,0
14001609,'1176602',1419,,1924,25,,,0
14001609,'1176621',1919,,1926,25,,,0
14001609,'1176627',1719,,1927,25,,,0
14001609,'1176666',719,,1928,5,,,0
14001609,'1176671',1219,,1929,25,,,0
