13009,'1142394',1201,,750,10,0,19 15,0
13009,'1142420',1301,,751,10,0,19 15,0
13009,'1142430',1401,,752,10,0,19 15,0
13009,'1142453',901,,754,10,0,19 15,0
13009,'1142672',1001,,756,10,0,19 15,0
13009,'1142704',1601,,757,10,0,19 15,0
13009,'1142720',1501,,759,10,0,19 15,0
13009,'1142776',1101,,761,10,0,19 15,0
13009,'1142824',1701,,762,10,0,19 15,0
19001309,'1142135',2122,,1110,42,,,0
19001309,'1142136',1452,,1111,42,,,0
19001309,'1142154',2022,,1112,42,,,0
19001309,'1142209',1822,,1113,42,,,0
19001309,'1142233',1222,,1114,42,,,0
19001309,'1142307',722,,1115,42,,,0
19001309,'1142324',1552,,1116,42,,,0
19001309,'1142327',752,,1117,42,,,0
19001309,'1142333',1422,,1118,42,,,0
19001309,'1142337',1352,,1119,42,,,0
19001309,'1142343',1322,,1120,42,,,0
19001309,'1142352',922,,1121,42,,,0
19001309,'1142356',652,,1122,10,,,0
19001309,'1142380',2222,,1123,42,,,0
19001309,'1142387',1322,,1124,42,,,0
19001309,'1142413',822,,1125,42,,,0
19001309,'1142434',1122,,1126,42,,,0
19001309,'1142467',1652,,1127,42,,,0
19001309,'1142472',952,,1128,42,,,0
19001309,'1142498',1252,,1129,42,,,0
19001309,'1142507',1222,,1130,42,,,0
19001309,'1142516',922,,1131,42,,,0
19001309,'1142536',1022,,1132,42,,,0
19001309,'1142566',852,,1133,42,,,0
19001309,'1142577',1122,,1134,42,,,0
19001309,'1142581',1622,,1135,42,,,0
19001309,'1142617',1422,,1136,42,,,0
19001309,'1142620',1722,,1137,42,,,0
19001309,'1142622',1822,,1138,42,,,0
19001309,'1142657',722,,1139,42,,,0
19001309,'1142683',622,,1140,10,,,0
19001309,'1142741',1022,,1141,42,,,0
19001309,'1142775',1922,,1142,42,,,0
19001309,'1142779',1722,,1143,42,,,0
19001309,'1142785',2222,,1144,42,,,0
19001309,'1142804',1922,,1145,42,,,0
19001309,'1142810',1522,,1146,42,,,0
19001309,'1142819',1522,,1147,42,,,0
19001309,'1142828',1752,,1148,42,,,0
19001309,'1142835',2122,,1149,42,,,0
19001309,'1142836',1622,,1150,42,,,0
19001309,'1142848',1052,,1151,42,,,0
19001309,'1142865',1152,,1153,42,,,0
19001309,'1142877',2022,,1154,42,,,0
19001309,'1142891',822,,1155,42,,,0
