20009,'1175886',1431,,1606,4,,,0
20009,'1176006',931,,1608,4,,,0
20009,'1176032',1231,,1609,4,,,0
20009,'1176110',1531,,1610,4,,,0
20009,'1176195',1715,,1611,4,,,0
20009,'1176370',1131,,1614,4,,,0
20009,'1176412',1031,,1617,4,,,0
20009,'1176469',1331,,1619,4,,,0
20009,'1176512',1631,,1620,4,,,0
14001409,'1175733',1925,,1835,32,,,0
14001409,'1175775',1225,,1836,32,,,0
14001409,'1175776',2124,,1837,32,,,0
14001409,'1175786',2024,,1838,32,,,0
14001409,'1175790',1625,,1839,32,,,0
14001409,'1175803',1425,,1840,32,,,0
14001409,'1175809',955,,1841,32,,,0
14001409,'1175820',1525,,1842,32,,,0
14001409,'1175821',1224,,1843,32,,,0
14001409,'1175838',1155,,1844,32,,,0
14001409,'1175856',1124,,1845,32,,,0
14001409,'1175876',1624,,1846,32,,,0
14001409,'1175893',1924,,1847,32,,,0
14001409,'1175894',1755,,1848,32,,,0
14001409,'1175902',1655,,1849,32,,,0
14001409,'1175961',1325,,1850,32,,,0
14001409,'1175973',924,,1851,32,,,0
14001409,'1175975',1825,,1852,32,,,0
14001409,'1175999',855,,1854,32,,,0
14001409,'1176001',1055,,1855,32,,,0
14001409,'1176014',1125,,1856,32,,,0
14001409,'1176036',755,,1857,32,,,0
14001409,'1176047',1424,,1858,32,,,0
14001409,'1176050',2125,,1859,32,,,0
14001409,'1176071',1255,,1860,32,,,0
14001409,'1176160',1725,,1861,32,,,0
14001409,'1176250',824,,1862,32,,,0
14001409,'1176268',2225,,1863,32,,,0
14001409,'1176283',1355,,1864,32,,,0
14001409,'1176287',624,,1865,4,,,0
14001409,'1176308',2224,,1866,32,,,0
14001409,'1176314',725,,1867,32,,,0
14001409,'1176357',625,,1868,4,,,0
14001409,'1176393',1024,,1869,32,,,0
14001409,'1176423',825,,1870,32,,,0
14001409,'1176464',655,,1871,11,,,0
14001409,'1176476',1555,,1872,32,,,0
14001409,'1176485',1025,,1873,32,,,0
14001409,'1176522',925,,1874,32,,,0
14001409,'1176530',724,,1875,11,,,0
14001409,'1176556',1724,,1876,32,,,0
14001409,'1176558',1524,,1877,32,,,0
14001409,'1176598',2025,,1878,32,,,0
14001409,'1176631',1324,,1879,32,,,0
14001409,'1176643',1455,,1880,32,,,0
14001409,'1176681',1824,,1881,32,,,0
