13009,'1142144',1028,,747,10,,,0
13009,'1142247',1428,,748,10,,,0
13009,'1142389',1628,,749,10,,,0
13009,'1142437',1228,,753,10,,,0
13009,'1142616',928,,755,10,,,0
13009,'1142716',1728,,758,10,,,0
13009,'1142721',1328,,760,10,,,0
13009,'1142852',1128,,763,10,,,0
13009,'1142885',1528,,764,10,,,0
14001209,'1142139',1322,,921,10,,,0
14001209,'1142151',1152,,922,10,,,0
14001209,'1142158',1522,,923,10,,,0
14001209,'1142168',1422,,924,10,,,0
14001209,'1142228',1352,,925,10,,,0
14001209,'1142235',1052,,926,10,,,0
14001209,'1142256',1222,,927,10,,,0
14001209,'1142291',1652,,928,10,,,0
14001209,'1142293',1622,,929,10,,,0
14001209,'1142309',1022,,930,10,,,0
14001209,'1142370',752,,931,10,,,0
14001209,'1142374',2252,,932,10,0,8 9,0
14001209,'1142423',1122,,933,10,,,0
14001209,'1142439',752,,934,10,,,0
14001209,'1142486',822,,935,10,,,0
14001209,'1142509',1452,,936,10,,,0
14001209,'1142542',1852,,937,10,,,0
14001209,'1142545',1052,,938,10,,,0
14001209,'1142567',952,,939,10,,,0
14001209,'1142571',1652,,940,10,,,0
14001209,'1142573',1252,,941,10,,,0
14001209,'1142591',1752,,942,10,,,0
14001209,'1142598',852,,943,10,,,0
14001209,'1142600',722,,944,10,,,0
14001209,'1142650',2152,,945,10,,,0
14001209,'1142656',1822,,946,10,0,8 9,0
14001209,'1142691',1752,,947,10,,,0
14001209,'1142694',1252,,948,10,,,0
14001209,'1142710',2152,,949,10,,,0
14001209,'1142742',652,,951,10,,,0
14001209,'1142760',922,,952,10,,,0
14001209,'1142766',1152,,953,10,,,0
14001209,'1142771',1722,,954,10,,,0
14001209,'1142778',1552,,955,10,,,0
14001209,'1142786',2052,,956,10,,,0
14001209,'1142797',1952,,957,10,,,0
14001209,'1142806',1352,,958,10,,,0
14001209,'1142815',2252,,959,10,0,8 9,0
14001209,'1142817',1552,,960,10,,,0
14001209,'1142820',1852,,961,10,,,0
14001209,'1142837',852,,962,10,,,0
14001209,'1142854',952,,963,10,,,0
14001209,'1142855',2052,,964,10,,,0
14001209,'1142858',1452,,965,10,,,0
14001209,'1142869',1952,,966,10,,,0
