15009,'1175719',1716,,1569,24,0,20 15,0
15009,'1175730',1516,,1570,24,0,20 15,0
15009,'1175737',1316,,1571,24,0,20 15,0
15009,'1175828',1416,,1572,24,0,20 15,0
15009,'1175835',1016,,1573,24,0,20 15,0
15009,'1176048',1216,,1578,24,0,20 15,0
15009,'1176230',1616,,1580,24,0,20 15,0
15009,'1176301',916,,1582,24,0,20 15,0
15009,'1176568',1116,,1584,24,0,20 15,0
19001509,'1175715',2136,,2024,44,,,0
19001509,'1175729',1036,,2025,44,,,0
19001509,'1175740',836,,2027,44,,,0
19001509,'1175741',1336,,2028,44,,,0
19001509,'1175778',1806,,2031,44,,,0
19001509,'1175793',1836,,2032,44,,,0
19001509,'1175801',836,,2033,44,,,0
19001509,'1175845',1406,,2034,44,,,0
19001509,'1175897',1506,,2035,44,,,0
19001509,'1175899',1236,,2036,44,,,0
19001509,'1175907',1006,,2037,44,,,0
19001509,'1175925',1636,,2038,44,,,0
19001509,'1175932',1536,,2039,44,,,0
19001509,'1175953',1606,,2040,44,,,0
19001509,'1175965',706,,2041,19,,,0
19001509,'1175967',1106,,2042,44,,,0
19001509,'1175996',1706,,2043,44,,,0
19001509,'1176000',936,,2044,44,,,0
19001509,'1176049',1736,,2045,44,,,0
19001509,'1176055',1936,,2046,44,,,0
19001509,'1176057',1036,,2047,44,,,0
19001509,'1176073',806,,2048,44,,,0
19001509,'1176074',736,,2049,44,,,0
19001509,'1176085',1936,,2050,44,,,0
19001509,'1176090',2136,,2051,44,,,0
19001509,'1176092',1136,,2052,44,,,0
19001509,'1176093',936,,2053,44,,,0
19001509,'1176105',2036,,2054,44,,,0
19001509,'1176238',1536,,2055,44,,,0
19001509,'1176266',1206,,2056,44,,,0
19001509,'1176293',1436,,2057,44,,,0
19001509,'1176328',1306,,2058,44,,,0
19001509,'1176335',2036,,2059,44,,,0
19001509,'1176355',1636,,2061,44,,,0
19001509,'1176358',1336,,2062,44,,,0
19001509,'1176362',1836,,2063,44,,,0
19001509,'1176426',1136,,2064,44,,,0
19001509,'1176450',636,,2066,19,,,0
19001509,'1176496',1436,,2067,44,,,0
19001509,'1176536',736,,2068,44,,,0
19001509,'1176537',906,,2069,44,,,0
19001509,'1176684',1736,,2070,44,,,0
19001509,'1176689',1236,,2071,44,,,0
