11009,'1175771',1448,,1461,29,,,0
11009,'1175802',1748,,1462,29,,,0
11009,'1176133',1648,,1468,29,,,0
11009,'1176140',1048,,1469,29,,,0
11009,'1176188',1248,,1470,29,,,0
11009,'1176403',1148,,1472,29,,,0
11009,'1176448',948,,1473,29,,,0
11009,'1176583',1548,,1474,29,,,0
11009,'1176618',1348,,1475,29,,,0
20009,'1175879',1447,,1605,16,0,10 11,0
20009,'1175940',1047,,1607,16,0,10 11,0
20009,'1176265',1547,,1612,16,0,10 11,0
20009,'1176319',1747,,1613,16,0,10 11,0
20009,'1176398',1347,,1615,16,0,10 11,0
20009,'1176408',947,,1616,16,0,10 11,0
20009,'1176425',1147,,1618,16,0,10 11,0
20009,'1176552',1247,,1622,16,0,10 11,0
20009,'1176647',1647,,1623,16,0,10 11,0
14001009,'1175755',858,,1743,31,,,0
14001009,'1175787',1758,,1744,31,,,0
14001009,'1175798',1758,,1745,31,,,0
14001009,'1175806',1128,,1746,31,0,8 21,0
14001009,'1175825',1558,,1748,31,,,0
14001009,'1175826',1259,,1749,31,,,0
14001009,'1175836',1728,,1750,31,,,0
14001009,'1175840',1958,,1751,31,,,0
14001009,'1175865',1028,,1752,31,0,8 21,0
14001009,'1175890',1958,,1753,31,,,0
14001009,'1175905',2058,,1754,31,,,0
14001009,'1175937',1359,,1755,31,,,0
14001009,'1175943',1658,,1756,31,,,0
14001009,'1175962',2258,,1757,31,0,8 21,0
14001009,'1175995',1059,,1758,31,,,0
14001009,'1176008',728,,1759,31,,,0
14001009,'1176017',758,,1760,31,,,0
14001009,'1176075',1658,,1761,31,,,0
14001009,'1176104',2158,,1762,31,,,0
14001009,'1176141',1259,,1763,31,,,0
14001009,'1176158',1459,,1764,31,,,0
14001009,'1176181',928,,1765,31,0,8 21,0
14001009,'1176198',959,,1766,31,,,0
14001009,'1176208',2158,,1767,31,,,0
14001009,'1176215',1858,,1768,31,,,0
14001009,'1176225',1328,,1769,31,0,8 21,0
14001009,'1176249',1059,,1770,31,,,0
14001009,'1176269',2058,,1771,31,,,0
14001009,'1176278',2258,,1772,31,0,8 21,0
14001009,'1176300',1528,,1773,31,0,8 21,0
14001009,'1176311',959,,1774,31,,,0
14001009,'1176346',828,,1775,31,,,0
14001009,'1176365',858,,1776,31,,,0
14001009,'1176376',1558,,1777,31,,,0
14001009,'1176382',1159,,1778,31,,,0
14001009,'1176449',658,,1779,31,,,0
14001009,'1176452',1228,,1780,31,0,8 21,0
14001009,'1176545',758,,1781,31,,,0
14001009,'1176551',1359,,1782,31,,,0
14001009,'1176579',1628,,1783,31,,,0
14001009,'1176580',1159,,1784,31,,,0
14001009,'1176607',1858,,1785,31,,,0
14001009,'1176612',1828,,1786,31,0,8 21,0
14001009,'1176628',1428,,1787,31,0,8 21,0
14001009,'1176653',1459,,1788,31,,,0
14001609,'1175722',1102,,1882,18,,,0
14001609,'1175752',702,,1883,18,,,0
14001609,'1175760',2002,,1884,18,,,0
14001609,'1175799',932,,1885,18,0,8 21,0
14001609,'1175804',1032,,1886,18,0,8 21,0
14001609,'1175908',832,,1888,18,,,0
14001609,'1175922',1202,,1889,18,,,0
14001609,'1175936',802,,1890,18,,,0
14001609,'1175982',1132,,1891,18,0,8 21,0
14001609,'1175986',1402,,1892,18,,,0
14001609,'1175988',1302,,1893,18,,,0
14001609,'1175989',1802,,1894,18,,,0
14001609,'1176010',1232,,1895,18,0,8 21,0
14001609,'1176015',902,,1896,18,,,0
14001609,'1176131',1332,,1897,18,0,8 21,0
14001609,'1176168',1302,,1898,18,,,0
14001609,'1176170',1532,,1899,18,,,0
14001609,'1176241',2102,,1900,18,,,0
14001609,'1176247',732,,1901,18,,,0
14001609,'1176270',2202,,1902,18,,,0
14001609,'1176280',1602,,1903,18,,,0
14001609,'1176296',1502,,1904,18,,,0
14001609,'1176309',2202,,1905,18,,,0
14001609,'1176320',1802,,1906,18,,,0
14001609,'1176374',1832,,1907,18,0,8 21,0
14001609,'1176381',1002,,1908,18,,,0
14001609,'1176402',2002,,1909,18,,,0
14001609,'1176421',802,,1910,18,,,0
14001609,'1176486',1732,,1911,18,,,0
14001609,'1176492',1102,,1912,18,,,0
14001609,'1176495',1902,,1913,18,,,0
14001609,'1176500',1602,,1914,18,,,0
14001609,'1176504',1702,,1915,18,,,0
14001609,'1176510',1502,,1916,18,,,0
14001609,'1176518',1632,,1917,18,,,0
14001609,'1176524',1002,,1918,18,,,0
14001609,'1176533',902,,1919,18,,,0
14001609,'1176577',2102,,1921,18,,,0
14001609,'1176593',1432,,1923,18,0,8 21,0
14001609,'1176602',1402,,1924,18,,,0
14001609,'1176621',1902,,1926,18,,,0
14001609,'1176627',1702,,1927,18,,,0
14001609,'1176671',1202,,1929,18,,,0
