11009,'1175771',1440,,1461,16,,,0
11009,'1175802',1740,,1462,16,,,0
11009,'1176133',1640,,1468,16,,,0
11009,'1176140',1040,,1469,16,,,0
11009,'1176188',1240,,1470,16,,,0
11009,'1176403',1140,,1472,16,,,0
11009,'1176448',940,,1473,16,,,0
11009,'1176583',1540,,1474,16,,,0
11009,'1176618',1340,,1475,16,,,0
11609,'1175716',1145,,1478,12,,,0
11609,'1175732',1545,,1479,12,,,0
11609,'1175756',1345,,1480,12,,,0
11609,'1175773',2045,,1481,12,,,0
11609,'1175832',1815,,1482,12,,,0
11609,'1175843',1445,,1483,12,,,0
11609,'1175850',2145,,1484,12,,,0
11609,'1175868',1245,,1485,12,,,0
11609,'1175918',1645,,1486,12,,,0
11609,'1175942',1745,,1487,12,,,0
11609,'1175949',1715,,1488,12,,,0
11609,'1175954',945,,1489,12,,,0
11609,'1175958',1545,,1490,12,,,0
11609,'1175970',1145,,1491,12,,,0
11609,'1176003',1945,,1492,12,,,0
11609,'1176080',1345,,1493,12,,,0
11609,'1176101',1845,,1494,12,,,0
11609,'1176137',1845,,1495,12,,,0
11609,'1176153',1645,,1496,12,,,0
11609,'1176239',1245,,1497,12,,,0
11609,'1176240',745,,1498,12,,,0
11609,'1176243',645,,1499,12,,,0
11609,'1176254',815,,1500,12,,,0
11609,'1176259',2045,,1501,12,,,0
11609,'1176276',845,,1502,12,,,0
11609,'1176432',715,,1503,12,,,0
11609,'1176433',1615,,1504,12,,,0
11609,'1176442',915,,1505,12,,,0
11609,'1176443',1045,,1506,12,,,0
11609,'1176475',745,,1507,12,,,0
11609,'1176603',1745,,1508,12,,,0
11609,'1176630',2145,,1509,12,,,0
11609,'1176639',1945,,1510,12,,,0
11609,'1176641',1045,,1511,12,,,0
11609,'1176646',945,,1512,12,,,0
11609,'1176652',845,,1513,12,,,0
11609,'1176685',1445,,1514,12,,,0
16009,'1175859',1237,,1588,12,0,16 17 11,0
16009,'1176087',1337,,1589,12,0,16 17 11,0
16009,'1176112',1437,,1590,12,0,16 17 11,0
16009,'1176128',1737,,1591,12,0,16 17 11,0
16009,'1176235',1037,,1593,12,0,16 17 11,0
16009,'1176236',1637,,1594,12,0,16 17 11,0
16009,'1176410',1537,,1599,12,0,16 17 11,0
16009,'1176572',937,,1602,12,0,16 17 11,0
16009,'1176585',1137,,1603,12,0,16 17 11,0
14001009,'1175755',850,,1743,18,,,0
14001009,'1175787',1750,,1744,18,,,0
14001009,'1175798',1750,,1745,18,,,0
14001009,'1175806',1120,,1746,18,0,8 21,0
14001009,'1175825',1550,,1748,18,,,0
14001009,'1175826',1250,,1749,18,,,0
14001009,'1175836',1720,,1750,18,,,0
14001009,'1175840',1950,,1751,18,,,0
14001009,'1175865',1020,,1752,18,0,8 21,0
14001009,'1175890',1950,,1753,18,,,0
14001009,'1175905',2050,,1754,18,,,0
14001009,'1175937',1350,,1755,18,,,0
14001009,'1175943',1650,,1756,18,,,0
14001009,'1175962',2250,,1757,18,0,8 21,0
14001009,'1175995',1050,,1758,18,,,0
14001009,'1176008',720,,1759,18,,,0
14001009,'1176017',750,,1760,18,,,0
14001009,'1176075',1650,,1761,18,,,0
14001009,'1176104',2150,,1762,18,,,0
14001009,'1176141',1250,,1763,18,,,0
14001009,'1176158',1450,,1764,18,,,0
14001009,'1176181',920,,1765,18,0,8 21,0
14001009,'1176198',950,,1766,18,,,0
14001009,'1176208',2150,,1767,18,,,0
14001009,'1176215',1850,,1768,18,,,0
14001009,'1176225',1320,,1769,18,0,8 21,0
14001009,'1176249',1050,,1770,18,,,0
14001009,'1176269',2050,,1771,18,,,0
14001009,'1176278',2250,,1772,18,0,8 21,0
14001009,'1176300',1520,,1773,18,0,8 21,0
14001009,'1176311',950,,1774,18,,,0
14001009,'1176346',820,,1775,18,,,0
14001009,'1176365',850,,1776,18,,,0
14001009,'1176376',1550,,1777,18,,,0
14001009,'1176382',1150,,1778,18,,,0
14001009,'1176449',650,,1779,18,,,0
14001009,'1176452',1220,,1780,18,0,8 21,0
14001009,'1176545',750,,1781,18,,,0
14001009,'1176551',1350,,1782,18,,,0
14001009,'1176579',1620,,1783,18,,,0
14001009,'1176580',1150,,1784,18,,,0
14001009,'1176607',1850,,1785,18,,,0
14001009,'1176612',1820,,1786,18,0,8 21,0
14001009,'1176628',1420,,1787,18,0,8 21,0
14001009,'1176653',1450,,1788,18,,,0
