11009,201315,1,0
11009,2075,2,0
11009,2076,3,0
11009,2078,4,0
11009,2079,5,0
11009,2080,6,0
11009,7028,7,0
11009,2083,8,0
11009,2085,9,0
11009,2086,10,0
11009,7033,11,0
11009,2093,12,0
11009,2087,13,0
11009,2088,14,0
11009,2089,15,0
11009,2090,16,0
11009,2092,17,0
11009,2084,18,0
11009,2094,19,0
11009,2095,20,0
11009,2096,21,0
11009,2097,22,0
11009,2082,23,0
11009,6103,24,0
11009,2098,25,0
11009,2100,26,0
11009,2101,27,0
11009,2103,28,0
11009,6104,29,0
11009,6105,30,0
11009,10001,31,0
11009,1000,32,0
11009,2041,33,0
11009,2065,34,0
11009,2042,35,0
11009,2046,36,0
11009,2047,37,0
11009,2077,38,0
11009,2081,39,0
11009,2050,40,0
11009,2051,41,0
11009,2052,42,0
11009,2053,43,0
11009,1146,44,0
11009,2056,45,0
11009,2057,46,0
11009,2058,47,0
11009,2059,48,0
11009,7031,49,0
11009,2060,50,0
11009,2061,51,0
11009,2063,52,0
11009,2064,53,0
11009,2066,54,0
11009,2067,55,0
11009,2068,56,0
11009,2069,57,0
11009,2070,58,0
11009,2071,59,0
11009,2072,60,0
11009,2073,61,0
11009,2074,62,0
11009,201316,63,0
11609,2074,1,0
11609,201316,2,0
11609,201312,3,0
11609,201314,4,0
11609,201307,5,0
11609,3050,6,0
11609,3051,7,0
11609,3049,8,0
11609,3053,9,0
11609,3054,10,0
11609,3056,11,0
11609,2090,12,0
11609,2092,13,0
11609,2084,14,0
11609,2094,15,0
11609,3016,16,0
11609,201338,17,0
11609,201334,18,0
11609,201332,19,0
11609,201331,20,0
11609,201329,21,0
11609,201328,22,0
11609,986,23,0
11609,201326,24,0
11609,201325,25,0
11609,201324,26,0
11609,201323,27,0
11609,6101,28,0
11609,6103,29,0
11609,2098,30,0
11609,2059,31,0
11609,7031,32,0
11609,2060,33,0
11609,3063,34,0
11609,3064,35,0
11609,3067,36,0
11609,10001,37,0
11609,1000,38,1
12009,4000,1,0
12009,4001,2,0
12009,4003,3,0
12009,4006,4,0
12009,201351,5,0
12009,8022,6,0
12009,4008,7,0
12009,4010,8,0
12009,4011,9,0
12009,4012,10,0
12009,4013,11,0
12009,4016,12,0
12009,4018,13,0
12009,4020,14,0
12009,4021,15,0
12009,7003,16,0
12009,4023,17,0
12009,4024,18,0
12009,4025,19,0
12009,4026,20,0
12009,4027,21,0
12009,4028,22,0
12009,7004,23,0
12009,4029,24,0
12009,4030,25,0
12009,4032,26,0
12009,4035,27,0
12009,4036,28,0
12009,2036,29,0
12009,2037,30,0
12009,2112,31,0
12009,2115,32,0
12009,201353,33,0
12009,1121,34,0
12009,7008,35,0
12009,1124,36,0
12009,1126,37,0
12009,1128,38,0
12009,1129,39,0
12009,1130,40,0
12009,1131,41,0
12009,1135,42,0
12009,1137,43,0
12009,1138,44,0
12009,1140,45,0
12009,1141,46,0
12009,1001,47,0
12009,1002,48,0
12009,9010,49,0
12009,201320,50,0
12009,1003,51,0
12009,1004,52,0
12009,1005,53,0
12009,1006,54,0
12009,1008,55,0
12009,1010,56,0
12009,1012,57,0
12009,1013,58,0
12009,1014,59,0
12009,1016,60,0
12009,1018,61,0
12009,1020,62,0
12009,1021,63,0
12009,1142,64,0
12009,2027,66,0
12009,2062,67,0
12009,2031,68,0
12009,2106,69,0
12009,2104,70,0
12009,4054,71,0
12009,4055,72,0
12009,4058,73,0
12009,4060,74,0
12009,4061,75,0
12009,4062,76,0
12009,4063,77,0
12009,4064,78,0
12009,4065,79,0
12009,4067,80,0
12009,4068,81,0
12009,4069,82,0
12009,4070,83,0
12009,4071,84,0
12009,4072,85,0
12009,4074,86,0
12009,4076,87,0
12009,8023,88,0
12009,10005,89,0
12009,10007,90,0
12009,10006,91,0
12009,4081,92,0
12009,4083,93,0
12009,8021,94,0
12009,4084,95,0
12009,4085,96,0
12009,4088,97,0
12009,4090,98,0
13009,2074,1,0
13009,5040,2,0
13009,8005,3,0
13009,1071,4,0
13009,1072,5,0
13009,1075,6,0
13009,1076,7,0
13009,1078,8,0
13009,1079,9,0
13009,1081,10,0
13009,1083,11,0
13009,1085,12,0
13009,1087,13,0
13009,1088,14,0
13009,1089,15,0
13009,1092,16,0
13009,1093,17,0
13009,1094,18,0
13009,1096,19,0
13009,1097,20,0
13009,1098,21,0
13009,4038,22,0
13009,1000,23,0
13009,10001,24,0
13009,1101,25,0
13009,4037,26,0
13009,6001,27,0
13009,1039,28,0
13009,6003,29,0
13009,6004,30,0
13009,1044,31,0
13009,1046,32,0
13009,1048,33,0
13009,1049,34,0
13009,1051,35,0
13009,1052,36,0
13009,1054,37,0
13009,1056,38,0
13009,1057,39,0
13009,1059,40,0
13009,1060,41,0
13009,7019,42,0
13009,1062,43,0
13009,1063,44,0
13009,1065,45,0
13009,1066,46,0
13009,1070,47,0
13009,7021,48,0
13009,2072,49,0
13009,2073,50,0
14009,5104,1,0
14009,5002,2,0
14009,5003,3,0
14009,201350,4,0
14009,5017,5,0
14009,5018,6,0
14009,5020,7,0
14009,5022,8,0
14009,5024,9,0
14009,5025,10,0
14009,5026,11,0
14009,4091,12,0
14009,4036,13,0
14009,2036,14,0
14009,2037,15,0
14009,1102,16,0
14009,1104,17,0
14009,1106,18,0
14009,201319,19,0
14009,1110,20,0
14009,1111,21,0
14009,1112,22,0
14009,1113,23,0
14009,1114,24,0
14009,1116,25,0
14009,1117,26,0
14009,1119,27,0
14009,201353,28,0
14009,2117,29,0
14009,2118,30,0
14009,2120,31,0
14009,2122,32,0
14009,2125,33,0
14009,2128,34,0
14009,2130,35,0
14009,2131,36,0
14009,2133,37,0
14009,2134,38,0
14009,2138,39,0
14009,2040,40,0
14009,2141,41,0
14009,2001,42,0
14009,2039,43,0
14009,2139,44,0
14009,2054,45,0
14009,2007,46,0
14009,2008,47,0
14009,2011,48,0
14009,2012,49,0
14009,2013,50,0
14009,2020,51,0
14009,2022,52,0
14009,2024,53,0
14009,2025,54,0
14009,1024,56,0
14009,1143,57,0
14009,1026,58,0
14009,1029,59,0
14009,1030,60,0
14009,1144,61,0
14009,1031,62,0
14009,1032,63,0
14009,1033,64,0
14009,1034,65,0
14009,1036,66,0
14009,1038,67,0
14009,2106,68,0
14009,2104,69,0
14009,4054,70,0
14009,9011,71,0
14009,5079,72,0
14009,5080,73,0
14009,5082,74,0
14009,1203,75,0
14009,5085,76,0
14009,5092,77,0
14009,5095,78,0
14009,5097,79,0
14009,5006,80,0
14009,5099,81,0
14009,5102,82,0
15009,2074,1,0
15009,2075,2,0
15009,2076,3,0
15009,5068,4,0
15009,5069,5,0
15009,5070,6,0
15009,5072,7,0
15009,5074,8,0
15009,1201,9,0
15009,5075,10,0
15009,5077,11,0
15009,1000,12,0
15009,10001,13,0
15009,5028,14,0
15009,5031,15,0
15009,5032,16,0
15009,5039,17,0
15009,5034,18,0
15009,5036,19,0
15009,5050,20,0
15009,5051,21,0
15009,1072,22,0
15009,5041,23,0
15009,9006,24,0
15009,5044,25,0
15009,5052,26,0
15009,5053,27,0
15009,5054,28,0
15009,5055,29,0
15009,9008,30,0
15009,5046,31,0
15009,5047,32,0
15009,5048,33,0
15009,10010,34,0
15009,5105,35,0
15009,5060,36,0
15009,7017,37,0
15009,5062,38,0
15009,5063,39,0
15009,9007,40,0
15009,5065,41,0
15009,1063,42,0
15009,1065,43,0
15009,1066,44,0
15009,1070,45,0
15009,7021,46,0
15009,2072,47,0
15009,2073,48,0
16009,201315,1,0
16009,201316,2,0
16009,201312,3,0
16009,201314,4,0
16009,201307,5,0
16009,3050,6,0
16009,3051,7,0
16009,3049,8,0
16009,3053,9,0
16009,3054,10,0
16009,3056,11,0
16009,2090,12,0
16009,2092,13,0
16009,2084,14,0
16009,2094,15,0
16009,3016,16,0
16009,201338,17,0
16009,201334,18,0
16009,201332,19,0
16009,201331,20,0
16009,201329,21,0
16009,201325,22,0
16009,201324,23,0
16009,201323,24,0
16009,6101,25,0
16009,6103,26,0
16009,2098,27,0
16009,2059,28,0
16009,7031,29,0
16009,2060,30,0
16009,3063,31,0
16009,3064,32,0
16009,3067,33,0
16009,10001,34,0
16009,1000,35,0
16009,3001,36,0
16009,3004,37,0
16009,3005,38,0
16009,2086,39,0
16009,7033,40,0
16009,2093,41,0
16009,2047,42,0
16009,2077,43,0
16009,6054,44,0
16009,201352,45,0
16009,201322,46,0
16009,3021,47,0
16009,3022,48,0
16009,3027,49,0
16009,3029,50,0
16009,3030,51,0
16009,201336,52,0
16009,201340,53,0
16009,3034,54,0
16009,2053,55,0
16009,1146,56,0
16009,2056,57,0
16009,3041,58,0
16009,3043,59,0
16009,3044,60,0
16009,3046,61,0
16009,3047,62,0
16009,201306,63,0
16009,201308,64,0
16009,201311,65,0
16009,201313,66,0
20009,201346,1,0
20009,5000,2,0
20009,201345,3,0
20009,201344,4,0
20009,201342,5,0
20009,201341,6,0
20009,2107,7,0
20009,1200,8,0
20009,4036,9,0
20009,2036,10,0
20009,2037,11,0
20009,1000,12,0
20009,2041,13,0
20009,2065,14,0
20009,1204,15,0
20009,4040,16,0
20009,201304,17,0
20009,201303,18,0
20009,10004,19,0
20009,201302,20,0
20009,7023,21,0
20009,4042,22,0
20009,4043,23,0
20009,10016,24,0
20009,4045,25,0
20009,2071,26,0
20009,2072,27,0
20009,2073,28,0
20009,2074,29,0
20009,201316,30,0
20009,201315,31,0
20009,2075,32,0
20009,2076,33,0
20009,4046,34,0
20009,4048,36,0
20009,4049,37,0
20009,7024,38,0
20009,1600,39,0
20009,201301,40,0
20009,7025,41,0
20009,1601,42,0
20009,201305,43,0
20009,4051,44,0
20009,4053,45,0
20009,6104,46,0
20009,6105,47,0
20009,10001,48,0
20009,1101,50,0
20009,2106,51,0
20009,2104,52,0
20009,4054,53,0
20009,4092,54,0
20009,4094,55,0
20009,4095,56,0
20009,4096,57,0
20009,4098,58,0
20009,4099,59,0
21609,1000,1,0
21609,3001,2,0
21609,3004,3,0
21609,3005,4,0
21609,2086,5,0
21609,7033,6,0
21609,2093,7,0
21609,2047,8,0
21609,2077,9,0
21609,6054,10,0
21609,201352,11,0
21609,201322,12,0
21609,3021,13,0
21609,3022,14,0
21609,3023,15,0
21609,986,16,0
21609,3025,17,0
21609,3027,18,0
21609,3029,19,0
21609,3030,20,0
21609,201336,21,0
21609,201340,22,0
21609,3034,23,0
21609,2053,24,0
21609,1146,25,0
21609,2056,26,0
21609,3041,27,0
21609,3043,28,0
21609,3044,29,0
21609,3046,30,0
21609,3047,31,0
21609,201306,32,0
21609,201308,33,0
21609,201311,34,0
21609,201313,35,0
21609,201315,36,1
14001009,2074,1,0
14001009,201316,2,0
14001009,201315,3,0
14001009,2075,4,0
14001009,2076,5,0
14001009,2078,6,0
14001009,2079,7,0
14001009,2080,8,0
14001009,7028,9,0
14001009,2083,10,0
14001009,2085,11,0
14001009,2086,12,0
14001009,7033,13,0
14001009,2093,14,0
14001009,2087,15,0
14001009,2088,16,0
14001009,2089,17,0
14001009,2090,18,0
14001009,2092,19,0
14001009,2084,20,0
14001009,2094,21,0
14001009,2095,22,0
14001009,2096,23,0
14001009,2097,24,0
14001009,2082,25,0
14001009,6103,26,0
14001009,2098,27,0
14001009,2100,28,0
14001009,2101,29,0
14001009,2103,30,0
14001009,6104,31,0
14001009,6105,32,0
14001009,10001,33,0
14001009,1000,34,0
14001009,1101,35,0
14001009,2106,36,0
14001009,2104,37,0
14001009,2108,38,0
14001009,2109,39,0
14001009,2110,40,0
14001009,2112,41,0
14001009,2115,42,0
14001009,201353,43,0
14001009,2117,44,0
14001009,2118,45,0
14001009,2120,46,0
14001009,2122,47,0
14001009,2125,48,0
14001009,2128,49,0
14001009,2130,50,0
14001009,2131,51,0
14001009,2133,52,0
14001009,2134,53,0
14001009,2138,54,0
14001009,2040,55,0
14001009,2141,56,0
14001009,2001,57,1
14001209,2074,1,0
14001209,5040,2,0
14001209,8005,3,0
14001209,1071,4,0
14001209,1072,5,0
14001209,1075,6,0
14001209,1076,7,0
14001209,1078,8,0
14001209,1079,9,0
14001209,1081,10,0
14001209,1083,11,0
14001209,1085,12,0
14001209,1087,13,0
14001209,1088,14,0
14001209,1089,15,0
14001209,1092,16,0
14001209,1093,17,0
14001209,1094,18,0
14001209,1096,19,0
14001209,1097,20,0
14001209,1098,21,0
14001209,4038,22,0
14001209,1000,23,0
14001209,10001,24,0
14001209,1101,25,0
14001209,1102,26,0
14001209,1104,27,0
14001209,1106,28,0
14001209,201319,29,0
14001209,1110,30,0
14001209,1111,31,0
14001209,1112,32,0
14001209,1113,33,0
14001209,1114,34,0
14001209,1116,35,0
14001209,1117,36,0
14001209,1119,37,0
14001209,1121,38,0
14001209,7008,39,0
14001209,1124,40,0
14001209,1126,41,0
14001209,1128,42,0
14001209,1129,43,0
14001209,1130,44,0
14001209,1131,45,0
14001209,1133,46,0
14001209,1135,47,0
14001209,1137,48,0
14001209,1138,49,0
14001209,1139,50,0
14001209,1140,51,0
14001209,1141,52,0
14001209,1001,53,1
14001409,10010,1,0
14001409,5105,2,0
14001409,5060,3,0
14001409,7017,4,0
14001409,5062,5,0
14001409,5063,6,0
14001409,9007,7,0
14001409,5065,8,0
14001409,1063,9,0
14001409,1065,10,0
14001409,1066,11,0
14001409,1070,12,0
14001409,7021,13,0
14001409,5068,14,0
14001409,5069,15,0
14001409,5070,16,0
14001409,5072,17,0
14001409,5074,18,0
14001409,1201,19,0
14001409,5075,20,0
14001409,5077,21,0
14001409,1000,22,0
14001409,10001,23,0
14001409,1101,24,0
14001409,2106,25,0
14001409,201321,26,0
14001409,201348,27,0
14001409,201347,28,0
14001409,201346,29,0
14001409,5000,30,0
14001409,201345,31,0
14001409,201344,32,0
14001409,201342,33,0
14001409,201341,34,0
14001409,2107,35,0
14001409,1200,36,0
14001409,5079,37,0
14001409,5080,38,0
14001409,5082,39,0
14001409,1203,40,0
14001409,5085,41,0
14001409,5092,42,0
14001409,5095,43,0
14001409,5097,44,0
14001409,5006,45,0
14001409,5099,46,0
14001409,5102,47,0
14001409,5104,48,1
14001609,201315,1,0
14001609,10003,2,0
14001609,201318,3,0
14001609,2075,4,0
14001609,2076,5,0
14001609,4046,6,0
14001609,10016,7,0
14001609,4048,8,0
14001609,4049,9,0
14001609,7024,10,0
14001609,1600,11,0
14001609,201301,12,0
14001609,7025,13,0
14001609,1601,14,0
14001609,201305,15,0
14001609,4051,16,0
14001609,4053,17,0
14001609,6104,18,0
14001609,6105,19,0
14001609,10001,20,0
14001609,1000,21,0
14001609,1101,22,0
14001609,2106,23,0
14001609,2104,24,0
14001609,4054,25,0
14001609,4055,26,0
14001609,4058,27,0
14001609,4060,28,0
14001609,4061,29,0
14001609,4062,30,0
14001609,4063,31,0
14001609,4064,32,0
14001609,4065,33,0
14001609,4067,34,0
14001609,4068,35,0
14001609,4069,36,0
14001609,4070,37,0
14001609,4071,38,0
14001609,4072,39,0
14001609,4074,40,0
14001609,4076,41,0
14001609,8023,42,0
14001609,10005,43,0
14001609,10007,44,0
14001609,10006,45,0
14001609,4081,46,0
14001609,4083,47,0
14001609,8021,48,0
14001609,4084,49,0
14001609,4085,50,0
14001609,4088,51,0
14001609,4090,52,0
14001609,4000,53,1
19001109,2001,1,0
19001109,2039,2,0
19001109,2139,3,0
19001109,2054,4,0
19001109,2007,5,0
19001109,2008,6,0
19001109,2011,7,0
19001109,2012,8,0
19001109,2013,9,0
19001109,2016,10,0
19001109,2020,11,0
19001109,2022,12,0
19001109,2024,13,0
19001109,2025,14,0
19001109,201353,15,0
19001109,2027,16,0
19001109,2062,17,0
19001109,2031,18,0
19001109,2033,19,0
19001109,2034,20,0
19001109,2035,21,0
19001109,2036,22,0
19001109,2037,23,0
19001109,4037,24,0
19001109,4038,25,0
19001109,1000,26,0
19001109,2041,27,0
19001109,2065,28,0
19001109,2042,29,0
19001109,2046,30,0
19001109,2047,31,0
19001109,2077,32,0
19001109,2081,33,0
19001109,2050,34,0
19001109,2051,35,0
19001109,2052,36,0
19001109,2053,37,0
19001109,1146,38,0
19001109,2056,39,0
19001109,2057,40,0
19001109,2058,41,0
19001109,2059,42,0
19001109,7031,43,0
19001109,2060,44,0
19001109,2061,45,0
19001109,2063,46,0
19001109,2064,47,0
19001109,2066,48,0
19001109,2067,49,0
19001109,2068,50,0
19001109,2069,51,0
19001109,2070,52,0
19001109,2071,53,0
19001109,2072,54,0
19001109,2073,55,0
19001109,2074,56,1
19001309,1001,1,0
19001309,1002,2,0
19001309,9010,3,0
19001309,201320,4,0
19001309,1003,5,0
19001309,1004,6,0
19001309,1005,7,0
19001309,1006,8,0
19001309,1008,9,0
19001309,1010,10,0
19001309,1012,11,0
19001309,1013,12,0
19001309,1014,13,0
19001309,1016,14,0
19001309,1018,15,0
19001309,1020,16,0
19001309,1021,17,0
19001309,1142,18,0
19001309,1024,19,0
19001309,1143,20,0
19001309,1026,21,0
19001309,1029,22,0
19001309,1030,23,0
19001309,1144,24,0
19001309,1031,25,0
19001309,1032,26,0
19001309,1033,27,0
19001309,1034,28,0
19001309,1036,29,0
19001309,1038,30,0
19001309,4037,31,0
19001309,4038,32,0
19001309,1000,33,0
19001309,10001,34,0
19001309,1101,35,0
19001309,6001,36,0
19001309,1039,37,0
19001309,6003,38,0
19001309,6004,39,0
19001309,1044,40,0
19001309,1046,41,0
19001309,1048,42,0
19001309,1049,43,0
19001309,1051,44,0
19001309,1052,45,0
19001309,1054,46,0
19001309,1056,47,0
19001309,1057,48,0
19001309,1059,49,0
19001309,1060,50,0
19001309,7019,51,0
19001309,1062,52,0
19001309,1063,53,0
19001309,1065,54,0
19001309,1066,55,0
19001309,1070,56,0
19001309,7021,57,0
19001309,2072,58,0
19001309,2073,59,0
19001309,2074,60,1
19001509,5104,1,0
19001509,5003,2,0
19001509,201350,3,0
19001509,5017,4,0
19001509,5018,5,0
19001509,5020,6,0
19001509,5022,7,0
19001509,5024,8,0
19001509,5025,9,0
19001509,5026,10,0
19001509,4091,11,0
19001509,4092,12,0
19001509,4094,13,0
19001509,4095,14,0
19001509,4096,15,0
19001509,4098,16,0
19001509,4099,17,0
19001509,201346,18,0
19001509,5000,19,0
19001509,5001,20,0
19001509,5007,21,0
19001509,201349,22,0
19001509,2037,23,0
19001509,4037,24,0
19001509,4038,25,0
19001509,1000,26,0
19001509,10001,27,0
19001509,5028,28,0
19001509,5031,29,0
19001509,5032,30,0
19001509,5039,31,0
19001509,5034,32,0
19001509,5036,33,0
19001509,5050,34,0
19001509,5051,35,0
19001509,1072,36,0
19001509,5041,37,0
19001509,9006,38,0
19001509,5044,39,0
19001509,5052,40,0
19001509,5053,41,0
19001509,5054,42,0
19001509,9008,43,0
19001509,5046,44,0
19001509,5047,45,0
19001509,5048,46,0
19001509,10010,47,1
19001709,4000,1,0
19001709,4001,2,0
19001709,4003,3,0
19001709,4006,4,0
19001709,201351,5,0
19001709,8022,6,0
19001709,4008,7,0
19001709,4010,8,0
19001709,4011,9,0
19001709,4012,10,0
19001709,4013,11,0
19001709,4016,12,0
19001709,4018,13,0
19001709,4020,14,0
19001709,4021,15,0
19001709,7003,16,0
19001709,4022,17,0
19001709,4023,18,0
19001709,4024,19,0
19001709,4025,20,0
19001709,4026,21,0
19001709,4027,22,0
19001709,4028,23,0
19001709,7004,24,0
19001709,4029,25,0
19001709,4030,26,0
19001709,4032,27,0
19001709,4035,28,0
19001709,4036,29,0
19001709,2036,30,0
19001709,2037,31,0
19001709,4037,32,0
19001709,4038,33,0
19001709,1000,34,0
19001709,2041,35,0
19001709,2065,36,0
19001709,1204,37,0
19001709,4040,38,0
19001709,201304,39,0
19001709,201303,40,0
19001709,10004,41,0
19001709,201302,42,0
19001709,7023,43,0
19001709,4042,44,0
19001709,4043,45,0
19001709,10016,46,0
19001709,4045,47,0
19001709,2071,48,0
19001709,2072,49,0
19001709,2073,50,0
19001709,2074,51,1
