14009,'1175724',1429,,1551,10,0,5 6 22,0
14009,'1175759',1229,,1552,10,0,5 6 22,0
14009,'1175767',1329,,1553,10,0,5 6 22,0
14009,'1175834',1529,,1557,10,0,5 6 22,0
14009,'1176178',1029,,1560,10,0,5 6 22,0
14009,'1176234',1729,,1561,10,0,5 6 22,0
14009,'1176418',1129,,1564,10,0,5 6 22,0
14009,'1176613',1629,,1566,10,0,5 6 22,0
14009,'1176636',929,,1567,10,0,5 6 22,0
19001509,'1175715',2050,,2024,9,,,0
19001509,'1175729',950,,2025,9,,,0
19001509,'1175736',2150,,2026,9,0,12,0
19001509,'1175740',750,,2027,9,,,0
19001509,'1175741',1250,,2028,9,,,0
19001509,'1175769',2250,,2029,9,0,12,0
19001509,'1175774',2150,,2030,9,0,12,0
19001509,'1175778',1720,,2031,9,,,0
19001509,'1175793',1750,,2032,9,,,0
19001509,'1175801',750,,2033,9,,,0
19001509,'1175845',1320,,2034,9,,,0
19001509,'1175897',1420,,2035,9,,,0
19001509,'1175899',1150,,2036,9,,,0
19001509,'1175907',920,,2037,9,,,0
19001509,'1175925',1550,,2038,9,,,0
19001509,'1175932',1450,,2039,9,,,0
19001509,'1175953',1520,,2040,9,,,0
19001509,'1175967',1020,,2042,9,,,0
19001509,'1175996',1620,,2043,9,,,0
19001509,'1176000',850,,2044,9,,,0
19001509,'1176049',1650,,2045,9,,,0
19001509,'1176055',1850,,2046,9,,,0
19001509,'1176057',950,,2047,9,,,0
19001509,'1176073',720,,2048,9,,,0
19001509,'1176074',650,,2049,9,,,0
19001509,'1176085',1850,,2050,9,,,0
19001509,'1176090',2050,,2051,9,,,0
19001509,'1176092',1050,,2052,9,,,0
19001509,'1176093',850,,2053,9,,,0
19001509,'1176105',1950,,2054,9,,,0
19001509,'1176238',1450,,2055,9,,,0
19001509,'1176266',1120,,2056,9,,,0
19001509,'1176293',1350,,2057,9,,,0
19001509,'1176328',1220,,2058,9,,,0
19001509,'1176335',1950,,2059,9,,,0
19001509,'1176340',1820,,2060,9,0,12,0
19001509,'1176355',1550,,2061,9,,,0
19001509,'1176358',1250,,2062,9,,,0
19001509,'1176362',1750,,2063,9,,,0
19001509,'1176426',1050,,2064,9,,,0
19001509,'1176434',2250,,2065,9,0,12,0
19001509,'1176496',1350,,2067,9,,,0
19001509,'1176536',650,,2068,9,,,0
19001509,'1176537',820,,2069,9,,,0
19001509,'1176684',1650,,2070,9,,,0
19001509,'1176689',1150,,2071,9,,,0
