12009,'1175885',1720,,1519,2,0,18 7,0
12009,'1175923',1520,,1520,2,0,18 7,0
12009,'1175952',1320,,1521,2,0,18 7,0
12009,'1175971',1020,,1522,2,0,18 7,0
12009,'1176115',1120,,1524,2,0,18 7,0
12009,'1176305',1620,,1526,2,0,18 7,0
12009,'1176431',1420,,1528,2,0,18 7,0
12009,'1176538',920,,1530,2,0,18 7,0
12009,'1176625',1220,,1531,2,0,18 7,0
19001309,'1175728',811,,1978,2,,,0
19001309,'1175734',1441,,1979,2,,,0
19001309,'1175770',1941,,1980,2,,,0
19001309,'1175814',1811,,1981,2,0,8 21,0
19001309,'1175816',1741,,1982,2,,,0
19001309,'1175833',1641,,1983,2,,,0
19001309,'1175860',1311,,1984,2,,,0
19001309,'1175862',1041,,1985,2,,,0
19001309,'1175891',1111,,1986,2,,,0
19001309,'1175892',911,,1987,2,,,0
19001309,'1175994',841,,1989,2,,,0
19001309,'1176023',741,,1990,2,,,0
19001309,'1176034',1041,,1991,2,,,0
19001309,'1176044',1341,,1992,2,,,0
19001309,'1176064',1011,,1993,2,,,0
19001309,'1176125',1641,,1994,2,,,0
19001309,'1176139',1141,,1995,2,,,0
19001309,'1176167',2141,,1996,2,,,0
19001309,'1176182',1241,,1997,2,,,0
19001309,'1176185',711,,1998,2,,,0
19001309,'1176187',1241,,1999,2,,,0
19001309,'1176196',1141,,2000,2,,,0
19001309,'1176261',941,,2001,2,,,0
19001309,'1176277',2041,,2002,2,,,0
19001309,'1176318',1341,,2003,2,,,0
19001309,'1176331',1941,,2004,2,,,0
19001309,'1176338',1841,,2005,2,,,0
19001309,'1176348',1511,,2006,2,,,0
19001309,'1176367',1541,,2007,2,,,0
19001309,'1176387',2141,,2008,2,,,0
19001309,'1176389',741,,2009,2,,,0
19001309,'1176392',641,,2010,2,,,0
19001309,'1176394',1541,,2011,2,,,0
19001309,'1176446',1741,,2012,2,,,0
19001309,'1176462',2041,,2013,2,,,0
19001309,'1176473',1841,,2014,2,,,0
19001309,'1176527',941,,2015,2,,,0
19001309,'1176539',1611,,2016,2,,,0
19001309,'1176543',1411,,2017,2,,,0
19001309,'1176567',841,,2019,2,,,0
19001309,'1176597',1441,,2020,2,,,0
19001309,'1176614',1211,,2021,2,,,0
19001309,'1176638',1711,,2022,2,,,0
19001309,'1176660',641,,2023,2,,,0
