14009,'1175724',1448,,1551,21,0,5 6 22,0
14009,'1175759',1248,,1552,21,0,5 6 22,0
14009,'1175767',1348,,1553,21,0,5 6 22,0
14009,'1175834',1548,,1557,21,0,5 6 22,0
14009,'1176178',1048,,1560,21,0,5 6 22,0
14009,'1176234',1801,,1561,21,0,5 6 22,0
14009,'1176418',1148,,1564,21,0,5 6 22,0
14009,'1176613',1648,,1566,21,0,5 6 22,0
14009,'1176636',948,,1567,21,0,5 6 22,0
14001209,'1175718',1650,,1789,31,,,0
14001209,'1175861',1920,,1790,31,,,0
14001209,'1175900',1750,,1791,31,,,0
14001209,'1175915',2120,,1793,31,,,0
14001209,'1175917',1450,,1794,31,,,0
14001209,'1175919',2020,,1795,31,,,0
14001209,'1175938',820,,1796,31,,,0
14001209,'1175939',1820,,1797,31,,,0
14001209,'1175983',2220,,1798,31,,,0
14001209,'1176007',1320,,1799,31,,,0
14001209,'1176012',1120,,1800,31,,,0
14001209,'1176069',920,,1801,31,,,0
14001209,'1176070',1220,,1802,31,,,0
14001209,'1176091',1020,,1803,31,,,0
14001209,'1176100',720,,1804,9,,,0
14001209,'1176103',1020,,1805,31,,,0
14001209,'1176117',1220,,1806,31,,,0
14001209,'1176163',1920,,1808,31,,,0
14001209,'1176213',1120,,1809,31,,,0
14001209,'1176217',1620,,1810,31,,,0
14001209,'1176245',1820,,1811,31,,,0
14001209,'1176255',920,,1812,31,,,0
14001209,'1176275',1720,,1813,31,,,0
14001209,'1176323',1150,,1814,31,,,0
14001209,'1176343',1420,,1816,31,,,0
14001209,'1176354',1520,,1817,31,,,0
14001209,'1176378',1320,,1818,31,,,0
14001209,'1176401',750,,1819,31,,,0
14001209,'1176411',2120,,1820,31,,,0
14001209,'1176440',1520,,1821,31,,,0
14001209,'1176458',720,,1822,31,,,0
14001209,'1176470',1620,,1823,31,,,0
14001209,'1176472',1050,,1824,31,,,0
14001209,'1176483',1350,,1825,31,,,0
14001209,'1176488',1720,,1826,31,,,0
14001209,'1176515',2020,,1827,31,,,0
14001209,'1176526',950,,1828,31,,,0
14001209,'1176532',1250,,1829,31,,,0
14001209,'1176546',2220,,1830,31,,,0
14001209,'1176594',850,,1831,31,,,0
14001209,'1176599',1550,,1832,31,,,0
14001209,'1176626',820,,1833,31,,,0
14001209,'1176676',1420,,1834,31,,,0
