13009,'1142394',1158,,750,7,0,19 15,0
13009,'1142420',1258,,751,7,0,19 15,0
13009,'1142430',1358,,752,7,0,19 15,0
13009,'1142453',858,,754,7,0,19 15,0
13009,'1142672',958,,756,7,0,19 15,0
13009,'1142704',1558,,757,7,0,19 15,0
13009,'1142720',1458,,759,7,0,19 15,0
13009,'1142776',1058,,761,7,0,19 15,0
13009,'1142824',1658,,762,7,0,19 15,0
19001309,'1142135',2119,,1110,39,,,0
19001309,'1142136',1449,,1111,39,,,0
19001309,'1142154',2019,,1112,39,,,0
19001309,'1142209',1819,,1113,39,,,0
19001309,'1142233',1219,,1114,39,,,0
19001309,'1142307',719,,1115,39,,,0
19001309,'1142324',1549,,1116,39,,,0
19001309,'1142327',749,,1117,39,,,0
19001309,'1142333',1419,,1118,39,,,0
19001309,'1142337',1349,,1119,39,,,0
19001309,'1142343',1319,,1120,39,,,0
19001309,'1142352',919,,1121,39,,,0
19001309,'1142356',649,,1122,7,,,0
19001309,'1142380',2219,,1123,39,,,0
19001309,'1142387',1319,,1124,39,,,0
19001309,'1142413',819,,1125,39,,,0
19001309,'1142434',1119,,1126,39,,,0
19001309,'1142467',1649,,1127,39,,,0
19001309,'1142472',949,,1128,39,,,0
19001309,'1142498',1249,,1129,39,,,0
19001309,'1142507',1219,,1130,39,,,0
19001309,'1142516',919,,1131,39,,,0
19001309,'1142536',1019,,1132,39,,,0
19001309,'1142566',849,,1133,39,,,0
19001309,'1142577',1119,,1134,39,,,0
19001309,'1142581',1619,,1135,39,,,0
19001309,'1142617',1419,,1136,39,,,0
19001309,'1142620',1719,,1137,39,,,0
19001309,'1142622',1819,,1138,39,,,0
19001309,'1142657',719,,1139,39,,,0
19001309,'1142683',619,,1140,7,,,0
19001309,'1142741',1019,,1141,39,,,0
19001309,'1142775',1919,,1142,39,,,0
19001309,'1142779',1719,,1143,39,,,0
19001309,'1142785',2219,,1144,39,,,0
19001309,'1142804',1919,,1145,39,,,0
19001309,'1142810',1519,,1146,39,,,0
19001309,'1142819',1519,,1147,39,,,0
19001309,'1142828',1749,,1148,39,,,0
19001309,'1142835',2119,,1149,39,,,0
19001309,'1142836',1619,,1150,39,,,0
19001309,'1142848',1049,,1151,39,,,0
19001309,'1142865',1149,,1153,39,,,0
19001309,'1142877',2019,,1154,39,,,0
19001309,'1142891',819,,1155,39,,,0
