14009,'1175724',1503,,1551,41,0,5 6 22,0
14009,'1175759',1303,,1552,41,0,5 6 22,0
14009,'1175767',1403,,1553,41,0,5 6 22,0
14009,'1175834',1603,,1557,41,0,5 6 22,0
14009,'1176178',1103,,1560,41,0,5 6 22,0
14009,'1176234',1816,,1561,41,0,5 6 22,0
14009,'1176418',1203,,1564,41,0,5 6 22,0
14009,'1176613',1703,,1566,41,0,5 6 22,0
14009,'1176636',1003,,1567,41,0,5 6 22,0
14001009,'1175755',934,,1743,56,,,0
14001009,'1175787',1834,,1744,56,,,0
14001009,'1175798',1834,,1745,56,,,0
14001009,'1175810',734,,1747,23,,,0
14001009,'1175825',1634,,1748,56,,,0
14001009,'1175826',1329,,1749,57,,,0
14001009,'1175836',1804,,1750,56,,,0
14001009,'1175840',2034,,1751,56,,,0
14001009,'1175890',2034,,1753,56,,,0
14001009,'1175905',2134,,1754,56,,,0
14001009,'1175937',1429,,1755,57,,,0
14001009,'1175943',1734,,1756,56,,,0
14001009,'1175995',1129,,1758,57,,,0
14001009,'1176008',804,,1759,56,,,0
14001009,'1176017',834,,1760,56,,,0
14001009,'1176075',1734,,1761,56,,,0
14001009,'1176104',2234,,1762,56,,,0
14001009,'1176141',1332,,1763,57,,,0
14001009,'1176158',1532,,1764,57,,,0
14001009,'1176198',1032,,1766,57,,,0
14001009,'1176208',2234,,1767,56,,,0
14001009,'1176215',1934,,1768,56,,,0
14001009,'1176249',1132,,1770,57,,,0
14001009,'1176269',2134,,1771,56,,,0
14001009,'1176311',1029,,1774,57,,,0
14001009,'1176346',904,,1775,56,,,0
14001009,'1176365',934,,1776,56,,,0
14001009,'1176376',1634,,1777,56,,,0
14001009,'1176382',1229,,1778,57,,,0
14001009,'1176449',734,,1779,56,,,0
14001009,'1176545',834,,1781,56,,,0
14001009,'1176551',1432,,1782,57,,,0
14001009,'1176579',1704,,1783,56,,,0
14001009,'1176580',1232,,1784,57,,,0
14001009,'1176607',1934,,1785,56,,,0
14001009,'1176653',1529,,1788,57,,,0
