14009,'1175724',1447,,1551,20,0,5 6 22,0
14009,'1175759',1247,,1552,20,0,5 6 22,0
14009,'1175767',1347,,1553,20,0,5 6 22,0
14009,'1175834',1547,,1557,20,0,5 6 22,0
14009,'1176178',1047,,1560,20,0,5 6 22,0
14009,'1176234',1800,,1561,20,0,5 6 22,0
14009,'1176418',1147,,1564,20,0,5 6 22,0
14009,'1176613',1647,,1566,20,0,5 6 22,0
14009,'1176636',947,,1567,20,0,5 6 22,0
14001209,'1175718',1650,,1789,30,,,0
14001209,'1175861',1920,,1790,30,,,0
14001209,'1175900',1750,,1791,30,,,0
14001209,'1175915',2120,,1793,30,,,0
14001209,'1175917',1450,,1794,30,,,0
14001209,'1175919',2020,,1795,30,,,0
14001209,'1175938',820,,1796,30,,,0
14001209,'1175939',1820,,1797,30,,,0
14001209,'1175983',2220,,1798,30,,,0
14001209,'1176007',1320,,1799,30,,,0
14001209,'1176012',1120,,1800,30,,,0
14001209,'1176069',920,,1801,30,,,0
14001209,'1176070',1220,,1802,30,,,0
14001209,'1176091',1020,,1803,30,,,0
14001209,'1176100',720,,1804,8,,,0
14001209,'1176103',1020,,1805,30,,,0
14001209,'1176117',1220,,1806,30,,,0
14001209,'1176163',1920,,1808,30,,,0
14001209,'1176213',1120,,1809,30,,,0
14001209,'1176217',1620,,1810,30,,,0
14001209,'1176245',1820,,1811,30,,,0
14001209,'1176255',920,,1812,30,,,0
14001209,'1176275',1720,,1813,30,,,0
14001209,'1176323',1150,,1814,30,,,0
14001209,'1176343',1420,,1816,30,,,0
14001209,'1176354',1520,,1817,30,,,0
14001209,'1176378',1320,,1818,30,,,0
14001209,'1176401',750,,1819,30,,,0
14001209,'1176411',2120,,1820,30,,,0
14001209,'1176440',1520,,1821,30,,,0
14001209,'1176458',720,,1822,30,,,0
14001209,'1176470',1620,,1823,30,,,0
14001209,'1176472',1050,,1824,30,,,0
14001209,'1176483',1350,,1825,30,,,0
14001209,'1176488',1720,,1826,30,,,0
14001209,'1176515',2020,,1827,30,,,0
14001209,'1176526',950,,1828,30,,,0
14001209,'1176532',1250,,1829,30,,,0
14001209,'1176546',2220,,1830,30,,,0
14001209,'1176594',850,,1831,30,,,0
14001209,'1176599',1550,,1832,30,,,0
14001209,'1176626',820,,1833,30,,,0
14001209,'1176676',1420,,1834,30,,,0
