13009,'1175768',1412,,1533,25,0,19 15,0
13009,'1175851',1212,,1534,25,0,19 15,0
13009,'1175875',1312,,1535,25,0,19 15,0
13009,'1175888',1112,,1536,25,0,19 15,0
13009,'1176171',1512,,1538,25,0,19 15,0
13009,'1176184',912,,1539,25,0,19 15,0
13009,'1176223',1612,,1541,25,0,19 15,0
13009,'1176463',1012,,1547,25,0,19 15,0
13009,'1176497',1712,,1548,25,0,19 15,0
15009,'1175719',1729,,1569,36,0,20 15,0
15009,'1175730',1529,,1570,36,0,20 15,0
15009,'1175737',1329,,1571,36,0,20 15,0
15009,'1175828',1429,,1572,36,0,20 15,0
15009,'1175835',1029,,1573,36,0,20 15,0
15009,'1176048',1229,,1578,36,0,20 15,0
15009,'1176230',1629,,1580,36,0,20 15,0
15009,'1176301',929,,1582,36,0,20 15,0
15009,'1176568',1129,,1584,36,0,20 15,0
30009,'1175721',1640,,1661,19,,,0
30009,'1175727',1340,,1662,19,,,0
30009,'1175735',1440,,1664,19,,,0
30009,'1175749',1810,,1665,19,,,0
30009,'1175758',1540,,1666,19,,,0
30009,'1175761',1710,,1667,19,,,0
30009,'1175780',1840,,1669,19,,,0
30009,'1175796',940,,1670,19,,,0
30009,'1175817',1040,,1671,19,,,0
30009,'1175867',1240,,1672,19,,,0
30009,'1175878',840,,1673,19,,,0
30009,'1175911',1040,,1678,19,,,0
30009,'1175934',2140,,1680,19,,,0
30009,'1175959',740,,1682,19,,,0
30009,'1175964',910,,1683,19,,,0
30009,'1175972',1140,,1685,19,,,0
30009,'1175993',1010,,1686,19,,,0
30009,'1176061',1140,,1693,19,,,0
30009,'1176118',1840,,1697,19,,,0
30009,'1176121',1640,,1698,19,,,0
30009,'1176144',1540,,1699,19,,,0
30009,'1176232',1740,,1710,19,,,0
30009,'1176233',1940,,1711,19,,,0
30009,'1176333',1240,,1718,19,,,0
30009,'1176388',2040,,1720,19,,,0
30009,'1176404',1940,,1722,19,,,0
30009,'1176405',710,,1723,18,,,0
30009,'1176456',1740,,1728,19,,,0
30009,'1176480',940,,1730,19,,,0
30009,'1176489',740,,1731,18,,,0
30009,'1176494',810,,1732,19,,,0
30009,'1176499',1610,,1733,19,,,0
30009,'1176503',1440,,1734,19,,,0
30009,'1176511',2140,,1735,19,,,0
30009,'1176516',1340,,1736,19,,,0
30009,'1176633',840,,1741,19,,,0
30009,'1176649',2040,,1742,19,,,0
14001409,'1175733',1852,,1835,12,,,0
14001409,'1175775',1152,,1836,12,,,0
14001409,'1175776',2052,,1837,12,,,0
14001409,'1175786',1952,,1838,12,,,0
14001409,'1175790',1552,,1839,12,,,0
14001409,'1175803',1352,,1840,12,,,0
14001409,'1175809',922,,1841,12,,,0
14001409,'1175820',1452,,1842,12,,,0
14001409,'1175821',1152,,1843,12,,,0
14001409,'1175838',1122,,1844,12,,,0
14001409,'1175856',1052,,1845,12,,,0
14001409,'1175876',1552,,1846,12,,,0
14001409,'1175893',1852,,1847,12,,,0
14001409,'1175894',1722,,1848,12,,,0
14001409,'1175902',1622,,1849,12,,,0
14001409,'1175961',1252,,1850,12,,,0
14001409,'1175973',852,,1851,12,,,0
14001409,'1175975',1752,,1852,12,,,0
14001409,'1175979',1822,,1853,12,0,8 21,0
14001409,'1175999',822,,1854,12,,,0
14001409,'1176001',1022,,1855,12,,,0
14001409,'1176014',1052,,1856,12,,,0
14001409,'1176036',722,,1857,12,,,0
14001409,'1176047',1352,,1858,12,,,0
14001409,'1176050',2052,,1859,12,,,0
14001409,'1176071',1222,,1860,12,,,0
14001409,'1176160',1652,,1861,12,,,0
14001409,'1176250',752,,1862,12,,,0
14001409,'1176268',2152,,1863,12,,,0
14001409,'1176283',1322,,1864,12,,,0
14001409,'1176308',2152,,1866,12,,,0
14001409,'1176314',652,,1867,12,,,0
14001409,'1176393',952,,1869,12,,,0
14001409,'1176423',752,,1870,12,,,0
14001409,'1176476',1522,,1872,12,,,0
14001409,'1176485',952,,1873,12,,,0
14001409,'1176522',852,,1874,12,,,0
14001409,'1176556',1652,,1876,12,,,0
14001409,'1176558',1452,,1877,12,,,0
14001409,'1176598',1952,,1878,12,,,0
14001409,'1176631',1252,,1879,12,,,0
14001409,'1176643',1422,,1880,12,,,0
14001409,'1176681',1752,,1881,12,,,0
19001309,'1175728',903,,1978,57,,,0
19001309,'1175734',1533,,1979,57,,,0
19001309,'1175770',2033,,1980,57,,,0
19001309,'1175816',1833,,1982,57,,,0
19001309,'1175833',1733,,1983,57,,,0
19001309,'1175860',1403,,1984,57,,,0
19001309,'1175862',1133,,1985,57,,,0
19001309,'1175891',1203,,1986,57,,,0
19001309,'1175892',1003,,1987,57,,,0
19001309,'1175985',703,,1988,25,,,0
19001309,'1175994',933,,1989,57,,,0
19001309,'1176023',833,,1990,57,,,0
19001309,'1176034',1133,,1991,57,,,0
19001309,'1176044',1433,,1992,57,,,0
19001309,'1176064',1103,,1993,57,,,0
19001309,'1176125',1733,,1994,57,,,0
19001309,'1176139',1233,,1995,57,,,0
19001309,'1176167',2233,,1996,57,,,0
19001309,'1176182',1333,,1997,57,,,0
19001309,'1176185',803,,1998,57,,,0
19001309,'1176187',1333,,1999,57,,,0
19001309,'1176196',1233,,2000,57,,,0
19001309,'1176261',1033,,2001,57,,,0
19001309,'1176277',2133,,2002,57,,,0
19001309,'1176318',1433,,2003,57,,,0
19001309,'1176331',2033,,2004,57,,,0
19001309,'1176338',1933,,2005,57,,,0
19001309,'1176348',1603,,2006,57,,,0
19001309,'1176367',1633,,2007,57,,,0
19001309,'1176387',2233,,2008,57,,,0
19001309,'1176389',833,,2009,57,,,0
19001309,'1176392',733,,2010,57,,,0
19001309,'1176394',1633,,2011,57,,,0
19001309,'1176446',1833,,2012,57,,,0
19001309,'1176462',2133,,2013,57,,,0
19001309,'1176473',1933,,2014,57,,,0
19001309,'1176527',1033,,2015,57,,,0
19001309,'1176539',1703,,2016,57,,,0
19001309,'1176543',1503,,2017,57,,,0
19001309,'1176550',633,,2018,25,,,0
19001309,'1176567',933,,2019,57,,,0
19001309,'1176597',1533,,2020,57,,,0
19001309,'1176614',1303,,2021,57,,,0
19001309,'1176638',1803,,2022,57,,,0
19001309,'1176660',733,,2023,57,,,0
