11009,'1175720',1207,,1460,24,0,13 14 15,0
11009,'1175910',907,,1463,24,0,13 14 15,0
11009,'1175948',1707,,1464,24,0,13 14 15,0
11009,'1176063',1507,,1465,24,0,13 14 15,0
11009,'1176079',1407,,1466,24,0,13 14 15,0
11009,'1176108',1007,,1467,24,0,13 14 15,0
11009,'1176321',1107,,1471,24,0,13 14 15,0
11009,'1176658',1607,,1476,24,0,13 14 15,0
11009,'1176675',1307,,1477,24,0,13 14 15,0
19001109,'1175757',2230,,1930,48,,,0
19001109,'1175788',1830,,1931,48,,,0
19001109,'1175797',1430,,1932,48,,,0
19001109,'1175800',1030,,1933,48,,,0
19001109,'1175811',1600,,1934,24,,,0
19001109,'1175846',1930,,1935,48,,,0
19001109,'1175854',1100,,1936,24,,,0
19001109,'1175866',1800,,1937,48,,,0
19001109,'1175889',1330,,1939,48,,,0
19001109,'1175960',1300,,1940,24,,,0
19001109,'1175990',1230,,1942,48,,,0
19001109,'1176025',630,,1943,27,,,0
19001109,'1176026',1330,,1944,48,,,0
19001109,'1176076',700,,1945,24,,,0
19001109,'1176086',1030,,1946,48,,,0
19001109,'1176114',930,,1947,48,,,0
19001109,'1176152',800,,1948,48,,,0
19001109,'1176229',2230,,1949,48,,,0
19001109,'1176246',830,,1950,48,,,0
19001109,'1176315',730,,1951,48,,,0
19001109,'1176316',1230,,1952,48,,,0
19001109,'1176317',1730,,1953,48,,,0
19001109,'1176322',1000,,1954,48,,,0
19001109,'1176337',2030,,1955,48,,,0
19001109,'1176344',1630,,1956,48,,,0
19001109,'1176353',1630,,1957,48,,,0
19001109,'1176386',730,,1958,48,,,0
19001109,'1176406',1500,,1959,24,,,0
19001109,'1176429',1400,,1960,24,,,0
19001109,'1176444',1930,,1961,48,,,0
19001109,'1176445',2130,,1962,48,,,0
19001109,'1176478',1830,,1963,48,,,0
19001109,'1176517',1530,,1965,48,,,0
19001109,'1176557',930,,1966,48,,,0
19001109,'1176559',2030,,1967,48,,,0
19001109,'1176563',900,,1968,48,,,0
19001109,'1176570',1530,,1969,48,,,0
19001109,'1176581',1200,,1970,24,,,0
19001109,'1176586',1700,,1971,24,,,0
19001109,'1176595',1730,,1972,48,,,0
19001109,'1176605',1130,,1973,48,,,0
19001109,'1176616',1130,,1974,48,,,0
19001109,'1176620',830,,1975,48,,,0
19001109,'1176668',2130,,1976,48,,,0
19001109,'1176674',1430,,1977,48,,,0
