15009,'1175719',1723,,1569,27,0,20 15,0
15009,'1175730',1523,,1570,27,0,20 15,0
15009,'1175737',1323,,1571,27,0,20 15,0
15009,'1175828',1423,,1572,27,0,20 15,0
15009,'1175835',1023,,1573,27,0,20 15,0
15009,'1176048',1223,,1578,27,0,20 15,0
15009,'1176230',1623,,1580,27,0,20 15,0
15009,'1176301',923,,1582,27,0,20 15,0
15009,'1176568',1123,,1584,27,0,20 15,0
14001409,'1175733',1847,,1835,3,,,0
14001409,'1175775',1147,,1836,3,,,0
14001409,'1175776',2047,,1837,3,,,0
14001409,'1175786',1947,,1838,3,,,0
14001409,'1175790',1547,,1839,3,,,0
14001409,'1175803',1347,,1840,3,,,0
14001409,'1175809',917,,1841,3,,,0
14001409,'1175820',1447,,1842,3,,,0
14001409,'1175821',1147,,1843,3,,,0
14001409,'1175838',1117,,1844,3,,,0
14001409,'1175856',1047,,1845,3,,,0
14001409,'1175876',1547,,1846,3,,,0
14001409,'1175893',1847,,1847,3,,,0
14001409,'1175894',1717,,1848,3,,,0
14001409,'1175902',1617,,1849,3,,,0
14001409,'1175961',1247,,1850,3,,,0
14001409,'1175973',847,,1851,3,,,0
14001409,'1175975',1747,,1852,3,,,0
14001409,'1175979',1817,,1853,3,0,8 21,0
14001409,'1175999',817,,1854,3,,,0
14001409,'1176001',1017,,1855,3,,,0
14001409,'1176014',1047,,1856,3,,,0
14001409,'1176036',717,,1857,3,,,0
14001409,'1176047',1347,,1858,3,,,0
14001409,'1176050',2047,,1859,3,,,0
14001409,'1176071',1217,,1860,3,,,0
14001409,'1176160',1647,,1861,3,,,0
14001409,'1176250',747,,1862,3,,,0
14001409,'1176268',2147,,1863,3,,,0
14001409,'1176283',1317,,1864,3,,,0
14001409,'1176308',2147,,1866,3,,,0
14001409,'1176314',647,,1867,3,,,0
14001409,'1176393',947,,1869,3,,,0
14001409,'1176423',747,,1870,3,,,0
14001409,'1176476',1517,,1872,3,,,0
14001409,'1176485',947,,1873,3,,,0
14001409,'1176522',847,,1874,3,,,0
14001409,'1176556',1647,,1876,3,,,0
14001409,'1176558',1447,,1877,3,,,0
14001409,'1176598',1947,,1878,3,,,0
14001409,'1176631',1247,,1879,3,,,0
14001409,'1176643',1417,,1880,3,,,0
14001409,'1176681',1747,,1881,3,,,0
