13009,'1142394',1156,,750,4,0,19 15,0
13009,'1142420',1256,,751,4,0,19 15,0
13009,'1142430',1356,,752,4,0,19 15,0
13009,'1142453',856,,754,4,0,19 15,0
13009,'1142672',956,,756,4,0,19 15,0
13009,'1142704',1556,,757,4,0,19 15,0
13009,'1142720',1456,,759,4,0,19 15,0
13009,'1142776',1056,,761,4,0,19 15,0
13009,'1142824',1656,,762,4,0,19 15,0
19001109,'1142176',1807,,1062,23,,,0
19001109,'1142184',1837,,1063,23,0,8 9,0
19001109,'1142198',1737,,1064,23,,,0
19001109,'1142212',1306,,1065,23,,,0
19001109,'1142243',2207,,1067,23,,,0
19001109,'1142245',907,,1068,23,,,0
19001109,'1142246',1907,,1069,23,,,0
19001109,'1142249',1707,,1070,23,,,0
19001109,'1142251',1807,,1071,23,,,0
19001109,'1142263',611,,1072,2,,,0
19001109,'1142278',2007,,1073,23,,,0
19001109,'1142294',2007,,1075,23,,,0
19001109,'1142296',2107,,1076,23,,,0
19001109,'1142339',707,,1077,23,,,0
19001109,'1142345',1206,,1078,23,,,0
19001109,'1142354',907,,1079,23,,,0
19001109,'1142395',837,,1080,23,,,0
19001109,'1142412',1406,,1081,23,,,0
19001109,'1142458',2107,,1084,23,,,0
19001109,'1142492',807,,1085,23,,,0
19001109,'1142503',1406,,1086,23,,,0
19001109,'1142520',1907,,1087,23,,,0
19001109,'1142539',807,,1089,23,,,0
19001109,'1142552',2207,,1090,23,,,0
19001109,'1142554',1506,,1091,23,,,0
19001109,'1142583',1106,,1094,23,,,0
19001109,'1142588',1206,,1095,23,,,0
19001109,'1142643',1007,,1097,23,,,0
19001109,'1142664',1506,,1098,23,,,0
19001109,'1142674',937,,1099,23,,,0
19001109,'1142756',1606,,1101,23,,,0
19001109,'1142772',737,,1102,23,,,0
19001109,'1142809',1707,,1104,23,,,0
19001109,'1142814',1007,,1105,23,,,0
19001109,'1142845',1106,,1106,23,,,0
19001109,'1142860',1306,,1107,23,,,0
19001109,'1142880',1606,,1108,23,,,0
19001109,'1142882',707,,1109,23,,,0
19001309,'1142135',2107,,1110,31,,,0,10,,1110,36,,,0
19001309,'1142136',1437,,1111,31,,,0,10,,1111,36,,,0
19001309,'1142154',2007,,1112,31,,,0,10,,1112,36,,,0
19001309,'1142209',1807,,1113,31,,,0,10,,1113,36,,,0
19001309,'1142233',1207,,1114,31,,,0,10,,1114,36,,,0
19001309,'1142307',707,,1115,31,,,0,10,,1115,36,,,0
19001309,'1142324',1537,,1116,31,,,0,10,,1116,36,,,0
19001309,'1142327',737,,1117,31,,,0,10,,1117,36,,,0
19001309,'1142333',1407,,1118,31,,,0,10,,1118,36,,,0
19001309,'1142337',1337,,1119,31,,,0,10,,1119,36,,,0
19001309,'1142343',1307,,1120,31,,,0,10,,1120,36,,,0
19001309,'1142352',907,,1121,31,,,0,10,,1121,36,,,0
19001309,'1142356',647,,1122,4,,,0
19001309,'1142380',2207,,1123,31,,,0,10,,1123,36,,,0
19001309,'1142387',1307,,1124,31,,,0,10,,1124,36,,,0
19001309,'1142413',807,,1125,31,,,0,10,,1125,36,,,0
19001309,'1142434',1107,,1126,31,,,0,10,,1126,36,,,0
19001309,'1142467',1637,,1127,31,,,0,10,,1127,36,,,0
19001309,'1142472',937,,1128,31,,,0,10,,1128,36,,,0
19001309,'1142498',1237,,1129,31,,,0,10,,1129,36,,,0
19001309,'1142507',1207,,1130,31,,,0,10,,1130,36,,,0
19001309,'1142516',907,,1131,31,,,0,10,,1131,36,,,0
19001309,'1142536',1007,,1132,31,,,0,10,,1132,36,,,0
19001309,'1142566',837,,1133,31,,,0,10,,1133,36,,,0
19001309,'1142577',1107,,1134,31,,,0,10,,1134,36,,,0
19001309,'1142581',1607,,1135,31,,,0,10,,1135,36,,,0
19001309,'1142617',1407,,1136,31,,,0,10,,1136,36,,,0
19001309,'1142620',1707,,1137,31,,,0,10,,1137,36,,,0
19001309,'1142622',1807,,1138,31,,,0,10,,1138,36,,,0
19001309,'1142657',707,,1139,31,,,0,10,,1139,36,,,0
19001309,'1142683',617,,1140,4,,,0
19001309,'1142741',1007,,1141,31,,,0,10,,1141,36,,,0
19001309,'1142775',1907,,1142,31,,,0,10,,1142,36,,,0
19001309,'1142779',1707,,1143,31,,,0,10,,1143,36,,,0
19001309,'1142785',2207,,1144,31,,,0,10,,1144,36,,,0
19001309,'1142804',1907,,1145,31,,,0,10,,1145,36,,,0
19001309,'1142810',1507,,1146,31,,,0,10,,1146,36,,,0
19001309,'1142819',1507,,1147,31,,,0,10,,1147,36,,,0
19001309,'1142828',1737,,1148,31,,,0,10,,1148,36,,,0
19001309,'1142835',2107,,1149,31,,,0,10,,1149,36,,,0
19001309,'1142836',1607,,1150,31,,,0,10,,1150,36,,,0
19001309,'1142848',1037,,1151,31,,,0,10,,1151,36,,,0
19001309,'1142849',1837,,1152,31,0,8 9,0
19001309,'1142865',1137,,1153,31,,,0,10,,1153,36,,,0
19001309,'1142877',2007,,1154,31,,,0,10,,1154,36,,,0
19001309,'1142891',807,,1155,31,,,0,10,,1155,36,,,0
19001509,'1142133',1704,,1156,24,,,0
19001509,'1142153',704,,1158,24,,,0
19001509,'1142160',1004,,1159,24,,,0
19001509,'1142170',1504,,1160,24,,,0
19001509,'1142181',704,,1161,24,,,0
19001509,'1142183',1604,,1162,24,,,0
19001509,'1142185',1504,,1163,24,,,0
19001509,'1142201',834,,1164,24,,,0
19001509,'1142204',1304,,1165,24,,,0
19001509,'1142217',1104,,1167,24,,,0
19001509,'1142250',2104,,1168,24,,,0
19001509,'1142261',1234,,1169,24,,,0
19001509,'1142284',1034,,1170,24,,,0
19001509,'1142302',1804,,1172,24,,,0
19001509,'1142304',1834,,1173,24,0,12,0
19001509,'1142318',934,,1174,24,,,0
19001509,'1142351',2004,,1175,24,,,0
19001509,'1142376',1804,,1176,24,,,0
19001509,'1142422',1204,,1177,24,,,0
19001509,'1142427',804,,1178,24,,,0
19001509,'1142428',1634,,1179,24,,,0
19001509,'1142440',1304,,1180,24,,,0
19001509,'1142443',2004,,1181,24,,,0
19001509,'1142474',734,,1182,24,,,0
19001509,'1142476',1334,,1183,24,,,0
19001509,'1142512',1134,,1184,24,,,0
19001509,'1142514',1604,,1185,24,,,0
19001509,'1142587',1734,,1187,24,,,0
19001509,'1142615',1904,,1188,24,,,0
19001509,'1142630',1904,,1189,24,,,0
19001509,'1142653',1704,,1190,24,,,0
19001509,'1142655',904,,1191,24,,,0
19001509,'1142675',804,,1192,24,,,0
19001509,'1142725',1534,,1194,24,,,0
19001509,'1142736',1404,,1195,24,,,0
19001509,'1142755',1104,,1196,24,,,0
19001509,'1142799',1434,,1198,24,,,0
19001509,'1142808',2104,,1199,24,,,0
19001509,'1142818',1204,,1200,24,,,0
19001509,'1142823',1404,,1201,24,,,0
19001509,'1142868',904,,1202,24,,,0
19001509,'1142879',1004,,1203,24,,,0
19001709,'1142163',1204,,1204,32,,,0
19001709,'1142169',704,,1205,32,,,0
19001709,'1142180',1404,,1206,32,,,0
19001709,'1142193',1404,,1207,32,,,0
19001709,'1142232',1904,,1208,32,,,0
19001709,'1142259',2004,,1209,32,,,0
19001709,'1142285',704,,1210,32,,,0
19001709,'1142321',2104,,1212,32,,,0
19001709,'1142340',904,,1213,32,,,0
19001709,'1142365',1004,,1215,32,,,0
19001709,'1142402',1834,,1216,32,0,8 9,0
19001709,'1142415',904,,1217,32,,,0
19001709,'1142417',1604,,1218,32,,,0
19001709,'1142425',734,,1219,32,,,0
19001709,'1142455',1604,,1220,32,,,0
19001709,'1142494',1304,,1222,32,,,0
19001709,'1142496',1504,,1223,32,,,0
19001709,'1142502',1004,,1224,32,,,0
19001709,'1142511',804,,1225,32,,,0
19001709,'1142513',2304,,1226,32,0,8 9,0
19001709,'1142515',1104,,1227,32,,,0
19001709,'1142537',2204,,1228,32,0,8 9,0
19001709,'1142547',1104,,1229,32,,,0
19001709,'1142569',2104,,1230,32,,,0
19001709,'1142595',2204,,1232,32,0,8 9,0
19001709,'1142618',1904,,1233,32,,,0
19001709,'1142632',1734,,1234,32,,,0
19001709,'1142635',1704,,1235,32,,,0
19001709,'1142665',634,,1237,32,,,0
19001709,'1142670',1704,,1238,32,,,0
19001709,'1142689',834,,1239,32,,,0
19001709,'1142695',2004,,1240,32,,,0
19001709,'1142706',1804,,1241,32,,,0
19001709,'1142747',1504,,1243,32,,,0
19001709,'1142750',1204,,1244,32,,,0
19001709,'1142768',1304,,1246,32,,,0
19001709,'1142800',804,,1247,32,,,0
19001709,'1142805',934,,1248,32,,,0
19001709,'1142831',2304,,1249,32,0,8 9,0
19001709,'1142841',1634,,1250,32,,,0
19001709,'1142871',1804,,1251,32,,,0
