15009,'1142326',1209,,785,15,0,20 15,0
15009,'1142391',1009,,786,15,0,20 15,0
15009,'1142463',1609,,789,15,0,20 15,0
15009,'1142521',909,,791,15,0,20 15,0
15009,'1142575',1509,,792,15,0,20 15,0
15009,'1142681',1309,,794,15,0,20 15,0
15009,'1142872',1109,,798,15,0,20 15,0
15009,'1142884',1409,,799,15,0,20 15,0
15009,'1142889',1709,,800,15,0,20 15,0
19001509,'1142133',1727,,1156,40,,,0
19001509,'1142140',627,,1157,15,,,0
19001509,'1142153',727,,1158,40,,,0
19001509,'1142160',1027,,1159,40,,,0
19001509,'1142170',1527,,1160,40,,,0
19001509,'1142181',727,,1161,40,,,0
19001509,'1142183',1627,,1162,40,,,0
19001509,'1142185',1527,,1163,40,,,0
19001509,'1142201',857,,1164,40,,,0
19001509,'1142204',1327,,1165,40,,,0
19001509,'1142217',1127,,1167,40,,,0
19001509,'1142250',2127,,1168,40,,,0
19001509,'1142261',1257,,1169,40,,,0
19001509,'1142284',1057,,1170,40,,,0
19001509,'1142302',1827,,1172,40,,,0
19001509,'1142318',957,,1174,40,,,0
19001509,'1142351',2027,,1175,40,,,0
19001509,'1142376',1827,,1176,40,,,0
19001509,'1142422',1227,,1177,40,,,0
19001509,'1142427',827,,1178,40,,,0
19001509,'1142428',1657,,1179,40,,,0
19001509,'1142440',1327,,1180,40,,,0
19001509,'1142443',2027,,1181,40,,,0
19001509,'1142474',757,,1182,40,,,0
19001509,'1142476',1357,,1183,40,,,0
19001509,'1142512',1157,,1184,40,,,0
19001509,'1142514',1627,,1185,40,,,0
19001509,'1142587',1757,,1187,40,,,0
19001509,'1142615',1927,,1188,40,,,0
19001509,'1142630',1927,,1189,40,,,0
19001509,'1142653',1727,,1190,40,,,0
19001509,'1142655',927,,1191,40,,,0
19001509,'1142675',827,,1192,40,,,0
19001509,'1142725',1557,,1194,40,,,0
19001509,'1142736',1427,,1195,40,,,0
19001509,'1142755',1127,,1196,40,,,0
19001509,'1142769',657,,1197,15,,,0
19001509,'1142799',1457,,1198,40,,,0
19001509,'1142808',2127,,1199,40,,,0
19001509,'1142818',1227,,1200,40,,,0
19001509,'1142823',1427,,1201,40,,,0
19001509,'1142868',927,,1202,40,,,0
19001509,'1142879',1027,,1203,40,,,0
