15009,'1175924',1042,,1574,9,,,0
15009,'1175955',1642,,1575,9,,,0
15009,'1176009',1442,,1576,9,,,0
15009,'1176045',942,,1577,9,,,0
15009,'1176107',1542,,1579,9,,,0
15009,'1176262',1742,,1581,9,,,0
15009,'1176306',1142,,1583,9,,,0
15009,'1176632',1342,,1585,9,,,0
15009,'1176645',1242,,1586,9,,,0
14001409,'1175733',1859,,1835,19,,,0
14001409,'1175775',1159,,1836,19,,,0
14001409,'1175776',2059,,1837,19,,,0
14001409,'1175786',1959,,1838,19,,,0
14001409,'1175790',1559,,1839,19,,,0
14001409,'1175803',1359,,1840,19,,,0
14001409,'1175809',929,,1841,19,,,0
14001409,'1175820',1459,,1842,19,,,0
14001409,'1175821',1159,,1843,19,,,0
14001409,'1175838',1129,,1844,19,,,0
14001409,'1175856',1059,,1845,19,,,0
14001409,'1175876',1559,,1846,19,,,0
14001409,'1175893',1859,,1847,19,,,0
14001409,'1175894',1729,,1848,19,,,0
14001409,'1175902',1629,,1849,19,,,0
14001409,'1175961',1259,,1850,19,,,0
14001409,'1175973',859,,1851,19,,,0
14001409,'1175975',1759,,1852,19,,,0
14001409,'1175979',1829,,1853,19,0,8 21,0
14001409,'1175999',829,,1854,19,,,0
14001409,'1176001',1029,,1855,19,,,0
14001409,'1176014',1059,,1856,19,,,0
14001409,'1176036',729,,1857,19,,,0
14001409,'1176047',1359,,1858,19,,,0
14001409,'1176050',2059,,1859,19,,,0
14001409,'1176071',1229,,1860,19,,,0
14001409,'1176160',1659,,1861,19,,,0
14001409,'1176250',759,,1862,19,,,0
14001409,'1176268',2159,,1863,19,,,0
14001409,'1176283',1329,,1864,19,,,0
14001409,'1176308',2159,,1866,19,,,0
14001409,'1176314',659,,1867,19,,,0
14001409,'1176393',959,,1869,19,,,0
14001409,'1176423',759,,1870,19,,,0
14001409,'1176476',1529,,1872,19,,,0
14001409,'1176485',959,,1873,19,,,0
14001409,'1176522',859,,1874,19,,,0
14001409,'1176556',1659,,1876,19,,,0
14001409,'1176558',1459,,1877,19,,,0
14001409,'1176598',1959,,1878,19,,,0
14001409,'1176631',1259,,1879,19,,,0
14001409,'1176643',1429,,1880,19,,,0
14001409,'1176681',1759,,1881,19,,,0
