20009,'1175886',1515,,1606,25,,,0
20009,'1176006',1015,,1608,25,,,0
20009,'1176032',1315,,1609,25,,,0
20009,'1176110',1615,,1610,25,,,0
20009,'1176370',1215,,1614,25,,,0
20009,'1176412',1115,,1617,25,,,0
20009,'1176469',1415,,1619,25,,,0
20009,'1176512',1715,,1620,25,,,0
20009,'1176525',915,,1621,15,,,0
19001709,'1175717',1528,,2072,47,,,0
19001709,'1175742',1128,,2073,47,,,0
19001709,'1175751',1128,,2074,47,,,0
19001709,'1175777',1158,,2075,14,,,0
19001709,'1175789',728,,2076,47,,,0
19001709,'1175830',2028,,2077,47,,,0
19001709,'1175877',1228,,2078,47,,,0
19001709,'1175947',1728,,2079,47,,,0
19001709,'1175951',758,,2080,47,,,0
19001709,'1175978',828,,2081,47,,,0
19001709,'1176042',1728,,2082,47,,,0
19001709,'1176058',1528,,2084,47,,,0
19001709,'1176065',1628,,2085,47,,,0
19001709,'1176099',1428,,2086,47,,,0
19001709,'1176116',1558,,2087,14,,,0
19001709,'1176119',1828,,2088,47,,,0
19001709,'1176120',1928,,2089,47,,,0
19001709,'1176130',1328,,2091,47,,,0
19001709,'1176156',2028,,2092,47,,,0
19001709,'1176161',1428,,2093,47,,,0
19001709,'1176166',958,,2094,47,,,0
19001709,'1176201',928,,2095,47,,,0
19001709,'1176209',1358,,2096,14,,,0
19001709,'1176252',858,,2097,47,,,0
19001709,'1176264',1458,,2098,14,,,0
19001709,'1176273',1028,,2099,47,,,0
19001709,'1176297',1258,,2100,14,,,0
19001709,'1176303',1658,,2101,47,,,0
19001709,'1176312',1758,,2102,47,,,0
19001709,'1176349',1928,,2103,47,,,0
19001709,'1176380',1058,,2104,14,,,0
19001709,'1176415',828,,2105,47,,,0
19001709,'1176420',1228,,2106,47,,,0
19001709,'1176482',1328,,2108,47,,,0
19001709,'1176513',728,,2109,47,,,0
19001709,'1176547',628,,2110,14,,,0
19001709,'1176554',1828,,2111,47,,,0
19001709,'1176592',658,,2112,47,,,0
19001709,'1176601',1628,,2113,47,,,0
19001709,'1176617',2128,,2114,47,,,0
19001709,'1176629',1028,,2115,47,,,0
19001709,'1176637',928,,2116,47,,,0
19001709,'1176655',2128,,2118,47,,,0
