14009,'1175812',1803,,1554,35,,,0
14009,'1175822',1050,,1555,35,,,0
14009,'1175823',1650,,1556,35,,,0
14009,'1175927',1350,,1558,35,,,0
14009,'1176135',950,,1559,35,,,0
14009,'1176326',1150,,1562,35,,,0
14009,'1176364',1450,,1563,35,,,0
14009,'1176520',1550,,1565,35,,,0
14009,'1176678',1250,,1568,35,,,0
14001409,'1175733',1933,,1835,41,,,0
14001409,'1175775',1233,,1836,41,,,0
14001409,'1175776',2131,,1837,41,,,0
14001409,'1175786',2031,,1838,41,,,0
14001409,'1175790',1633,,1839,41,,,0
14001409,'1175803',1433,,1840,41,,,0
14001409,'1175809',1003,,1841,41,,,0
14001409,'1175820',1533,,1842,41,,,0
14001409,'1175821',1231,,1843,41,,,0
14001409,'1175838',1203,,1844,41,,,0
14001409,'1175856',1131,,1845,41,,,0
14001409,'1175876',1631,,1846,41,,,0
14001409,'1175893',1931,,1847,41,,,0
14001409,'1175894',1803,,1848,41,,,0
14001409,'1175902',1703,,1849,41,,,0
14001409,'1175961',1333,,1850,41,,,0
14001409,'1175973',931,,1851,41,,,0
14001409,'1175975',1833,,1852,41,,,0
14001409,'1175999',903,,1854,41,,,0
14001409,'1176001',1103,,1855,41,,,0
14001409,'1176014',1133,,1856,41,,,0
14001409,'1176036',803,,1857,41,,,0
14001409,'1176047',1431,,1858,41,,,0
14001409,'1176050',2133,,1859,41,,,0
14001409,'1176071',1303,,1860,41,,,0
14001409,'1176160',1733,,1861,41,,,0
14001409,'1176250',831,,1862,41,,,0
14001409,'1176268',2233,,1863,41,,,0
14001409,'1176283',1403,,1864,41,,,0
14001409,'1176287',631,,1865,13,,,0
14001409,'1176308',2231,,1866,41,,,0
14001409,'1176314',733,,1867,41,,,0
14001409,'1176357',633,,1868,13,,,0
14001409,'1176393',1031,,1869,41,,,0
14001409,'1176423',833,,1870,41,,,0
14001409,'1176464',703,,1871,20,,,0
14001409,'1176476',1603,,1872,41,,,0
14001409,'1176485',1033,,1873,41,,,0
14001409,'1176522',933,,1874,41,,,0
14001409,'1176530',731,,1875,20,,,0
14001409,'1176556',1731,,1876,41,,,0
14001409,'1176558',1531,,1877,41,,,0
14001409,'1176598',2033,,1878,41,,,0
14001409,'1176631',1331,,1879,41,,,0
14001409,'1176643',1503,,1880,41,,,0
14001409,'1176681',1831,,1881,41,,,0
