13009,'1175768',1357,,1533,5,0,19 15,0
13009,'1175851',1157,,1534,5,0,19 15,0
13009,'1175875',1257,,1535,5,0,19 15,0
13009,'1175888',1057,,1536,5,0,19 15,0
13009,'1176171',1457,,1538,5,0,19 15,0
13009,'1176184',857,,1539,5,0,19 15,0
13009,'1176223',1557,,1541,5,0,19 15,0
13009,'1176463',957,,1547,5,0,19 15,0
13009,'1176497',1657,,1548,5,0,19 15,0
19001309,'1175728',848,,1978,37,,,0
19001309,'1175734',1518,,1979,37,,,0
19001309,'1175770',2018,,1980,37,,,0
19001309,'1175816',1818,,1982,37,,,0
19001309,'1175833',1718,,1983,37,,,0
19001309,'1175860',1348,,1984,37,,,0
19001309,'1175862',1118,,1985,37,,,0
19001309,'1175891',1148,,1986,37,,,0
19001309,'1175892',948,,1987,37,,,0
19001309,'1175985',648,,1988,5,,,0
19001309,'1175994',918,,1989,37,,,0
19001309,'1176023',818,,1990,37,,,0
19001309,'1176034',1118,,1991,37,,,0
19001309,'1176044',1418,,1992,37,,,0
19001309,'1176064',1048,,1993,37,,,0
19001309,'1176125',1718,,1994,37,,,0
19001309,'1176139',1218,,1995,37,,,0
19001309,'1176167',2218,,1996,37,,,0
19001309,'1176182',1318,,1997,37,,,0
19001309,'1176185',748,,1998,37,,,0
19001309,'1176187',1318,,1999,37,,,0
19001309,'1176196',1218,,2000,37,,,0
19001309,'1176261',1018,,2001,37,,,0
19001309,'1176277',2118,,2002,37,,,0
19001309,'1176318',1418,,2003,37,,,0
19001309,'1176331',2018,,2004,37,,,0
19001309,'1176338',1918,,2005,37,,,0
19001309,'1176348',1548,,2006,37,,,0
19001309,'1176367',1618,,2007,37,,,0
19001309,'1176387',2218,,2008,37,,,0
19001309,'1176389',818,,2009,37,,,0
19001309,'1176392',718,,2010,37,,,0
19001309,'1176394',1618,,2011,37,,,0
19001309,'1176446',1818,,2012,37,,,0
19001309,'1176462',2118,,2013,37,,,0
19001309,'1176473',1918,,2014,37,,,0
19001309,'1176527',1018,,2015,37,,,0
19001309,'1176539',1648,,2016,37,,,0
19001309,'1176543',1448,,2017,37,,,0
19001309,'1176550',618,,2018,5,,,0
19001309,'1176567',918,,2019,37,,,0
19001309,'1176597',1518,,2020,37,,,0
19001309,'1176614',1248,,2021,37,,,0
19001309,'1176638',1748,,2022,37,,,0
19001309,'1176660',718,,2023,37,,,0
