12009,'1175745',1531,,1515,27,,,0
12009,'1175747',1431,,1516,27,,,0
12009,'1175827',1131,,1517,27,,,0
12009,'1175839',1731,,1518,27,,,0
12009,'1176031',1031,,1523,27,,,0
12009,'1176149',1231,,1525,27,,,0
12009,'1176417',1331,,1527,27,,,0
12009,'1176471',1631,,1529,27,,,0
12009,'1176692',931,,1532,27,,,0
19001709,'1175717',1458,,2072,28,,,0
19001709,'1175742',1058,,2073,28,,,0
19001709,'1175751',1058,,2074,28,,,0
19001709,'1175789',658,,2076,28,,,0
19001709,'1175830',1958,,2077,28,,,0
19001709,'1175877',1158,,2078,28,,,0
19001709,'1175947',1658,,2079,28,,,0
19001709,'1175951',728,,2080,28,,,0
19001709,'1175978',758,,2081,28,,,0
19001709,'1176042',1658,,2082,28,,,0
19001709,'1176052',2158,,2083,28,0,8 21,0
19001709,'1176058',1458,,2084,28,,,0
19001709,'1176065',1558,,2085,28,,,0
19001709,'1176099',1358,,2086,28,,,0
19001709,'1176119',1758,,2088,28,,,0
19001709,'1176120',1858,,2089,28,,,0
19001709,'1176124',2258,,2090,28,0,8 21,0
19001709,'1176130',1258,,2091,28,,,0
19001709,'1176156',1958,,2092,28,,,0
19001709,'1176161',1358,,2093,28,,,0
19001709,'1176166',928,,2094,28,,,0
19001709,'1176201',858,,2095,28,,,0
19001709,'1176252',828,,2097,28,,,0
19001709,'1176273',958,,2099,28,,,0
19001709,'1176303',1628,,2101,28,,,0
19001709,'1176312',1728,,2102,28,,,0
19001709,'1176349',1858,,2103,28,,,0
19001709,'1176415',758,,2105,28,,,0
19001709,'1176420',1158,,2106,28,,,0
19001709,'1176468',2158,,2107,28,0,8 21,0
19001709,'1176482',1258,,2108,28,,,0
19001709,'1176513',658,,2109,28,,,0
19001709,'1176554',1758,,2111,28,,,0
19001709,'1176592',628,,2112,28,,,0
19001709,'1176601',1558,,2113,28,,,0
19001709,'1176617',2058,,2114,28,,,0
19001709,'1176629',958,,2115,28,,,0
19001709,'1176637',858,,2116,28,,,0
19001709,'1176640',1828,,2117,28,0,8 21,0
19001709,'1176655',2058,,2118,28,,,0
19001709,'1176661',2258,,2119,28,0,8 21,0
