14009,'1175812',1808,,1554,38,,,0
14009,'1175822',1055,,1555,38,,,0
14009,'1175823',1655,,1556,38,,,0
14009,'1175927',1355,,1558,38,,,0
14009,'1176135',955,,1559,38,,,0
14009,'1176326',1155,,1562,38,,,0
14009,'1176364',1455,,1563,38,,,0
14009,'1176520',1555,,1565,38,,,0
14009,'1176678',1255,,1568,38,,,0
14001409,'1175733',1936,,1835,44,,,0
14001409,'1175775',1236,,1836,44,,,0
14001409,'1175776',2134,,1837,44,,,0
14001409,'1175786',2034,,1838,44,,,0
14001409,'1175790',1636,,1839,44,,,0
14001409,'1175803',1436,,1840,44,,,0
14001409,'1175809',1006,,1841,44,,,0
14001409,'1175820',1536,,1842,44,,,0
14001409,'1175821',1234,,1843,44,,,0
14001409,'1175838',1206,,1844,44,,,0
14001409,'1175856',1134,,1845,44,,,0
14001409,'1175876',1634,,1846,44,,,0
14001409,'1175893',1934,,1847,44,,,0
14001409,'1175894',1806,,1848,44,,,0
14001409,'1175902',1706,,1849,44,,,0
14001409,'1175961',1336,,1850,44,,,0
14001409,'1175973',934,,1851,44,,,0
14001409,'1175975',1836,,1852,44,,,0
14001409,'1175999',906,,1854,44,,,0
14001409,'1176001',1106,,1855,44,,,0
14001409,'1176014',1136,,1856,44,,,0
14001409,'1176036',806,,1857,44,,,0
14001409,'1176047',1434,,1858,44,,,0
14001409,'1176050',2136,,1859,44,,,0
14001409,'1176071',1306,,1860,44,,,0
14001409,'1176160',1736,,1861,44,,,0
14001409,'1176250',834,,1862,44,,,0
14001409,'1176268',2236,,1863,44,,,0
14001409,'1176283',1406,,1864,44,,,0
14001409,'1176287',634,,1865,16,,,0
14001409,'1176308',2234,,1866,44,,,0
14001409,'1176314',736,,1867,44,,,0
14001409,'1176357',636,,1868,16,,,0
14001409,'1176393',1034,,1869,44,,,0
14001409,'1176423',836,,1870,44,,,0
14001409,'1176464',706,,1871,23,,,0
14001409,'1176476',1606,,1872,44,,,0
14001409,'1176485',1036,,1873,44,,,0
14001409,'1176522',936,,1874,44,,,0
14001409,'1176530',734,,1875,23,,,0
14001409,'1176556',1734,,1876,44,,,0
14001409,'1176558',1534,,1877,44,,,0
14001409,'1176598',2036,,1878,44,,,0
14001409,'1176631',1334,,1879,44,,,0
14001409,'1176643',1506,,1880,44,,,0
14001409,'1176681',1834,,1881,44,,,0
