20009,'1175879',1511,,1605,29,0,10 11,0
20009,'1175940',1111,,1607,29,0,10 11,0
20009,'1176265',1611,,1612,29,0,10 11,0
20009,'1176319',1803,,1613,29,0,10 11,0
20009,'1176398',1411,,1615,29,0,10 11,0
20009,'1176408',1011,,1616,29,0,10 11,0
20009,'1176425',1211,,1618,29,0,10 11,0
20009,'1176552',1311,,1622,29,0,10 11,0
20009,'1176647',1711,,1623,29,0,10 11,0
19001509,'1175715',2054,,2024,16,,,0
19001509,'1175729',954,,2025,16,,,0
19001509,'1175736',2154,,2026,16,0,12,0
19001509,'1175740',754,,2027,16,,,0
19001509,'1175741',1254,,2028,16,,,0
19001509,'1175769',2254,,2029,16,0,12,0
19001509,'1175774',2154,,2030,16,0,12,0
19001509,'1175778',1724,,2031,16,,,0
19001509,'1175793',1754,,2032,16,,,0
19001509,'1175801',754,,2033,16,,,0
19001509,'1175845',1324,,2034,16,,,0
19001509,'1175897',1424,,2035,16,,,0
19001509,'1175899',1154,,2036,16,,,0
19001509,'1175907',924,,2037,16,,,0
19001509,'1175925',1554,,2038,16,,,0
19001509,'1175932',1454,,2039,16,,,0
19001509,'1175953',1524,,2040,16,,,0
19001509,'1175967',1024,,2042,16,,,0
19001509,'1175996',1624,,2043,16,,,0
19001509,'1176000',854,,2044,16,,,0
19001509,'1176049',1654,,2045,16,,,0
19001509,'1176055',1854,,2046,16,,,0
19001509,'1176057',954,,2047,16,,,0
19001509,'1176073',724,,2048,16,,,0
19001509,'1176074',654,,2049,16,,,0
19001509,'1176085',1854,,2050,16,,,0
19001509,'1176090',2054,,2051,16,,,0
19001509,'1176092',1054,,2052,16,,,0
19001509,'1176093',854,,2053,16,,,0
19001509,'1176105',1954,,2054,16,,,0
19001509,'1176238',1454,,2055,16,,,0
19001509,'1176266',1124,,2056,16,,,0
19001509,'1176293',1354,,2057,16,,,0
19001509,'1176328',1224,,2058,16,,,0
19001509,'1176335',1954,,2059,16,,,0
19001509,'1176340',1824,,2060,16,0,12,0
19001509,'1176355',1554,,2061,16,,,0
19001509,'1176358',1254,,2062,16,,,0
19001509,'1176362',1754,,2063,16,,,0
19001509,'1176426',1054,,2064,16,,,0
19001509,'1176434',2254,,2065,16,0,12,0
19001509,'1176496',1354,,2067,16,,,0
19001509,'1176536',654,,2068,16,,,0
19001509,'1176537',824,,2069,16,,,0
19001509,'1176684',1654,,2070,16,,,0
19001509,'1176689',1154,,2071,16,,,0
