11009,'1175771',1436,,1461,6,,,0
11009,'1175802',1736,,1462,6,,,0
11009,'1176133',1636,,1468,6,,,0
11009,'1176140',1036,,1469,6,,,0
11009,'1176188',1236,,1470,6,,,0
11009,'1176403',1136,,1472,6,,,0
11009,'1176448',936,,1473,6,,,0
11009,'1176583',1536,,1474,6,,,0
11009,'1176618',1336,,1475,6,,,0
14001009,'1175755',846,,1743,8,,,0
14001009,'1175787',1746,,1744,8,,,0
14001009,'1175798',1746,,1745,8,,,0
14001009,'1175806',1116,,1746,8,0,8 21,0
14001009,'1175825',1546,,1748,8,,,0
14001009,'1175826',1246,,1749,8,,,0
14001009,'1175836',1716,,1750,8,,,0
14001009,'1175840',1946,,1751,8,,,0
14001009,'1175865',1016,,1752,8,0,8 21,0
14001009,'1175890',1946,,1753,8,,,0
14001009,'1175905',2046,,1754,8,,,0
14001009,'1175937',1346,,1755,8,,,0
14001009,'1175943',1646,,1756,8,,,0
14001009,'1175962',2246,,1757,8,0,8 21,0
14001009,'1175995',1046,,1758,8,,,0
14001009,'1176008',716,,1759,8,,,0
14001009,'1176017',746,,1760,8,,,0
14001009,'1176075',1646,,1761,8,,,0
14001009,'1176104',2146,,1762,8,,,0
14001009,'1176141',1246,,1763,8,,,0
14001009,'1176158',1446,,1764,8,,,0
14001009,'1176181',916,,1765,8,0,8 21,0
14001009,'1176198',946,,1766,8,,,0
14001009,'1176208',2146,,1767,8,,,0
14001009,'1176215',1846,,1768,8,,,0
14001009,'1176225',1316,,1769,8,0,8 21,0
14001009,'1176249',1046,,1770,8,,,0
14001009,'1176269',2046,,1771,8,,,0
14001009,'1176278',2246,,1772,8,0,8 21,0
14001009,'1176300',1516,,1773,8,0,8 21,0
14001009,'1176311',946,,1774,8,,,0
14001009,'1176346',816,,1775,8,,,0
14001009,'1176365',846,,1776,8,,,0
14001009,'1176376',1546,,1777,8,,,0
14001009,'1176382',1146,,1778,8,,,0
14001009,'1176449',646,,1779,8,,,0
14001009,'1176452',1216,,1780,8,0,8 21,0
14001009,'1176545',746,,1781,8,,,0
14001009,'1176551',1346,,1782,8,,,0
14001009,'1176579',1616,,1783,8,,,0
14001009,'1176580',1146,,1784,8,,,0
14001009,'1176607',1846,,1785,8,,,0
14001009,'1176612',1816,,1786,8,0,8 21,0
14001009,'1176628',1416,,1787,8,0,8 21,0
14001009,'1176653',1446,,1788,8,,,0
