14009,'1175812',1719,,1554,8,,,0
14009,'1175822',1019,,1555,8,,,0
14009,'1175823',1619,,1556,8,,,0
14009,'1175927',1319,,1558,8,,,0
14009,'1176135',919,,1559,8,,,0
14009,'1176326',1119,,1562,8,,,0
14009,'1176364',1419,,1563,8,,,0
14009,'1176520',1519,,1565,8,,,0
14009,'1176678',1219,,1568,8,,,0
19001109,'1175757',2149,,1930,8,,,0
19001109,'1175788',1749,,1931,8,,,0
19001109,'1175797',1349,,1932,8,,,0
19001109,'1175800',949,,1933,8,,,0
19001109,'1175846',1849,,1935,8,,,0
19001109,'1175866',1719,,1937,8,,,0
19001109,'1175873',1819,,1938,8,0,8 21,0
19001109,'1175889',1249,,1939,8,,,0
19001109,'1175976',2244,,1941,8,0,12,0
19001109,'1175990',1149,,1942,8,,,0
19001109,'1176026',1249,,1944,8,,,0
19001109,'1176086',949,,1946,8,,,0
19001109,'1176114',849,,1947,8,,,0
19001109,'1176152',719,,1948,8,,,0
19001109,'1176229',2149,,1949,8,,,0
19001109,'1176246',749,,1950,8,,,0
19001109,'1176315',649,,1951,8,,,0
19001109,'1176316',1149,,1952,8,,,0
19001109,'1176317',1649,,1953,8,,,0
19001109,'1176322',919,,1954,8,,,0
19001109,'1176337',1949,,1955,8,,,0
19001109,'1176344',1549,,1956,8,,,0
19001109,'1176353',1549,,1957,8,,,0
19001109,'1176386',649,,1958,8,,,0
19001109,'1176444',1849,,1961,8,,,0
19001109,'1176445',2049,,1962,8,,,0
19001109,'1176478',1749,,1963,8,,,0
19001109,'1176509',2244,,1964,8,0,12,0
19001109,'1176517',1449,,1965,8,,,0
19001109,'1176557',849,,1966,8,,,0
19001109,'1176559',1949,,1967,8,,,0
19001109,'1176563',819,,1968,8,,,0
19001109,'1176570',1449,,1969,8,,,0
19001109,'1176595',1649,,1972,8,,,0
19001109,'1176605',1049,,1973,8,,,0
19001109,'1176616',1049,,1974,8,,,0
19001109,'1176620',749,,1975,8,,,0
19001109,'1176668',2049,,1976,8,,,0
19001109,'1176674',1349,,1977,8,,,0
