12009,'1175885',1724,,1519,9,0,18 7,0
12009,'1175923',1524,,1520,9,0,18 7,0
12009,'1175952',1324,,1521,9,0,18 7,0
12009,'1175971',1024,,1522,9,0,18 7,0
12009,'1176115',1124,,1524,9,0,18 7,0
12009,'1176305',1624,,1526,9,0,18 7,0
12009,'1176431',1424,,1528,9,0,18 7,0
12009,'1176538',924,,1530,9,0,18 7,0
12009,'1176625',1224,,1531,9,0,18 7,0
19001309,'1175728',815,,1978,9,,,0
19001309,'1175734',1445,,1979,9,,,0
19001309,'1175770',1945,,1980,9,,,0
19001309,'1175814',1815,,1981,9,0,8 21,0
19001309,'1175816',1745,,1982,9,,,0
19001309,'1175833',1645,,1983,9,,,0
19001309,'1175860',1315,,1984,9,,,0
19001309,'1175862',1045,,1985,9,,,0
19001309,'1175891',1115,,1986,9,,,0
19001309,'1175892',915,,1987,9,,,0
19001309,'1175994',845,,1989,9,,,0
19001309,'1176023',745,,1990,9,,,0
19001309,'1176034',1045,,1991,9,,,0
19001309,'1176044',1345,,1992,9,,,0
19001309,'1176064',1015,,1993,9,,,0
19001309,'1176125',1645,,1994,9,,,0
19001309,'1176139',1145,,1995,9,,,0
19001309,'1176167',2145,,1996,9,,,0
19001309,'1176182',1245,,1997,9,,,0
19001309,'1176185',715,,1998,9,,,0
19001309,'1176187',1245,,1999,9,,,0
19001309,'1176196',1145,,2000,9,,,0
19001309,'1176261',945,,2001,9,,,0
19001309,'1176277',2045,,2002,9,,,0
19001309,'1176318',1345,,2003,9,,,0
19001309,'1176331',1945,,2004,9,,,0
19001309,'1176338',1845,,2005,9,,,0
19001309,'1176348',1515,,2006,9,,,0
19001309,'1176367',1545,,2007,9,,,0
19001309,'1176387',2145,,2008,9,,,0
19001309,'1176389',745,,2009,9,,,0
19001309,'1176392',645,,2010,9,,,0
19001309,'1176394',1545,,2011,9,,,0
19001309,'1176446',1745,,2012,9,,,0
19001309,'1176462',2045,,2013,9,,,0
19001309,'1176473',1845,,2014,9,,,0
19001309,'1176527',945,,2015,9,,,0
19001309,'1176539',1615,,2016,9,,,0
19001309,'1176543',1415,,2017,9,,,0
19001309,'1176567',845,,2019,9,,,0
19001309,'1176597',1445,,2020,9,,,0
19001309,'1176614',1215,,2021,9,,,0
19001309,'1176638',1715,,2022,9,,,0
19001309,'1176660',645,,2023,9,,,0
