11609,'1175716',1147,,1478,16,,,0
11609,'1175732',1547,,1479,16,,,0
11609,'1175756',1347,,1480,16,,,0
11609,'1175773',2047,,1481,16,,,0
11609,'1175832',1817,,1482,16,,,0
11609,'1175843',1447,,1483,16,,,0
11609,'1175850',2147,,1484,16,,,0
11609,'1175868',1247,,1485,16,,,0
11609,'1175918',1647,,1486,16,,,0
11609,'1175942',1747,,1487,16,,,0
11609,'1175949',1717,,1488,16,,,0
11609,'1175954',947,,1489,16,,,0
11609,'1175958',1547,,1490,16,,,0
11609,'1175970',1147,,1491,16,,,0
11609,'1176003',1947,,1492,16,,,0
11609,'1176080',1347,,1493,16,,,0
11609,'1176101',1847,,1494,16,,,0
11609,'1176137',1847,,1495,16,,,0
11609,'1176153',1647,,1496,16,,,0
11609,'1176239',1247,,1497,16,,,0
11609,'1176240',747,,1498,16,,,0
11609,'1176243',647,,1499,16,,,0
11609,'1176254',817,,1500,16,,,0
11609,'1176259',2047,,1501,16,,,0
11609,'1176276',847,,1502,16,,,0
11609,'1176432',717,,1503,16,,,0
11609,'1176433',1617,,1504,16,,,0
11609,'1176442',917,,1505,16,,,0
11609,'1176443',1047,,1506,16,,,0
11609,'1176475',747,,1507,16,,,0
11609,'1176603',1747,,1508,16,,,0
11609,'1176630',2147,,1509,16,,,0
11609,'1176639',1947,,1510,16,,,0
11609,'1176641',1047,,1511,16,,,0
11609,'1176646',947,,1512,16,,,0
11609,'1176652',847,,1513,16,,,0
11609,'1176685',1447,,1514,16,,,0
16009,'1175859',1239,,1588,17,0,16 17 11,0
16009,'1176087',1339,,1589,17,0,16 17 11,0
16009,'1176112',1439,,1590,17,0,16 17 11,0
16009,'1176128',1739,,1591,17,0,16 17 11,0
16009,'1176235',1039,,1593,17,0,16 17 11,0
16009,'1176236',1639,,1594,17,0,16 17 11,0
16009,'1176410',1539,,1599,17,0,16 17 11,0
16009,'1176572',939,,1602,17,0,16 17 11,0
16009,'1176585',1139,,1603,17,0,16 17 11,0
