13009,'1142394',1209,,750,21,0,19 15,0
13009,'1142420',1309,,751,21,0,19 15,0
13009,'1142430',1409,,752,21,0,19 15,0
13009,'1142453',909,,754,21,0,19 15,0
13009,'1142672',1009,,756,21,0,19 15,0
13009,'1142704',1609,,757,21,0,19 15,0
13009,'1142720',1509,,759,21,0,19 15,0
13009,'1142776',1109,,761,21,0,19 15,0
13009,'1142824',1709,,762,21,0,19 15,0
19001309,'1142135',2130,,1110,53,,,0
19001309,'1142136',1500,,1111,53,,,0
19001309,'1142154',2030,,1112,53,,,0
19001309,'1142209',1830,,1113,53,,,0
19001309,'1142233',1230,,1114,53,,,0
19001309,'1142307',730,,1115,53,,,0
19001309,'1142324',1600,,1116,53,,,0
19001309,'1142327',800,,1117,53,,,0
19001309,'1142333',1430,,1118,53,,,0
19001309,'1142337',1400,,1119,53,,,0
19001309,'1142343',1330,,1120,53,,,0
19001309,'1142352',930,,1121,53,,,0
19001309,'1142356',700,,1122,21,,,0
19001309,'1142380',2230,,1123,53,,,0
19001309,'1142387',1330,,1124,53,,,0
19001309,'1142413',830,,1125,53,,,0
19001309,'1142434',1130,,1126,53,,,0
19001309,'1142467',1700,,1127,53,,,0
19001309,'1142472',1000,,1128,53,,,0
19001309,'1142498',1300,,1129,53,,,0
19001309,'1142507',1230,,1130,53,,,0
19001309,'1142516',930,,1131,53,,,0
19001309,'1142536',1030,,1132,53,,,0
19001309,'1142566',900,,1133,53,,,0
19001309,'1142577',1130,,1134,53,,,0
19001309,'1142581',1630,,1135,53,,,0
19001309,'1142617',1430,,1136,53,,,0
19001309,'1142620',1730,,1137,53,,,0
19001309,'1142622',1830,,1138,53,,,0
19001309,'1142657',730,,1139,53,,,0
19001309,'1142683',630,,1140,21,,,0
19001309,'1142741',1030,,1141,53,,,0
19001309,'1142775',1930,,1142,53,,,0
19001309,'1142779',1730,,1143,53,,,0
19001309,'1142785',2230,,1144,53,,,0
19001309,'1142804',1930,,1145,53,,,0
19001309,'1142810',1530,,1146,53,,,0
19001309,'1142819',1530,,1147,53,,,0
19001309,'1142828',1800,,1148,53,,,0
19001309,'1142835',2130,,1149,53,,,0
19001309,'1142836',1630,,1150,53,,,0
19001309,'1142848',1100,,1151,53,,,0
19001309,'1142865',1200,,1153,53,,,0
19001309,'1142877',2030,,1154,53,,,0
19001309,'1142891',830,,1155,53,,,0
