11009,'1175720',1211,,1460,30,0,13 14 15,0
11009,'1175910',911,,1463,30,0,13 14 15,0
11009,'1175948',1711,,1464,30,0,13 14 15,0
11009,'1176063',1511,,1465,30,0,13 14 15,0
11009,'1176079',1411,,1466,30,0,13 14 15,0
11009,'1176108',1011,,1467,30,0,13 14 15,0
11009,'1176321',1111,,1471,30,0,13 14 15,0
11009,'1176658',1611,,1476,30,0,13 14 15,0
11009,'1176675',1311,,1477,30,0,13 14 15,0
13009,'1175768',1414,,1533,28,0,19 15,0
13009,'1175851',1214,,1534,28,0,19 15,0
13009,'1175875',1314,,1535,28,0,19 15,0
13009,'1175888',1114,,1536,28,0,19 15,0
13009,'1176171',1514,,1538,28,0,19 15,0
13009,'1176184',914,,1539,28,0,19 15,0
13009,'1176223',1614,,1541,28,0,19 15,0
13009,'1176463',1014,,1547,28,0,19 15,0
13009,'1176497',1714,,1548,28,0,19 15,0
15009,'1175719',1731,,1569,39,0,20 15,0
15009,'1175730',1531,,1570,39,0,20 15,0
15009,'1175737',1331,,1571,39,0,20 15,0
15009,'1175828',1431,,1572,39,0,20 15,0
15009,'1175835',1031,,1573,39,0,20 15,0
15009,'1176048',1231,,1578,39,0,20 15,0
15009,'1176230',1631,,1580,39,0,20 15,0
15009,'1176301',931,,1582,39,0,20 15,0
15009,'1176568',1131,,1584,39,0,20 15,0
20009,'1175886',1517,,1606,28,,,0
20009,'1176006',1017,,1608,28,,,0
20009,'1176032',1317,,1609,28,,,0
20009,'1176110',1617,,1610,28,,,0
20009,'1176370',1217,,1614,28,,,0
20009,'1176412',1117,,1617,28,,,0
20009,'1176469',1417,,1619,28,,,0
20009,'1176512',1717,,1620,28,,,0
20009,'1176525',917,,1621,18,,,0
19001109,'1175757',2236,,1930,54,,,0
19001109,'1175788',1836,,1931,54,,,0
19001109,'1175797',1436,,1932,54,,,0
19001109,'1175800',1036,,1933,54,,,0
19001109,'1175811',1606,,1934,30,,,0
19001109,'1175846',1936,,1935,54,,,0
19001109,'1175854',1106,,1936,30,,,0
19001109,'1175866',1806,,1937,54,,,0
19001109,'1175889',1336,,1939,54,,,0
19001109,'1175960',1306,,1940,30,,,0
19001109,'1175990',1236,,1942,54,,,0
19001109,'1176025',636,,1943,33,,,0
19001109,'1176026',1336,,1944,54,,,0
19001109,'1176076',706,,1945,30,,,0
19001109,'1176086',1036,,1946,54,,,0
19001109,'1176114',936,,1947,54,,,0
19001109,'1176152',806,,1948,54,,,0
19001109,'1176229',2236,,1949,54,,,0
19001109,'1176246',836,,1950,54,,,0
19001109,'1176315',736,,1951,54,,,0
19001109,'1176316',1236,,1952,54,,,0
19001109,'1176317',1736,,1953,54,,,0
19001109,'1176322',1006,,1954,54,,,0
19001109,'1176337',2036,,1955,54,,,0
19001109,'1176344',1636,,1956,54,,,0
19001109,'1176353',1636,,1957,54,,,0
19001109,'1176386',736,,1958,54,,,0
19001109,'1176406',1506,,1959,30,,,0
19001109,'1176429',1406,,1960,30,,,0
19001109,'1176444',1936,,1961,54,,,0
19001109,'1176445',2136,,1962,54,,,0
19001109,'1176478',1836,,1963,54,,,0
19001109,'1176517',1536,,1965,54,,,0
19001109,'1176557',936,,1966,54,,,0
19001109,'1176559',2036,,1967,54,,,0
19001109,'1176563',906,,1968,54,,,0
19001109,'1176570',1536,,1969,54,,,0
19001109,'1176581',1206,,1970,30,,,0
19001109,'1176586',1706,,1971,30,,,0
19001109,'1176595',1736,,1972,54,,,0
19001109,'1176605',1136,,1973,54,,,0
19001109,'1176616',1136,,1974,54,,,0
19001109,'1176620',836,,1975,54,,,0
19001109,'1176668',2136,,1976,54,,,0
19001109,'1176674',1436,,1977,54,,,0
19001309,'1175728',905,,1978,60,,,0
19001309,'1175734',1535,,1979,60,,,0
19001309,'1175770',2035,,1980,60,,,0
19001309,'1175816',1835,,1982,60,,,0
19001309,'1175833',1735,,1983,60,,,0
19001309,'1175860',1405,,1984,60,,,0
19001309,'1175862',1135,,1985,60,,,0
19001309,'1175891',1205,,1986,60,,,0
19001309,'1175892',1005,,1987,60,,,0
19001309,'1175985',705,,1988,28,,,0
19001309,'1175994',935,,1989,60,,,0
19001309,'1176023',835,,1990,60,,,0
19001309,'1176034',1135,,1991,60,,,0
19001309,'1176044',1435,,1992,60,,,0
19001309,'1176064',1105,,1993,60,,,0
19001309,'1176125',1735,,1994,60,,,0
19001309,'1176139',1235,,1995,60,,,0
19001309,'1176167',2235,,1996,60,,,0
19001309,'1176182',1335,,1997,60,,,0
19001309,'1176185',805,,1998,60,,,0
19001309,'1176187',1335,,1999,60,,,0
19001309,'1176196',1235,,2000,60,,,0
19001309,'1176261',1035,,2001,60,,,0
19001309,'1176277',2135,,2002,60,,,0
19001309,'1176318',1435,,2003,60,,,0
19001309,'1176331',2035,,2004,60,,,0
19001309,'1176338',1935,,2005,60,,,0
19001309,'1176348',1605,,2006,60,,,0
19001309,'1176367',1635,,2007,60,,,0
19001309,'1176387',2235,,2008,60,,,0
19001309,'1176389',835,,2009,60,,,0
19001309,'1176392',735,,2010,60,,,0
19001309,'1176394',1635,,2011,60,,,0
19001309,'1176446',1835,,2012,60,,,0
19001309,'1176462',2135,,2013,60,,,0
19001309,'1176473',1935,,2014,60,,,0
19001309,'1176527',1035,,2015,60,,,0
19001309,'1176539',1705,,2016,60,,,0
19001309,'1176543',1505,,2017,60,,,0
19001309,'1176550',635,,2018,28,,,0
19001309,'1176567',935,,2019,60,,,0
19001309,'1176597',1535,,2020,60,,,0
19001309,'1176614',1305,,2021,60,,,0
19001309,'1176638',1805,,2022,60,,,0
19001309,'1176660',735,,2023,60,,,0
19001709,'1175717',1531,,2072,50,,,0
19001709,'1175742',1131,,2073,50,,,0
19001709,'1175751',1131,,2074,50,,,0
19001709,'1175777',1201,,2075,17,,,0
19001709,'1175789',731,,2076,50,,,0
19001709,'1175830',2031,,2077,50,,,0
19001709,'1175877',1231,,2078,50,,,0
19001709,'1175947',1731,,2079,50,,,0
19001709,'1175951',801,,2080,50,,,0
19001709,'1175978',831,,2081,50,,,0
19001709,'1176042',1731,,2082,50,,,0
19001709,'1176058',1531,,2084,50,,,0
19001709,'1176065',1631,,2085,50,,,0
19001709,'1176099',1431,,2086,50,,,0
19001709,'1176116',1601,,2087,17,,,0
19001709,'1176119',1831,,2088,50,,,0
19001709,'1176120',1931,,2089,50,,,0
19001709,'1176130',1331,,2091,50,,,0
19001709,'1176156',2031,,2092,50,,,0
19001709,'1176161',1431,,2093,50,,,0
19001709,'1176166',1001,,2094,50,,,0
19001709,'1176201',931,,2095,50,,,0
19001709,'1176209',1401,,2096,17,,,0
19001709,'1176252',901,,2097,50,,,0
19001709,'1176264',1501,,2098,17,,,0
19001709,'1176273',1031,,2099,50,,,0
19001709,'1176297',1301,,2100,17,,,0
19001709,'1176303',1701,,2101,50,,,0
19001709,'1176312',1801,,2102,50,,,0
19001709,'1176349',1931,,2103,50,,,0
19001709,'1176380',1101,,2104,17,,,0
19001709,'1176415',831,,2105,50,,,0
19001709,'1176420',1231,,2106,50,,,0
19001709,'1176482',1331,,2108,50,,,0
19001709,'1176513',731,,2109,50,,,0
19001709,'1176547',631,,2110,17,,,0
19001709,'1176554',1831,,2111,50,,,0
19001709,'1176592',701,,2112,50,,,0
19001709,'1176601',1631,,2113,50,,,0
19001709,'1176617',2131,,2114,50,,,0
19001709,'1176629',1031,,2115,50,,,0
19001709,'1176637',931,,2116,50,,,0
19001709,'1176655',2131,,2118,50,,,0
