13009,'1175768',1356,,1533,3,0,19 15,0
13009,'1175851',1156,,1534,3,0,19 15,0
13009,'1175875',1256,,1535,3,0,19 15,0
13009,'1175888',1056,,1536,3,0,19 15,0
13009,'1176171',1456,,1538,3,0,19 15,0
13009,'1176184',856,,1539,3,0,19 15,0
13009,'1176223',1556,,1541,3,0,19 15,0
13009,'1176463',956,,1547,3,0,19 15,0
13009,'1176497',1656,,1548,3,0,19 15,0
20009,'1175879',1501,,1605,21,0,10 11,0
20009,'1175940',1101,,1607,21,0,10 11,0
20009,'1176265',1601,,1612,21,0,10 11,0
20009,'1176319',1753,,1613,21,0,10 11,0
20009,'1176398',1401,,1615,21,0,10 11,0
20009,'1176408',1001,,1616,21,0,10 11,0
20009,'1176425',1201,,1618,21,0,10 11,0
20009,'1176552',1301,,1622,21,0,10 11,0
20009,'1176647',1701,,1623,21,0,10 11,0
14001009,'1175755',916,,1743,36,,,0
14001009,'1175787',1816,,1744,36,,,0
14001009,'1175798',1816,,1745,36,,,0
14001009,'1175810',716,,1747,3,,,0
14001009,'1175825',1616,,1748,36,,,0
14001009,'1175826',1316,,1749,36,,,0
14001009,'1175836',1746,,1750,36,,,0
14001009,'1175840',2016,,1751,36,,,0
14001009,'1175890',2016,,1753,36,,,0
14001009,'1175905',2116,,1754,36,,,0
14001009,'1175937',1416,,1755,36,,,0
14001009,'1175943',1716,,1756,36,,,0
14001009,'1175995',1116,,1758,36,,,0
14001009,'1176008',746,,1759,36,,,0
14001009,'1176017',816,,1760,36,,,0
14001009,'1176075',1716,,1761,36,,,0
14001009,'1176104',2216,,1762,36,,,0
14001009,'1176141',1316,,1763,36,,,0
14001009,'1176158',1516,,1764,36,,,0
14001009,'1176198',1016,,1766,36,,,0
14001009,'1176208',2216,,1767,36,,,0
14001009,'1176215',1916,,1768,36,,,0
14001009,'1176249',1116,,1770,36,,,0
14001009,'1176269',2116,,1771,36,,,0
14001009,'1176311',1016,,1774,36,,,0
14001009,'1176346',846,,1775,36,,,0
14001009,'1176365',916,,1776,36,,,0
14001009,'1176376',1616,,1777,36,,,0
14001009,'1176382',1216,,1778,36,,,0
14001009,'1176449',716,,1779,36,,,0
14001009,'1176545',816,,1781,36,,,0
14001009,'1176551',1416,,1782,36,,,0
14001009,'1176579',1646,,1783,36,,,0
14001009,'1176580',1216,,1784,36,,,0
14001009,'1176607',1916,,1785,36,,,0
14001009,'1176653',1516,,1788,36,,,0
14001209,'1175718',1646,,1789,25,,,0
14001209,'1175861',1916,,1790,25,,,0
14001209,'1175900',1746,,1791,25,,,0
14001209,'1175915',2116,,1793,25,,,0
14001209,'1175917',1446,,1794,25,,,0
14001209,'1175919',2016,,1795,25,,,0
14001209,'1175938',816,,1796,25,,,0
14001209,'1175939',1816,,1797,25,,,0
14001209,'1175983',2216,,1798,25,,,0
14001209,'1176007',1316,,1799,25,,,0
14001209,'1176012',1116,,1800,25,,,0
14001209,'1176069',916,,1801,25,,,0
14001209,'1176070',1216,,1802,25,,,0
14001209,'1176091',1016,,1803,25,,,0
14001209,'1176100',716,,1804,3,,,0
14001209,'1176103',1016,,1805,25,,,0
14001209,'1176117',1216,,1806,25,,,0
14001209,'1176163',1916,,1808,25,,,0
14001209,'1176213',1116,,1809,25,,,0
14001209,'1176217',1616,,1810,25,,,0
14001209,'1176245',1816,,1811,25,,,0
14001209,'1176255',916,,1812,25,,,0
14001209,'1176275',1716,,1813,25,,,0
14001209,'1176323',1146,,1814,25,,,0
14001209,'1176343',1416,,1816,25,,,0
14001209,'1176354',1516,,1817,25,,,0
14001209,'1176378',1316,,1818,25,,,0
14001209,'1176401',746,,1819,25,,,0
14001209,'1176411',2116,,1820,25,,,0
14001209,'1176440',1516,,1821,25,,,0
14001209,'1176458',716,,1822,25,,,0
14001209,'1176470',1616,,1823,25,,,0
14001209,'1176472',1046,,1824,25,,,0
14001209,'1176483',1346,,1825,25,,,0
14001209,'1176488',1716,,1826,25,,,0
14001209,'1176515',2016,,1827,25,,,0
14001209,'1176526',946,,1828,25,,,0
14001209,'1176532',1246,,1829,25,,,0
14001209,'1176546',2216,,1830,25,,,0
14001209,'1176594',846,,1831,25,,,0
14001209,'1176599',1546,,1832,25,,,0
14001209,'1176626',816,,1833,25,,,0
14001209,'1176676',1416,,1834,25,,,0
14001409,'1175733',1916,,1835,24,,,0
14001409,'1175775',1216,,1836,24,,,0
14001409,'1175776',2116,,1837,24,,,0
14001409,'1175786',2016,,1838,24,,,0
14001409,'1175790',1616,,1839,24,,,0
14001409,'1175803',1416,,1840,24,,,0
14001409,'1175809',946,,1841,24,,,0
14001409,'1175820',1516,,1842,24,,,0
14001409,'1175821',1216,,1843,24,,,0
14001409,'1175838',1146,,1844,24,,,0
14001409,'1175856',1116,,1845,24,,,0
14001409,'1175876',1616,,1846,24,,,0
14001409,'1175893',1916,,1847,24,,,0
14001409,'1175894',1746,,1848,24,,,0
14001409,'1175902',1646,,1849,24,,,0
14001409,'1175961',1316,,1850,24,,,0
14001409,'1175973',916,,1851,24,,,0
14001409,'1175975',1816,,1852,24,,,0
14001409,'1175999',846,,1854,24,,,0
14001409,'1176001',1046,,1855,24,,,0
14001409,'1176014',1116,,1856,24,,,0
14001409,'1176036',746,,1857,24,,,0
14001409,'1176047',1416,,1858,24,,,0
14001409,'1176050',2116,,1859,24,,,0
14001409,'1176071',1246,,1860,24,,,0
14001409,'1176160',1716,,1861,24,,,0
14001409,'1176250',816,,1862,24,,,0
14001409,'1176268',2216,,1863,24,,,0
14001409,'1176283',1346,,1864,24,,,0
14001409,'1176308',2216,,1866,24,,,0
14001409,'1176314',716,,1867,24,,,0
14001409,'1176393',1016,,1869,24,,,0
14001409,'1176423',816,,1870,24,,,0
14001409,'1176464',646,,1871,3,,,0
14001409,'1176476',1546,,1872,24,,,0
14001409,'1176485',1016,,1873,24,,,0
14001409,'1176522',916,,1874,24,,,0
14001409,'1176530',716,,1875,3,,,0
14001409,'1176556',1716,,1876,24,,,0
14001409,'1176558',1516,,1877,24,,,0
14001409,'1176598',2016,,1878,24,,,0
14001409,'1176631',1316,,1879,24,,,0
14001409,'1176643',1446,,1880,24,,,0
14001409,'1176681',1816,,1881,24,,,0
14001609,'1175722',1116,,1882,23,,,0
14001609,'1175752',716,,1883,23,,,0
14001609,'1175760',2016,,1884,23,,,0
14001609,'1175908',846,,1888,23,,,0
14001609,'1175922',1216,,1889,23,,,0
14001609,'1175936',816,,1890,23,,,0
14001609,'1175986',1416,,1892,23,,,0
14001609,'1175988',1316,,1893,23,,,0
14001609,'1175989',1816,,1894,23,,,0
14001609,'1176015',916,,1896,23,,,0
14001609,'1176168',1316,,1898,23,,,0
14001609,'1176170',1546,,1899,23,,,0
14001609,'1176241',2116,,1900,23,,,0
14001609,'1176247',746,,1901,23,,,0
14001609,'1176270',2216,,1902,23,,,0
14001609,'1176280',1616,,1903,23,,,0
14001609,'1176296',1516,,1904,23,,,0
14001609,'1176309',2216,,1905,23,,,0
14001609,'1176320',1816,,1906,23,,,0
14001609,'1176381',1016,,1908,23,,,0
14001609,'1176402',2016,,1909,23,,,0
14001609,'1176421',816,,1910,23,,,0
14001609,'1176486',1746,,1911,23,,,0
14001609,'1176492',1116,,1912,23,,,0
14001609,'1176495',1916,,1913,23,,,0
14001609,'1176500',1616,,1914,23,,,0
14001609,'1176504',1716,,1915,23,,,0
14001609,'1176510',1516,,1916,23,,,0
14001609,'1176518',1646,,1917,23,,,0
14001609,'1176524',1016,,1918,23,,,0
14001609,'1176533',916,,1919,23,,,0
14001609,'1176577',2116,,1921,23,,,0
14001609,'1176602',1416,,1924,23,,,0
14001609,'1176621',1916,,1926,23,,,0
14001609,'1176627',1716,,1927,23,,,0
14001609,'1176666',716,,1928,3,,,0
14001609,'1176671',1216,,1929,23,,,0
19001309,'1175728',846,,1978,35,,,0
19001309,'1175734',1516,,1979,35,,,0
19001309,'1175770',2016,,1980,35,,,0
19001309,'1175816',1816,,1982,35,,,0
19001309,'1175833',1716,,1983,35,,,0
19001309,'1175860',1346,,1984,35,,,0
19001309,'1175862',1116,,1985,35,,,0
19001309,'1175891',1146,,1986,35,,,0
19001309,'1175892',946,,1987,35,,,0
19001309,'1175985',646,,1988,3,,,0
19001309,'1175994',916,,1989,35,,,0
19001309,'1176023',816,,1990,35,,,0
19001309,'1176034',1116,,1991,35,,,0
19001309,'1176044',1416,,1992,35,,,0
19001309,'1176064',1046,,1993,35,,,0
19001309,'1176125',1716,,1994,35,,,0
19001309,'1176139',1216,,1995,35,,,0
19001309,'1176167',2216,,1996,35,,,0
19001309,'1176182',1316,,1997,35,,,0
19001309,'1176185',746,,1998,35,,,0
19001309,'1176187',1316,,1999,35,,,0
19001309,'1176196',1216,,2000,35,,,0
19001309,'1176261',1016,,2001,35,,,0
19001309,'1176277',2116,,2002,35,,,0
19001309,'1176318',1416,,2003,35,,,0
19001309,'1176331',2016,,2004,35,,,0
19001309,'1176338',1916,,2005,35,,,0
19001309,'1176348',1546,,2006,35,,,0
19001309,'1176367',1616,,2007,35,,,0
19001309,'1176387',2216,,2008,35,,,0
19001309,'1176389',816,,2009,35,,,0
19001309,'1176392',716,,2010,35,,,0
19001309,'1176394',1616,,2011,35,,,0
19001309,'1176446',1816,,2012,35,,,0
19001309,'1176462',2116,,2013,35,,,0
19001309,'1176473',1916,,2014,35,,,0
19001309,'1176527',1016,,2015,35,,,0
19001309,'1176539',1646,,2016,35,,,0
19001309,'1176543',1446,,2017,35,,,0
19001309,'1176550',616,,2018,3,,,0
19001309,'1176567',916,,2019,35,,,0
19001309,'1176597',1516,,2020,35,,,0
19001309,'1176614',1246,,2021,35,,,0
19001309,'1176638',1746,,2022,35,,,0
19001309,'1176660',716,,2023,35,,,0
