20009,'1142156',1231,,819,3,,,0
20009,'1142172',931,,820,3,,,0
20009,'1142208',1131,,821,3,,,0
20009,'1142244',1631,,823,3,,,0
20009,'1142378',1331,,825,3,,,0
20009,'1142501',1715,,828,3,,,0
20009,'1142609',1431,,831,3,,,0
20009,'1142761',1031,,834,3,,,0
20009,'1142875',1531,,837,3,,,0
14001409,'1142132',1224,,967,31,,,0
14001409,'1142141',924,,968,31,,,0
14001409,'1142149',1724,,969,31,,,0
14001409,'1142155',1224,,970,31,,,0
14001409,'1142175',1324,,971,31,,,0
14001409,'1142179',1454,,972,31,,,0
14001409,'1142200',1424,,973,31,,,0
14001409,'1142203',2224,,974,31,,,0
14001409,'1142206',1924,,975,31,,,0
14001409,'1142211',754,,976,31,,,0
14001409,'1142248',654,,977,10,,,0
14001409,'1142253',1024,,978,31,,,0
14001409,'1142257',2024,,979,31,,,0
14001409,'1142272',1924,,980,31,,,0
14001409,'1142298',924,,981,31,,,0
14001409,'1142299',1724,,982,31,,,0
14001409,'1142338',1624,,983,31,,,0
14001409,'1142361',2124,,984,31,,,0
14001409,'1142371',1254,,985,31,,,0
14001409,'1142372',724,,986,10,,,0
14001409,'1142373',1754,,987,31,,,0
14001409,'1142381',2124,,988,31,,,0
14001409,'1142416',724,,989,31,,,0
14001409,'1142418',1524,,990,31,,,0
14001409,'1142456',1124,,992,31,,,0
14001409,'1142477',1154,,993,31,,,0
14001409,'1142481',1654,,994,31,,,0
14001409,'1142488',1554,,995,31,,,0
14001409,'1142526',1324,,996,31,,,0
14001409,'1142544',624,,997,3,,,0
14001409,'1142560',1524,,998,31,,,0
14001409,'1142562',1424,,999,31,,,0
14001409,'1142611',1354,,1000,31,,,0
14001409,'1142629',954,,1001,31,,,0
14001409,'1142639',1824,,1002,31,,,0
14001409,'1142654',1624,,1003,31,,,0
14001409,'1142701',824,,1004,31,,,0
14001409,'1142714',1024,,1005,31,,,0
14001409,'1142737',624,,1006,3,,,0
14001409,'1142752',2024,,1007,31,,,0
14001409,'1142757',824,,1008,31,,,0
14001409,'1142821',2224,,1009,31,,,0
14001409,'1142851',1124,,1010,31,,,0
14001409,'1142870',1054,,1011,31,,,0
14001409,'1142874',1824,,1012,31,,,0
14001409,'1142883',854,,1013,31,,,0
