14009,'1142177',1027,,766,7,,,0
14009,'1142342',1527,,771,7,,,0
14009,'1142362',1327,,772,7,,,0
14009,'1142406',927,,774,7,,,0
14009,'1142444',1227,,775,7,,,0
14009,'1142613',1727,,777,7,,,0
14009,'1142687',1627,,779,7,,,0
14009,'1142827',1427,,781,7,,,0
14009,'1142830',1127,,782,7,,,0
19001509,'1142133',1648,,1156,6,,,0
19001509,'1142153',648,,1158,6,,,0
19001509,'1142160',948,,1159,6,,,0
19001509,'1142170',1448,,1160,6,,,0
19001509,'1142181',648,,1161,6,,,0
19001509,'1142183',1548,,1162,6,,,0
19001509,'1142185',1448,,1163,6,,,0
19001509,'1142201',818,,1164,6,,,0
19001509,'1142204',1248,,1165,6,,,0
19001509,'1142207',2148,,1166,6,0,12,0
19001509,'1142217',1048,,1167,6,,,0
19001509,'1142250',2048,,1168,6,,,0
19001509,'1142261',1218,,1169,6,,,0
19001509,'1142284',1018,,1170,6,,,0
19001509,'1142295',2248,,1171,6,0,12,0
19001509,'1142302',1748,,1172,6,,,0
19001509,'1142304',1818,,1173,6,0,12,0
19001509,'1142318',918,,1174,6,,,0
19001509,'1142351',1948,,1175,6,,,0
19001509,'1142376',1748,,1176,6,,,0
19001509,'1142422',1148,,1177,6,,,0
19001509,'1142427',748,,1178,6,,,0
19001509,'1142428',1618,,1179,6,,,0
19001509,'1142440',1248,,1180,6,,,0
19001509,'1142443',1948,,1181,6,,,0
19001509,'1142474',718,,1182,6,,,0
19001509,'1142476',1318,,1183,6,,,0
19001509,'1142512',1118,,1184,6,,,0
19001509,'1142514',1548,,1185,6,,,0
19001509,'1142532',2148,,1186,6,0,12,0
19001509,'1142587',1718,,1187,6,,,0
19001509,'1142615',1848,,1188,6,,,0
19001509,'1142630',1848,,1189,6,,,0
19001509,'1142653',1648,,1190,6,,,0
19001509,'1142655',848,,1191,6,,,0
19001509,'1142675',748,,1192,6,,,0
19001509,'1142699',2248,,1193,6,0,12,0
19001509,'1142725',1518,,1194,6,,,0
19001509,'1142736',1348,,1195,6,,,0
19001509,'1142755',1048,,1196,6,,,0
19001509,'1142799',1418,,1198,6,,,0
19001509,'1142808',2048,,1199,6,,,0
19001509,'1142818',1148,,1200,6,,,0
19001509,'1142823',1348,,1201,6,,,0
19001509,'1142868',848,,1202,6,,,0
19001509,'1142879',948,,1203,6,,,0
