15009,'1175719',1726,,1569,31,0,20 15,0
15009,'1175730',1526,,1570,31,0,20 15,0
15009,'1175737',1326,,1571,31,0,20 15,0
15009,'1175828',1426,,1572,31,0,20 15,0
15009,'1175835',1026,,1573,31,0,20 15,0
15009,'1176048',1226,,1578,31,0,20 15,0
15009,'1176230',1626,,1580,31,0,20 15,0
15009,'1176301',926,,1582,31,0,20 15,0
15009,'1176568',1126,,1584,31,0,20 15,0
30009,'1175721',1635,,1661,14,,,0
30009,'1175727',1335,,1662,14,,,0
30009,'1175735',1435,,1664,14,,,0
30009,'1175749',1805,,1665,14,,,0
30009,'1175758',1535,,1666,14,,,0
30009,'1175761',1705,,1667,14,,,0
30009,'1175780',1835,,1669,14,,,0
30009,'1175796',935,,1670,14,,,0
30009,'1175817',1035,,1671,14,,,0
30009,'1175867',1235,,1672,14,,,0
30009,'1175878',835,,1673,14,,,0
30009,'1175911',1035,,1678,14,,,0
30009,'1175934',2135,,1680,14,,,0
30009,'1175959',735,,1682,14,,,0
30009,'1175964',905,,1683,14,,,0
30009,'1175972',1135,,1685,14,,,0
30009,'1175993',1005,,1686,14,,,0
30009,'1176061',1135,,1693,14,,,0
30009,'1176118',1835,,1697,14,,,0
30009,'1176121',1635,,1698,14,,,0
30009,'1176144',1535,,1699,14,,,0
30009,'1176232',1735,,1710,14,,,0
30009,'1176233',1935,,1711,14,,,0
30009,'1176333',1235,,1718,14,,,0
30009,'1176388',2035,,1720,14,,,0
30009,'1176404',1935,,1722,14,,,0
30009,'1176405',705,,1723,13,,,0
30009,'1176456',1735,,1728,14,,,0
30009,'1176480',935,,1730,14,,,0
30009,'1176489',735,,1731,13,,,0
30009,'1176494',805,,1732,14,,,0
30009,'1176499',1605,,1733,14,,,0
30009,'1176503',1435,,1734,14,,,0
30009,'1176511',2135,,1735,14,,,0
30009,'1176516',1335,,1736,14,,,0
30009,'1176633',835,,1741,14,,,0
30009,'1176649',2035,,1742,14,,,0
14001409,'1175733',1849,,1835,7,,,0
14001409,'1175775',1149,,1836,7,,,0
14001409,'1175776',2049,,1837,7,,,0
14001409,'1175786',1949,,1838,7,,,0
14001409,'1175790',1549,,1839,7,,,0
14001409,'1175803',1349,,1840,7,,,0
14001409,'1175809',919,,1841,7,,,0
14001409,'1175820',1449,,1842,7,,,0
14001409,'1175821',1149,,1843,7,,,0
14001409,'1175838',1119,,1844,7,,,0
14001409,'1175856',1049,,1845,7,,,0
14001409,'1175876',1549,,1846,7,,,0
14001409,'1175893',1849,,1847,7,,,0
14001409,'1175894',1719,,1848,7,,,0
14001409,'1175902',1619,,1849,7,,,0
14001409,'1175961',1249,,1850,7,,,0
14001409,'1175973',849,,1851,7,,,0
14001409,'1175975',1749,,1852,7,,,0
14001409,'1175979',1819,,1853,7,0,8 21,0
14001409,'1175999',819,,1854,7,,,0
14001409,'1176001',1019,,1855,7,,,0
14001409,'1176014',1049,,1856,7,,,0
14001409,'1176036',719,,1857,7,,,0
14001409,'1176047',1349,,1858,7,,,0
14001409,'1176050',2049,,1859,7,,,0
14001409,'1176071',1219,,1860,7,,,0
14001409,'1176160',1649,,1861,7,,,0
14001409,'1176250',749,,1862,7,,,0
14001409,'1176268',2149,,1863,7,,,0
14001409,'1176283',1319,,1864,7,,,0
14001409,'1176308',2149,,1866,7,,,0
14001409,'1176314',649,,1867,7,,,0
14001409,'1176393',949,,1869,7,,,0
14001409,'1176423',749,,1870,7,,,0
14001409,'1176476',1519,,1872,7,,,0
14001409,'1176485',949,,1873,7,,,0
14001409,'1176522',849,,1874,7,,,0
14001409,'1176556',1649,,1876,7,,,0
14001409,'1176558',1449,,1877,7,,,0
14001409,'1176598',1949,,1878,7,,,0
14001409,'1176631',1249,,1879,7,,,0
14001409,'1176643',1419,,1880,7,,,0
14001409,'1176681',1749,,1881,7,,,0
