15009,'1175719',1706,,1569,14,0,20 15,0
15009,'1175730',1506,,1570,14,0,20 15,0
15009,'1175737',1306,,1571,14,0,20 15,0
15009,'1175828',1406,,1572,14,0,20 15,0
15009,'1175835',1006,,1573,14,0,20 15,0
15009,'1176048',1206,,1578,14,0,20 15,0
15009,'1176230',1606,,1580,14,0,20 15,0
15009,'1176301',906,,1582,14,0,20 15,0
15009,'1176568',1106,,1584,14,0,20 15,0
30009,'1175731',1655,,1663,11,,,0
30009,'1175895',1755,,1675,11,,,0
30009,'1175903',1455,,1676,11,,,0
30009,'1175906',1355,,1677,11,,,0
30009,'1175920',855,,1679,11,,,0
30009,'1175956',1155,,1681,11,,,0
30009,'1175968',955,,1684,11,,,0
30009,'1176011',1455,,1687,11,,,0
30009,'1176018',925,,1688,11,,,0
30009,'1176021',1255,,1689,11,,,0
30009,'1176022',725,,1690,11,,,0
30009,'1176029',955,,1691,11,,,0
30009,'1176062',1055,,1694,11,,,0
30009,'1176077',1055,,1695,11,,,0
30009,'1176102',1155,,1696,11,,,0
30009,'1176164',1955,,1700,11,,,0
30009,'1176165',2055,,1701,11,,,0
30009,'1176189',1755,,1704,11,,,0
30009,'1176197',825,,1705,11,,,0
30009,'1176210',2155,,1706,11,0,8 21,0
30009,'1176212',1355,,1707,11,,,0
30009,'1176214',1655,,1708,11,,,0
30009,'1176220',1025,,1709,11,0,8 21,0
30009,'1176253',1555,,1712,11,,,0
30009,'1176298',1555,,1714,11,,,0
30009,'1176304',1255,,1715,11,,,0
30009,'1176325',1625,,1716,11,,,0
30009,'1176329',1825,,1717,11,0,8 21,0
30009,'1176363',855,,1719,11,,,0
30009,'1176397',2155,,1721,11,0,8 21,0
30009,'1176439',2055,,1725,11,,,0
30009,'1176451',755,,1726,11,,,0
30009,'1176455',755,,1727,11,,,0
30009,'1176560',1855,,1737,11,,,0
30009,'1176569',1725,,1738,11,,,0
30009,'1176582',1955,,1739,11,,,0
30009,'1176588',1855,,1740,11,,,0
19001509,'1175715',2128,,2024,39,,,0
19001509,'1175729',1028,,2025,39,,,0
19001509,'1175740',828,,2027,39,,,0
19001509,'1175741',1328,,2028,39,,,0
19001509,'1175778',1758,,2031,39,,,0
19001509,'1175793',1828,,2032,39,,,0
19001509,'1175801',828,,2033,39,,,0
19001509,'1175845',1358,,2034,39,,,0
19001509,'1175897',1458,,2035,39,,,0
19001509,'1175899',1228,,2036,39,,,0
19001509,'1175907',958,,2037,39,,,0
19001509,'1175925',1628,,2038,39,,,0
19001509,'1175932',1528,,2039,39,,,0
19001509,'1175953',1558,,2040,39,,,0
19001509,'1175965',658,,2041,14,,,0
19001509,'1175967',1058,,2042,39,,,0
19001509,'1175996',1658,,2043,39,,,0
19001509,'1176000',928,,2044,39,,,0
19001509,'1176049',1728,,2045,39,,,0
19001509,'1176055',1928,,2046,39,,,0
19001509,'1176057',1028,,2047,39,,,0
19001509,'1176073',758,,2048,39,,,0
19001509,'1176074',728,,2049,39,,,0
19001509,'1176085',1928,,2050,39,,,0
19001509,'1176090',2128,,2051,39,,,0
19001509,'1176092',1128,,2052,39,,,0
19001509,'1176093',928,,2053,39,,,0
19001509,'1176105',2028,,2054,39,,,0
19001509,'1176238',1528,,2055,39,,,0
19001509,'1176266',1158,,2056,39,,,0
19001509,'1176293',1428,,2057,39,,,0
19001509,'1176328',1258,,2058,39,,,0
19001509,'1176335',2028,,2059,39,,,0
19001509,'1176355',1628,,2061,39,,,0
19001509,'1176358',1328,,2062,39,,,0
19001509,'1176362',1828,,2063,39,,,0
19001509,'1176426',1128,,2064,39,,,0
19001509,'1176450',628,,2066,14,,,0
19001509,'1176496',1428,,2067,39,,,0
19001509,'1176536',728,,2068,39,,,0
19001509,'1176537',858,,2069,39,,,0
19001509,'1176684',1728,,2070,39,,,0
19001509,'1176689',1228,,2071,39,,,0
