14009,'1175812',1759,,1554,31,,,0
14009,'1175822',1046,,1555,31,,,0
14009,'1175823',1646,,1556,31,,,0
14009,'1175927',1346,,1558,31,,,0
14009,'1176135',946,,1559,31,,,0
14009,'1176326',1146,,1562,31,,,0
14009,'1176364',1446,,1563,31,,,0
14009,'1176520',1546,,1565,31,,,0
14009,'1176678',1246,,1568,31,,,0
14001409,'1175733',1929,,1835,37,,,0
14001409,'1175775',1229,,1836,37,,,0
14001409,'1175776',2127,,1837,37,,,0
14001409,'1175786',2027,,1838,37,,,0
14001409,'1175790',1629,,1839,37,,,0
14001409,'1175803',1429,,1840,37,,,0
14001409,'1175809',959,,1841,37,,,0
14001409,'1175820',1529,,1842,37,,,0
14001409,'1175821',1227,,1843,37,,,0
14001409,'1175838',1159,,1844,37,,,0
14001409,'1175856',1127,,1845,37,,,0
14001409,'1175876',1627,,1846,37,,,0
14001409,'1175893',1927,,1847,37,,,0
14001409,'1175894',1759,,1848,37,,,0
14001409,'1175902',1659,,1849,37,,,0
14001409,'1175961',1329,,1850,37,,,0
14001409,'1175973',927,,1851,37,,,0
14001409,'1175975',1829,,1852,37,,,0
14001409,'1175999',859,,1854,37,,,0
14001409,'1176001',1059,,1855,37,,,0
14001409,'1176014',1129,,1856,37,,,0
14001409,'1176036',759,,1857,37,,,0
14001409,'1176047',1427,,1858,37,,,0
14001409,'1176050',2129,,1859,37,,,0
14001409,'1176071',1259,,1860,37,,,0
14001409,'1176160',1729,,1861,37,,,0
14001409,'1176250',827,,1862,37,,,0
14001409,'1176268',2229,,1863,37,,,0
14001409,'1176283',1359,,1864,37,,,0
14001409,'1176287',627,,1865,9,,,0
14001409,'1176308',2227,,1866,37,,,0
14001409,'1176314',729,,1867,37,,,0
14001409,'1176357',629,,1868,9,,,0
14001409,'1176393',1027,,1869,37,,,0
14001409,'1176423',829,,1870,37,,,0
14001409,'1176464',659,,1871,16,,,0
14001409,'1176476',1559,,1872,37,,,0
14001409,'1176485',1029,,1873,37,,,0
14001409,'1176522',929,,1874,37,,,0
14001409,'1176530',727,,1875,16,,,0
14001409,'1176556',1727,,1876,37,,,0
14001409,'1176558',1527,,1877,37,,,0
14001409,'1176598',2029,,1878,37,,,0
14001409,'1176631',1327,,1879,37,,,0
14001409,'1176643',1459,,1880,37,,,0
14001409,'1176681',1827,,1881,37,,,0
