14009,'1175724',1457,,1551,32,0,5 6 22,0
14009,'1175759',1257,,1552,32,0,5 6 22,0
14009,'1175767',1357,,1553,32,0,5 6 22,0
14009,'1175834',1557,,1557,32,0,5 6 22,0
14009,'1176178',1057,,1560,32,0,5 6 22,0
14009,'1176234',1810,,1561,32,0,5 6 22,0
14009,'1176418',1157,,1564,32,0,5 6 22,0
14009,'1176613',1657,,1566,32,0,5 6 22,0
14009,'1176636',957,,1567,32,0,5 6 22,0
14001009,'1175755',926,,1743,47,,,0
14001009,'1175787',1826,,1744,47,,,0
14001009,'1175798',1826,,1745,47,,,0
14001009,'1175810',726,,1747,14,,,0
14001009,'1175825',1626,,1748,47,,,0
14001009,'1175826',1324,,1749,48,,,0
14001009,'1175836',1756,,1750,47,,,0
14001009,'1175840',2026,,1751,47,,,0
14001009,'1175890',2026,,1753,47,,,0
14001009,'1175905',2126,,1754,47,,,0
14001009,'1175937',1424,,1755,48,,,0
14001009,'1175943',1726,,1756,47,,,0
14001009,'1175995',1124,,1758,48,,,0
14001009,'1176008',756,,1759,47,,,0
14001009,'1176017',826,,1760,47,,,0
14001009,'1176075',1726,,1761,47,,,0
14001009,'1176104',2226,,1762,47,,,0
14001009,'1176141',1326,,1763,48,,,0
14001009,'1176158',1526,,1764,48,,,0
14001009,'1176198',1026,,1766,48,,,0
14001009,'1176208',2226,,1767,47,,,0
14001009,'1176215',1926,,1768,47,,,0
14001009,'1176249',1126,,1770,48,,,0
14001009,'1176269',2126,,1771,47,,,0
14001009,'1176311',1024,,1774,48,,,0
14001009,'1176346',856,,1775,47,,,0
14001009,'1176365',926,,1776,47,,,0
14001009,'1176376',1626,,1777,47,,,0
14001009,'1176382',1224,,1778,48,,,0
14001009,'1176449',726,,1779,47,,,0
14001009,'1176545',826,,1781,47,,,0
14001009,'1176551',1426,,1782,48,,,0
14001009,'1176579',1656,,1783,47,,,0
14001009,'1176580',1226,,1784,48,,,0
14001009,'1176607',1926,,1785,47,,,0
14001009,'1176653',1524,,1788,48,,,0
