14009,'1175724',1446,,1551,16,0,5 6 22,0
14009,'1175759',1246,,1552,16,0,5 6 22,0
14009,'1175767',1346,,1553,16,0,5 6 22,0
14009,'1175834',1546,,1557,16,0,5 6 22,0
14009,'1176178',1046,,1560,16,0,5 6 22,0
14009,'1176234',1759,,1561,16,0,5 6 22,0
14009,'1176418',1146,,1564,16,0,5 6 22,0
14009,'1176613',1646,,1566,16,0,5 6 22,0
14009,'1176636',946,,1567,16,0,5 6 22,0
14001209,'1175718',1649,,1789,26,,,0
14001209,'1175861',1919,,1790,26,,,0
14001209,'1175900',1749,,1791,26,,,0
14001209,'1175915',2119,,1793,26,,,0
14001209,'1175917',1449,,1794,26,,,0
14001209,'1175919',2019,,1795,26,,,0
14001209,'1175938',819,,1796,26,,,0
14001209,'1175939',1819,,1797,26,,,0
14001209,'1175983',2219,,1798,26,,,0
14001209,'1176007',1319,,1799,26,,,0
14001209,'1176012',1119,,1800,26,,,0
14001209,'1176069',919,,1801,26,,,0
14001209,'1176070',1219,,1802,26,,,0
14001209,'1176091',1019,,1803,26,,,0
14001209,'1176100',719,,1804,4,,,0
14001209,'1176103',1019,,1805,26,,,0
14001209,'1176117',1219,,1806,26,,,0
14001209,'1176163',1919,,1808,26,,,0
14001209,'1176213',1119,,1809,26,,,0
14001209,'1176217',1619,,1810,26,,,0
14001209,'1176245',1819,,1811,26,,,0
14001209,'1176255',919,,1812,26,,,0
14001209,'1176275',1719,,1813,26,,,0
14001209,'1176323',1149,,1814,26,,,0
14001209,'1176343',1419,,1816,26,,,0
14001209,'1176354',1519,,1817,26,,,0
14001209,'1176378',1319,,1818,26,,,0
14001209,'1176401',749,,1819,26,,,0
14001209,'1176411',2119,,1820,26,,,0
14001209,'1176440',1519,,1821,26,,,0
14001209,'1176458',719,,1822,26,,,0
14001209,'1176470',1619,,1823,26,,,0
14001209,'1176472',1049,,1824,26,,,0
14001209,'1176483',1349,,1825,26,,,0
14001209,'1176488',1719,,1826,26,,,0
14001209,'1176515',2019,,1827,26,,,0
14001209,'1176526',949,,1828,26,,,0
14001209,'1176532',1249,,1829,26,,,0
14001209,'1176546',2219,,1830,26,,,0
14001209,'1176594',849,,1831,26,,,0
14001209,'1176599',1549,,1832,26,,,0
14001209,'1176626',819,,1833,26,,,0
14001209,'1176676',1419,,1834,26,,,0
