11009,'1175720',1209,,1460,27,0,13 14 15,0
11009,'1175910',909,,1463,27,0,13 14 15,0
11009,'1175948',1709,,1464,27,0,13 14 15,0
11009,'1176063',1509,,1465,27,0,13 14 15,0
11009,'1176079',1409,,1466,27,0,13 14 15,0
11009,'1176108',1009,,1467,27,0,13 14 15,0
11009,'1176321',1109,,1471,27,0,13 14 15,0
11009,'1176658',1609,,1476,27,0,13 14 15,0
11009,'1176675',1309,,1477,27,0,13 14 15,0
19001109,'1175757',2232,,1930,51,,,0
19001109,'1175788',1832,,1931,51,,,0
19001109,'1175797',1432,,1932,51,,,0
19001109,'1175800',1032,,1933,51,,,0
19001109,'1175811',1602,,1934,27,,,0
19001109,'1175846',1932,,1935,51,,,0
19001109,'1175854',1102,,1936,27,,,0
19001109,'1175866',1802,,1937,51,,,0
19001109,'1175889',1332,,1939,51,,,0
19001109,'1175960',1302,,1940,27,,,0
19001109,'1175990',1232,,1942,51,,,0
19001109,'1176025',632,,1943,30,,,0
19001109,'1176026',1332,,1944,51,,,0
19001109,'1176076',702,,1945,27,,,0
19001109,'1176086',1032,,1946,51,,,0
19001109,'1176114',932,,1947,51,,,0
19001109,'1176152',802,,1948,51,,,0
19001109,'1176229',2232,,1949,51,,,0
19001109,'1176246',832,,1950,51,,,0
19001109,'1176315',732,,1951,51,,,0
19001109,'1176316',1232,,1952,51,,,0
19001109,'1176317',1732,,1953,51,,,0
19001109,'1176322',1002,,1954,51,,,0
19001109,'1176337',2032,,1955,51,,,0
19001109,'1176344',1632,,1956,51,,,0
19001109,'1176353',1632,,1957,51,,,0
19001109,'1176386',732,,1958,51,,,0
19001109,'1176406',1502,,1959,27,,,0
19001109,'1176429',1402,,1960,27,,,0
19001109,'1176444',1932,,1961,51,,,0
19001109,'1176445',2132,,1962,51,,,0
19001109,'1176478',1832,,1963,51,,,0
19001109,'1176517',1532,,1965,51,,,0
19001109,'1176557',932,,1966,51,,,0
19001109,'1176559',2032,,1967,51,,,0
19001109,'1176563',902,,1968,51,,,0
19001109,'1176570',1532,,1969,51,,,0
19001109,'1176581',1202,,1970,27,,,0
19001109,'1176586',1702,,1971,27,,,0
19001109,'1176595',1732,,1972,51,,,0
19001109,'1176605',1132,,1973,51,,,0
19001109,'1176616',1132,,1974,51,,,0
19001109,'1176620',832,,1975,51,,,0
19001109,'1176668',2132,,1976,51,,,0
19001109,'1176674',1432,,1977,51,,,0
