12009,'1142213',1529,,729,23,,,0
12009,'1142229',1129,,730,23,,,0
12009,'1142312',1429,,732,23,,,0
12009,'1142331',1729,,734,23,,,0
12009,'1142543',1329,,739,23,,,0
12009,'1142637',929,,740,23,,,0
12009,'1142666',1029,,741,23,,,0
12009,'1142669',1229,,742,23,,,0
12009,'1142712',1629,,743,23,,,0
19001709,'1142163',1155,,1204,24,,,0
19001709,'1142169',655,,1205,24,,,0
19001709,'1142180',1355,,1206,24,,,0
19001709,'1142193',1355,,1207,24,,,0
19001709,'1142232',1855,,1208,24,,,0
19001709,'1142259',1955,,1209,24,,,0
19001709,'1142285',655,,1210,24,,,0
19001709,'1142321',2055,,1212,24,,,0
19001709,'1142340',855,,1213,24,,,0
19001709,'1142365',955,,1215,24,,,0
19001709,'1142402',1825,,1216,24,0,8 9,0
19001709,'1142415',855,,1217,24,,,0
19001709,'1142417',1555,,1218,24,,,0
19001709,'1142425',725,,1219,24,,,0
19001709,'1142455',1555,,1220,24,,,0
19001709,'1142494',1255,,1222,24,,,0
19001709,'1142496',1455,,1223,24,,,0
19001709,'1142502',955,,1224,24,,,0
19001709,'1142511',755,,1225,24,,,0
19001709,'1142513',2255,,1226,24,0,8 9,0
19001709,'1142515',1055,,1227,24,,,0
19001709,'1142537',2155,,1228,24,0,8 9,0
19001709,'1142547',1055,,1229,24,,,0
19001709,'1142569',2055,,1230,24,,,0
19001709,'1142595',2155,,1232,24,0,8 9,0
19001709,'1142618',1855,,1233,24,,,0
19001709,'1142632',1725,,1234,24,,,0
19001709,'1142635',1655,,1235,24,,,0
19001709,'1142665',625,,1237,24,,,0
19001709,'1142670',1655,,1238,24,,,0
19001709,'1142689',825,,1239,24,,,0
19001709,'1142695',1955,,1240,24,,,0
19001709,'1142706',1755,,1241,24,,,0
19001709,'1142747',1455,,1243,24,,,0
19001709,'1142750',1155,,1244,24,,,0
19001709,'1142768',1255,,1246,24,,,0
19001709,'1142800',755,,1247,24,,,0
19001709,'1142805',925,,1248,24,,,0
19001709,'1142831',2255,,1249,24,0,8 9,0
19001709,'1142841',1625,,1250,24,,,0
19001709,'1142871',1755,,1251,24,,,0
