13009,'1142394',1206,,750,16,0,19 15,0
13009,'1142420',1306,,751,16,0,19 15,0
13009,'1142430',1406,,752,16,0,19 15,0
13009,'1142453',906,,754,16,0,19 15,0
13009,'1142672',1006,,756,16,0,19 15,0
13009,'1142704',1606,,757,16,0,19 15,0
13009,'1142720',1506,,759,16,0,19 15,0
13009,'1142776',1106,,761,16,0,19 15,0
13009,'1142824',1706,,762,16,0,19 15,0
19001309,'1142135',2127,,1110,48,,,0
19001309,'1142136',1457,,1111,48,,,0
19001309,'1142154',2027,,1112,48,,,0
19001309,'1142209',1827,,1113,48,,,0
19001309,'1142233',1227,,1114,48,,,0
19001309,'1142307',727,,1115,48,,,0
19001309,'1142324',1557,,1116,48,,,0
19001309,'1142327',757,,1117,48,,,0
19001309,'1142333',1427,,1118,48,,,0
19001309,'1142337',1357,,1119,48,,,0
19001309,'1142343',1327,,1120,48,,,0
19001309,'1142352',927,,1121,48,,,0
19001309,'1142356',657,,1122,16,,,0
19001309,'1142380',2227,,1123,48,,,0
19001309,'1142387',1327,,1124,48,,,0
19001309,'1142413',827,,1125,48,,,0
19001309,'1142434',1127,,1126,48,,,0
19001309,'1142467',1657,,1127,48,,,0
19001309,'1142472',957,,1128,48,,,0
19001309,'1142498',1257,,1129,48,,,0
19001309,'1142507',1227,,1130,48,,,0
19001309,'1142516',927,,1131,48,,,0
19001309,'1142536',1027,,1132,48,,,0
19001309,'1142566',857,,1133,48,,,0
19001309,'1142577',1127,,1134,48,,,0
19001309,'1142581',1627,,1135,48,,,0
19001309,'1142617',1427,,1136,48,,,0
19001309,'1142620',1727,,1137,48,,,0
19001309,'1142622',1827,,1138,48,,,0
19001309,'1142657',727,,1139,48,,,0
19001309,'1142683',627,,1140,16,,,0
19001309,'1142741',1027,,1141,48,,,0
19001309,'1142775',1927,,1142,48,,,0
19001309,'1142779',1727,,1143,48,,,0
19001309,'1142785',2227,,1144,48,,,0
19001309,'1142804',1927,,1145,48,,,0
19001309,'1142810',1527,,1146,48,,,0
19001309,'1142819',1527,,1147,48,,,0
19001309,'1142828',1757,,1148,48,,,0
19001309,'1142835',2127,,1149,48,,,0
19001309,'1142836',1627,,1150,48,,,0
19001309,'1142848',1057,,1151,48,,,0
19001309,'1142865',1157,,1153,48,,,0
19001309,'1142877',2027,,1154,48,,,0
19001309,'1142891',827,,1155,48,,,0
