20009,'1142328',1210,,824,25,0,10 11,0
20009,'1142408',1610,,826,25,0,10 11,0
20009,'1142433',1310,,827,25,0,10 11,0
20009,'1142523',1802,,829,25,0,10 11,0
20009,'1142550',1710,,830,25,0,10 11,0
20009,'1142625',1010,,832,25,0,10 11,0
20009,'1142679',1410,,833,25,0,10 11,0
20009,'1142802',1510,,835,25,0,10 11,0
20009,'1142825',1110,,836,25,0,10 11,0
19001509,'1142133',1653,,1156,13,,,0
19001509,'1142153',653,,1158,13,,,0
19001509,'1142160',953,,1159,13,,,0
19001509,'1142170',1453,,1160,13,,,0
19001509,'1142181',653,,1161,13,,,0
19001509,'1142183',1553,,1162,13,,,0
19001509,'1142185',1453,,1163,13,,,0
19001509,'1142201',823,,1164,13,,,0
19001509,'1142204',1253,,1165,13,,,0
19001509,'1142207',2153,,1166,13,0,12,0
19001509,'1142217',1053,,1167,13,,,0
19001509,'1142250',2053,,1168,13,,,0
19001509,'1142261',1223,,1169,13,,,0
19001509,'1142284',1023,,1170,13,,,0
19001509,'1142295',2253,,1171,13,0,12,0
19001509,'1142302',1753,,1172,13,,,0
19001509,'1142304',1823,,1173,13,0,12,0
19001509,'1142318',923,,1174,13,,,0
19001509,'1142351',1953,,1175,13,,,0
19001509,'1142376',1753,,1176,13,,,0
19001509,'1142422',1153,,1177,13,,,0
19001509,'1142427',753,,1178,13,,,0
19001509,'1142428',1623,,1179,13,,,0
19001509,'1142440',1253,,1180,13,,,0
19001509,'1142443',1953,,1181,13,,,0
19001509,'1142474',723,,1182,13,,,0
19001509,'1142476',1323,,1183,13,,,0
19001509,'1142512',1123,,1184,13,,,0
19001509,'1142514',1553,,1185,13,,,0
19001509,'1142532',2153,,1186,13,0,12,0
19001509,'1142587',1723,,1187,13,,,0
19001509,'1142615',1853,,1188,13,,,0
19001509,'1142630',1853,,1189,13,,,0
19001509,'1142653',1653,,1190,13,,,0
19001509,'1142655',853,,1191,13,,,0
19001509,'1142675',753,,1192,13,,,0
19001509,'1142699',2253,,1193,13,0,12,0
19001509,'1142725',1523,,1194,13,,,0
19001509,'1142736',1353,,1195,13,,,0
19001509,'1142755',1053,,1196,13,,,0
19001509,'1142799',1423,,1198,13,,,0
19001509,'1142808',2053,,1199,13,,,0
19001509,'1142818',1153,,1200,13,,,0
19001509,'1142823',1353,,1201,13,,,0
19001509,'1142868',853,,1202,13,,,0
19001509,'1142879',953,,1203,13,,,0
