14009,'1175724',1428,,1551,8,0,5 6 22,0
14009,'1175759',1228,,1552,8,0,5 6 22,0
14009,'1175767',1328,,1553,8,0,5 6 22,0
14009,'1175834',1528,,1557,8,0,5 6 22,0
14009,'1176178',1028,,1560,8,0,5 6 22,0
14009,'1176234',1728,,1561,8,0,5 6 22,0
14009,'1176418',1128,,1564,8,0,5 6 22,0
14009,'1176613',1628,,1566,8,0,5 6 22,0
14009,'1176636',928,,1567,8,0,5 6 22,0
19001509,'1175715',2048,,2024,7,,,0
19001509,'1175729',948,,2025,7,,,0
19001509,'1175736',2148,,2026,7,0,12,0
19001509,'1175740',748,,2027,7,,,0
19001509,'1175741',1248,,2028,7,,,0
19001509,'1175769',2248,,2029,7,0,12,0
19001509,'1175774',2148,,2030,7,0,12,0
19001509,'1175778',1718,,2031,7,,,0
19001509,'1175793',1748,,2032,7,,,0
19001509,'1175801',748,,2033,7,,,0
19001509,'1175845',1318,,2034,7,,,0
19001509,'1175897',1418,,2035,7,,,0
19001509,'1175899',1148,,2036,7,,,0
19001509,'1175907',918,,2037,7,,,0
19001509,'1175925',1548,,2038,7,,,0
19001509,'1175932',1448,,2039,7,,,0
19001509,'1175953',1518,,2040,7,,,0
19001509,'1175967',1018,,2042,7,,,0
19001509,'1175996',1618,,2043,7,,,0
19001509,'1176000',848,,2044,7,,,0
19001509,'1176049',1648,,2045,7,,,0
19001509,'1176055',1848,,2046,7,,,0
19001509,'1176057',948,,2047,7,,,0
19001509,'1176073',718,,2048,7,,,0
19001509,'1176074',648,,2049,7,,,0
19001509,'1176085',1848,,2050,7,,,0
19001509,'1176090',2048,,2051,7,,,0
19001509,'1176092',1048,,2052,7,,,0
19001509,'1176093',848,,2053,7,,,0
19001509,'1176105',1948,,2054,7,,,0
19001509,'1176238',1448,,2055,7,,,0
19001509,'1176266',1118,,2056,7,,,0
19001509,'1176293',1348,,2057,7,,,0
19001509,'1176328',1218,,2058,7,,,0
19001509,'1176335',1948,,2059,7,,,0
19001509,'1176340',1818,,2060,7,0,12,0
19001509,'1176355',1548,,2061,7,,,0
19001509,'1176358',1248,,2062,7,,,0
19001509,'1176362',1748,,2063,7,,,0
19001509,'1176426',1048,,2064,7,,,0
19001509,'1176434',2248,,2065,7,0,12,0
19001509,'1176496',1348,,2067,7,,,0
19001509,'1176536',648,,2068,7,,,0
19001509,'1176537',818,,2069,7,,,0
19001509,'1176684',1648,,2070,7,,,0
19001509,'1176689',1148,,2071,7,,,0
