20009,'1175886',1508,6,1606,19,,,0
20009,'1176006',1008,6,1608,19,,,0
20009,'1176032',1308,6,1609,19,,,0
20009,'1176110',1608,6,1610,19,,,0
20009,'1176370',1208,6,1614,19,,,0
20009,'1176412',1108,6,1617,19,,,0
20009,'1176469',1408,6,1619,19,,,0
20009,'1176512',1708,6,1620,19,,,0
20009,'1176525',908,6,1621,9,,,0
30009,'1175731',1625,,1663,1,,,0,98,,1663,23,4,,0
30009,'1175764',1553,,1668,2,4,,0
30009,'1175895',1725,,1675,1,,,0,98,,1675,23,4,,0
30009,'1175903',1425,,1676,1,,,0,98,,1676,23,4,,0
30009,'1175906',1325,,1677,1,,,0,98,,1677,23,4,,0
30009,'1175920',825,,1679,1,,,0,98,,1679,23,4,,0
30009,'1175956',1125,,1681,1,,,0,98,,1681,23,4,,0
30009,'1175968',925,,1684,1,,,0,98,,1684,23,4,,0
30009,'1176011',1425,,1687,1,,,0,98,,1687,23,4,,0
30009,'1176018',855,,1688,1,,,0,98,,1688,23,4,,0
30009,'1176021',1225,,1689,1,,,0,98,,1689,23,4,,0
30009,'1176022',655,,1690,1,,,0,98,,1690,23,4,,0
30009,'1176029',925,,1691,1,,,0,98,,1691,23,4,,0
30009,'1176035',723,,1692,2,4,,0
30009,'1176062',1025,,1694,1,,,0,98,,1694,23,4,,0
30009,'1176077',1025,,1695,1,,,0,98,,1695,23,4,,0
30009,'1176102',1125,,1696,1,,,0,98,,1696,23,4,,0
30009,'1176164',1925,,1700,1,,,0,98,,1700,23,4,,0
30009,'1176165',2025,,1701,1,,,0,98,,1701,23,4,,0
30009,'1176174',653,,1703,2,4,,0
30009,'1176189',1725,,1704,1,,,0,98,,1704,23,4,,0
30009,'1176197',755,,1705,1,,,0,98,,1705,23,4,,0
30009,'1176210',2125,,1706,1,0,8 21,0
30009,'1176212',1325,,1707,1,,,0,98,,1707,23,4,,0
30009,'1176214',1625,,1708,1,,,0,98,,1708,23,4,,0
30009,'1176220',955,,1709,1,0,8 21,0
30009,'1176253',1525,,1712,1,,,0,98,,1712,23,4,,0
30009,'1176298',1525,,1714,1,,,0,98,,1714,23,4,,0
30009,'1176304',1225,,1715,1,,,0,98,,1715,23,4,,0
30009,'1176325',1555,,1716,1,,,0,98,,1716,23,4,,0
30009,'1176329',1755,,1717,1,0,8 21,0
30009,'1176363',825,,1719,1,,,0,98,,1719,23,4,,0
30009,'1176397',2125,,1721,1,0,8 21,0
30009,'1176439',2025,,1725,1,,,0,98,,1725,23,4,,0
30009,'1176451',725,,1726,1,,,0,98,,1726,23,4,,0
30009,'1176455',725,,1727,1,,,0,98,,1727,23,4,,0
30009,'1176459',725,,1729,2,4,,0
30009,'1176560',1825,,1737,1,,,0,98,,1737,23,4,,0
30009,'1176569',1655,,1738,1,,,0,98,,1738,23,4,,0
30009,'1176582',1925,,1739,1,,,0,98,,1739,23,4,,0
30009,'1176588',1825,,1740,1,,,0,98,,1740,23,4,,0
19001709,'1175717',1522,,2072,41,,,0
19001709,'1175742',1122,,2073,41,,,0
19001709,'1175751',1122,,2074,41,,,0
19001709,'1175777',1152,,2075,8,,,0
19001709,'1175789',722,,2076,41,,,0
19001709,'1175830',2022,,2077,41,,,0
19001709,'1175877',1222,,2078,41,,,0
19001709,'1175947',1722,,2079,41,,,0
19001709,'1175951',752,,2080,41,,,0
19001709,'1175978',822,,2081,41,,,0
19001709,'1176042',1722,,2082,41,,,0
19001709,'1176058',1522,,2084,41,,,0
19001709,'1176065',1622,,2085,41,,,0
19001709,'1176099',1422,,2086,41,,,0
19001709,'1176116',1552,,2087,8,,,0
19001709,'1176119',1822,,2088,41,,,0
19001709,'1176120',1922,,2089,41,,,0
19001709,'1176130',1322,,2091,41,,,0
19001709,'1176156',2022,,2092,41,,,0
19001709,'1176161',1422,,2093,41,,,0
19001709,'1176166',952,,2094,41,,,0
19001709,'1176201',922,,2095,41,,,0
19001709,'1176209',1352,,2096,8,,,0
19001709,'1176252',852,,2097,41,,,0
19001709,'1176264',1452,,2098,8,,,0
19001709,'1176273',1022,,2099,41,,,0
19001709,'1176297',1252,,2100,8,,,0
19001709,'1176303',1652,,2101,41,,,0
19001709,'1176312',1752,,2102,41,,,0
19001709,'1176349',1922,,2103,41,,,0
19001709,'1176380',1052,,2104,8,,,0
19001709,'1176415',822,,2105,41,,,0
19001709,'1176420',1222,,2106,41,,,0
19001709,'1176482',1322,,2108,41,,,0
19001709,'1176513',722,,2109,41,,,0
19001709,'1176547',622,,2110,8,,,0
19001709,'1176554',1822,,2111,41,,,0
19001709,'1176592',652,,2112,41,,,0
19001709,'1176601',1622,,2113,41,,,0
19001709,'1176617',2122,,2114,41,,,0
19001709,'1176629',1022,,2115,41,,,0
19001709,'1176637',922,,2116,41,,,0
19001709,'1176655',2122,,2118,41,,,0
