15009,'1175924',1040,,1574,7,,,0
15009,'1175955',1640,,1575,7,,,0
15009,'1176009',1440,,1576,7,,,0
15009,'1176045',940,,1577,7,,,0
15009,'1176107',1540,,1579,7,,,0
15009,'1176262',1740,,1581,7,,,0
15009,'1176306',1140,,1583,7,,,0
15009,'1176632',1340,,1585,7,,,0
15009,'1176645',1240,,1586,7,,,0
14001409,'1175733',1858,,1835,17,,,0
14001409,'1175775',1158,,1836,17,,,0
14001409,'1175776',2058,,1837,17,,,0
14001409,'1175786',1958,,1838,17,,,0
14001409,'1175790',1558,,1839,17,,,0
14001409,'1175803',1358,,1840,17,,,0
14001409,'1175809',928,,1841,17,,,0
14001409,'1175820',1458,,1842,17,,,0
14001409,'1175821',1158,,1843,17,,,0
14001409,'1175838',1128,,1844,17,,,0
14001409,'1175856',1058,,1845,17,,,0
14001409,'1175876',1558,,1846,17,,,0
14001409,'1175893',1858,,1847,17,,,0
14001409,'1175894',1728,,1848,17,,,0
14001409,'1175902',1628,,1849,17,,,0
14001409,'1175961',1258,,1850,17,,,0
14001409,'1175973',858,,1851,17,,,0
14001409,'1175975',1758,,1852,17,,,0
14001409,'1175979',1828,,1853,17,0,8 21,0
14001409,'1175999',828,,1854,17,,,0
14001409,'1176001',1028,,1855,17,,,0
14001409,'1176014',1058,,1856,17,,,0
14001409,'1176036',728,,1857,17,,,0
14001409,'1176047',1358,,1858,17,,,0
14001409,'1176050',2058,,1859,17,,,0
14001409,'1176071',1228,,1860,17,,,0
14001409,'1176160',1658,,1861,17,,,0
14001409,'1176250',758,,1862,17,,,0
14001409,'1176268',2158,,1863,17,,,0
14001409,'1176283',1328,,1864,17,,,0
14001409,'1176308',2158,,1866,17,,,0
14001409,'1176314',658,,1867,17,,,0
14001409,'1176393',958,,1869,17,,,0
14001409,'1176423',758,,1870,17,,,0
14001409,'1176476',1528,,1872,17,,,0
14001409,'1176485',958,,1873,17,,,0
14001409,'1176522',858,,1874,17,,,0
14001409,'1176556',1658,,1876,17,,,0
14001409,'1176558',1458,,1877,17,,,0
14001409,'1176598',1958,,1878,17,,,0
14001409,'1176631',1258,,1879,17,,,0
14001409,'1176643',1428,,1880,17,,,0
14001409,'1176681',1758,,1881,17,,,0
