12009,'1175885',1804,,1519,36,0,18 7,0
12009,'1175923',1551,,1520,36,0,18 7,0
12009,'1175952',1351,,1521,36,0,18 7,0
12009,'1175971',1051,,1522,36,0,18 7,0
12009,'1176115',1151,,1524,36,0,18 7,0
12009,'1176305',1651,,1526,36,0,18 7,0
12009,'1176431',1451,,1528,36,0,18 7,0
12009,'1176538',951,,1530,36,0,18 7,0
12009,'1176625',1251,,1531,36,0,18 7,0
14001609,'1175722',1126,,1882,37,,,0
14001609,'1175752',726,,1883,37,,,0
14001609,'1175760',2026,,1884,37,,,0
14001609,'1175908',856,,1888,37,,,0
14001609,'1175922',1226,,1889,37,,,0
14001609,'1175936',826,,1890,37,,,0
14001609,'1175986',1426,,1892,37,,,0
14001609,'1175988',1326,,1893,37,,,0
14001609,'1175989',1826,,1894,37,,,0
14001609,'1176015',926,,1896,37,,,0
14001609,'1176168',1326,,1898,37,,,0
14001609,'1176170',1556,,1899,37,,,0
14001609,'1176241',2126,,1900,37,,,0
14001609,'1176247',756,,1901,37,,,0
14001609,'1176270',2226,,1902,37,,,0
14001609,'1176280',1626,,1903,37,,,0
14001609,'1176296',1526,,1904,37,,,0
14001609,'1176309',2226,,1905,37,,,0
14001609,'1176320',1826,,1906,37,,,0
14001609,'1176381',1026,,1908,37,,,0
14001609,'1176402',2026,,1909,37,,,0
14001609,'1176421',826,,1910,37,,,0
14001609,'1176486',1756,,1911,37,,,0
14001609,'1176492',1126,,1912,37,,,0
14001609,'1176495',1926,,1913,37,,,0
14001609,'1176500',1626,,1914,37,,,0
14001609,'1176504',1726,,1915,37,,,0
14001609,'1176510',1526,,1916,37,,,0
14001609,'1176518',1656,,1917,37,,,0
14001609,'1176524',1026,,1918,37,,,0
14001609,'1176533',926,,1919,37,,,0
14001609,'1176577',2126,,1921,37,,,0
14001609,'1176602',1426,,1924,37,,,0
14001609,'1176621',1926,,1926,37,,,0
14001609,'1176627',1726,,1927,37,,,0
14001609,'1176666',726,,1928,17,,,0
14001609,'1176671',1226,,1929,37,,,0
