19001509,'1142133',1659,,1156,22,,,0
19001509,'1142153',659,,1158,22,,,0
19001509,'1142160',959,,1159,22,,,0
19001509,'1142170',1459,,1160,22,,,0
19001509,'1142181',659,,1161,22,,,0
19001509,'1142183',1559,,1162,22,,,0
19001509,'1142185',1459,,1163,22,,,0
19001509,'1142201',829,,1164,22,,,0
19001509,'1142204',1259,,1165,22,,,0
19001509,'1142207',2159,,1166,22,0,12,0
19001509,'1142217',1059,,1167,22,,,0
19001509,'1142250',2059,,1168,22,,,0
19001509,'1142261',1229,,1169,22,,,0
19001509,'1142284',1029,,1170,22,,,0
19001509,'1142295',2259,,1171,22,0,12,0
19001509,'1142302',1759,,1172,22,,,0
19001509,'1142304',1829,,1173,22,0,12,0
19001509,'1142318',929,,1174,22,,,0
19001509,'1142351',1959,,1175,22,,,0
19001509,'1142376',1759,,1176,22,,,0
19001509,'1142422',1159,,1177,22,,,0
19001509,'1142427',759,,1178,22,,,0
19001509,'1142428',1629,,1179,22,,,0
19001509,'1142440',1259,,1180,22,,,0
19001509,'1142443',1959,,1181,22,,,0
19001509,'1142474',729,,1182,22,,,0
19001509,'1142476',1329,,1183,22,,,0
19001509,'1142512',1129,,1184,22,,,0
19001509,'1142514',1559,,1185,22,,,0
19001509,'1142532',2159,,1186,22,0,12,0
19001509,'1142587',1729,,1187,22,,,0
19001509,'1142615',1859,,1188,22,,,0
19001509,'1142630',1859,,1189,22,,,0
19001509,'1142653',1659,,1190,22,,,0
19001509,'1142655',859,,1191,22,,,0
19001509,'1142675',759,,1192,22,,,0
19001509,'1142699',2259,,1193,22,0,12,0
19001509,'1142725',1529,,1194,22,,,0
19001509,'1142736',1359,,1195,22,,,0
19001509,'1142755',1059,,1196,22,,,0
19001509,'1142799',1429,,1198,22,,,0
19001509,'1142808',2059,,1199,22,,,0
19001509,'1142818',1159,,1200,22,,,0
19001509,'1142823',1359,,1201,22,,,0
19001509,'1142868',859,,1202,22,,,0
19001509,'1142879',959,,1203,22,,,0
