14009,'1175812',1807,,1554,37,,,0
14009,'1175822',1054,,1555,37,,,0
14009,'1175823',1654,,1556,37,,,0
14009,'1175927',1354,,1558,37,,,0
14009,'1176135',954,,1559,37,,,0
14009,'1176326',1154,,1562,37,,,0
14009,'1176364',1454,,1563,37,,,0
14009,'1176520',1554,,1565,37,,,0
14009,'1176678',1254,,1568,37,,,0
14001409,'1175733',1935,,1835,43,,,0
14001409,'1175775',1235,,1836,43,,,0
14001409,'1175776',2133,,1837,43,,,0
14001409,'1175786',2033,,1838,43,,,0
14001409,'1175790',1635,,1839,43,,,0
14001409,'1175803',1435,,1840,43,,,0
14001409,'1175809',1005,,1841,43,,,0
14001409,'1175820',1535,,1842,43,,,0
14001409,'1175821',1233,,1843,43,,,0
14001409,'1175838',1205,,1844,43,,,0
14001409,'1175856',1133,,1845,43,,,0
14001409,'1175876',1633,,1846,43,,,0
14001409,'1175893',1933,,1847,43,,,0
14001409,'1175894',1805,,1848,43,,,0
14001409,'1175902',1705,,1849,43,,,0
14001409,'1175961',1335,,1850,43,,,0
14001409,'1175973',933,,1851,43,,,0
14001409,'1175975',1835,,1852,43,,,0
14001409,'1175999',905,,1854,43,,,0
14001409,'1176001',1105,,1855,43,,,0
14001409,'1176014',1135,,1856,43,,,0
14001409,'1176036',805,,1857,43,,,0
14001409,'1176047',1433,,1858,43,,,0
14001409,'1176050',2135,,1859,43,,,0
14001409,'1176071',1305,,1860,43,,,0
14001409,'1176160',1735,,1861,43,,,0
14001409,'1176250',833,,1862,43,,,0
14001409,'1176268',2235,,1863,43,,,0
14001409,'1176283',1405,,1864,43,,,0
14001409,'1176287',633,,1865,15,,,0
14001409,'1176308',2233,,1866,43,,,0
14001409,'1176314',735,,1867,43,,,0
14001409,'1176357',635,,1868,15,,,0
14001409,'1176393',1033,,1869,43,,,0
14001409,'1176423',835,,1870,43,,,0
14001409,'1176464',705,,1871,22,,,0
14001409,'1176476',1605,,1872,43,,,0
14001409,'1176485',1035,,1873,43,,,0
14001409,'1176522',935,,1874,43,,,0
14001409,'1176530',733,,1875,22,,,0
14001409,'1176556',1733,,1876,43,,,0
14001409,'1176558',1533,,1877,43,,,0
14001409,'1176598',2035,,1878,43,,,0
14001409,'1176631',1333,,1879,43,,,0
14001409,'1176643',1505,,1880,43,,,0
14001409,'1176681',1833,,1881,43,,,0
