11609,'1175716',1142,,1478,7,,,0
11609,'1175732',1542,,1479,7,,,0
11609,'1175756',1342,,1480,7,,,0
11609,'1175773',2042,,1481,7,,,0
11609,'1175832',1812,,1482,7,,,0
11609,'1175843',1442,,1483,7,,,0
11609,'1175850',2142,,1484,7,,,0
11609,'1175868',1242,,1485,7,,,0
11609,'1175918',1642,,1486,7,,,0
11609,'1175942',1742,,1487,7,,,0
11609,'1175949',1712,,1488,7,,,0
11609,'1175954',942,,1489,7,,,0
11609,'1175958',1542,,1490,7,,,0
11609,'1175970',1142,,1491,7,,,0
11609,'1176003',1942,,1492,7,,,0
11609,'1176080',1342,,1493,7,,,0
11609,'1176101',1842,,1494,7,,,0
11609,'1176137',1842,,1495,7,,,0
11609,'1176153',1642,,1496,7,,,0
11609,'1176239',1242,,1497,7,,,0
11609,'1176240',742,,1498,7,,,0
11609,'1176243',642,,1499,7,,,0
11609,'1176254',812,,1500,7,,,0
11609,'1176259',2042,,1501,7,,,0
11609,'1176276',842,,1502,7,,,0
11609,'1176432',712,,1503,7,,,0
11609,'1176433',1612,,1504,7,,,0
11609,'1176442',912,,1505,7,,,0
11609,'1176443',1042,,1506,7,,,0
11609,'1176475',742,,1507,7,,,0
11609,'1176603',1742,,1508,7,,,0
11609,'1176630',2142,,1509,7,,,0
11609,'1176639',1942,,1510,7,,,0
11609,'1176641',1042,,1511,7,,,0
11609,'1176646',942,,1512,7,,,0
11609,'1176652',842,,1513,7,,,0
11609,'1176685',1442,,1514,7,,,0
16009,'1175859',1234,,1588,7,0,16 17 11,0
16009,'1176087',1334,,1589,7,0,16 17 11,0
16009,'1176112',1434,,1590,7,0,16 17 11,0
16009,'1176128',1734,,1591,7,0,16 17 11,0
16009,'1176235',1034,,1593,7,0,16 17 11,0
16009,'1176236',1634,,1594,7,0,16 17 11,0
16009,'1176410',1534,,1599,7,0,16 17 11,0
16009,'1176572',934,,1602,7,0,16 17 11,0
16009,'1176585',1134,,1603,7,0,16 17 11,0
