19001709,'1142163',1152,,1204,17,,,0
19001709,'1142169',652,,1205,17,,,0
19001709,'1142180',1352,,1206,17,,,0
19001709,'1142193',1352,,1207,17,,,0
19001709,'1142232',1852,,1208,17,,,0
19001709,'1142259',1952,,1209,17,,,0
19001709,'1142285',652,,1210,17,,,0
19001709,'1142321',2052,,1212,17,,,0
19001709,'1142340',852,,1213,17,,,0
19001709,'1142365',952,,1215,17,,,0
19001709,'1142402',1822,,1216,17,0,8 9,0
19001709,'1142415',852,,1217,17,,,0
19001709,'1142417',1552,,1218,17,,,0
19001709,'1142425',722,,1219,17,,,0
19001709,'1142455',1552,,1220,17,,,0
19001709,'1142494',1252,,1222,17,,,0
19001709,'1142496',1452,,1223,17,,,0
19001709,'1142502',952,,1224,17,,,0
19001709,'1142511',752,,1225,17,,,0
19001709,'1142513',2252,,1226,17,0,8 9,0
19001709,'1142515',1052,,1227,17,,,0
19001709,'1142537',2152,,1228,17,0,8 9,0
19001709,'1142547',1052,,1229,17,,,0
19001709,'1142569',2052,,1230,17,,,0
19001709,'1142595',2152,,1232,17,0,8 9,0
19001709,'1142618',1852,,1233,17,,,0
19001709,'1142632',1722,,1234,17,,,0
19001709,'1142635',1652,,1235,17,,,0
19001709,'1142665',622,,1237,17,,,0
19001709,'1142670',1652,,1238,17,,,0
19001709,'1142689',822,,1239,17,,,0
19001709,'1142695',1952,,1240,17,,,0
19001709,'1142706',1752,,1241,17,,,0
19001709,'1142747',1452,,1243,17,,,0
19001709,'1142750',1152,,1244,17,,,0
19001709,'1142768',1252,,1246,17,,,0
19001709,'1142800',752,,1247,17,,,0
19001709,'1142805',922,,1248,17,,,0
19001709,'1142831',2252,,1249,17,0,8 9,0
19001709,'1142841',1622,,1250,17,,,0
19001709,'1142871',1752,,1251,17,,,0
