14009,'1175812',1727,,1554,20,,,0
14009,'1175822',1027,,1555,20,,,0
14009,'1175823',1627,,1556,20,,,0
14009,'1175927',1327,,1558,20,,,0
14009,'1176135',927,,1559,20,,,0
14009,'1176326',1127,,1562,20,,,0
14009,'1176364',1427,,1563,20,,,0
14009,'1176520',1527,,1565,20,,,0
14009,'1176678',1227,,1568,20,,,0
19001309,'1175728',827,,1978,24,,,0
19001309,'1175734',1457,,1979,24,,,0
19001309,'1175770',1957,,1980,24,,,0
19001309,'1175814',1827,,1981,24,0,8 21,0
19001309,'1175816',1757,,1982,24,,,0
19001309,'1175833',1657,,1983,24,,,0
19001309,'1175860',1327,,1984,24,,,0
19001309,'1175862',1057,,1985,24,,,0
19001309,'1175891',1127,,1986,24,,,0
19001309,'1175892',927,,1987,24,,,0
19001309,'1175994',857,,1989,24,,,0
19001309,'1176023',757,,1990,24,,,0
19001309,'1176034',1057,,1991,24,,,0
19001309,'1176044',1357,,1992,24,,,0
19001309,'1176064',1027,,1993,24,,,0
19001309,'1176125',1657,,1994,24,,,0
19001309,'1176139',1157,,1995,24,,,0
19001309,'1176167',2157,,1996,24,,,0
19001309,'1176182',1257,,1997,24,,,0
19001309,'1176185',727,,1998,24,,,0
19001309,'1176187',1257,,1999,24,,,0
19001309,'1176196',1157,,2000,24,,,0
19001309,'1176261',957,,2001,24,,,0
19001309,'1176277',2057,,2002,24,,,0
19001309,'1176318',1357,,2003,24,,,0
19001309,'1176331',1957,,2004,24,,,0
19001309,'1176338',1857,,2005,24,,,0
19001309,'1176348',1527,,2006,24,,,0
19001309,'1176367',1557,,2007,24,,,0
19001309,'1176387',2157,,2008,24,,,0
19001309,'1176389',757,,2009,24,,,0
19001309,'1176392',657,,2010,24,,,0
19001309,'1176394',1557,,2011,24,,,0
19001309,'1176446',1757,,2012,24,,,0
19001309,'1176462',2057,,2013,24,,,0
19001309,'1176473',1857,,2014,24,,,0
19001309,'1176527',957,,2015,24,,,0
19001309,'1176539',1627,,2016,24,,,0
19001309,'1176543',1427,,2017,24,,,0
19001309,'1176567',857,,2019,24,,,0
19001309,'1176597',1457,,2020,24,,,0
19001309,'1176614',1227,,2021,24,,,0
19001309,'1176638',1727,,2022,24,,,0
19001309,'1176660',657,,2023,24,,,0
