21609,'1175813',1926,,1624,15,,,0
21609,'1175831',725,,1625,15,,,0
21609,'1175857',1655,,1626,15,,,0
21609,'1175869',1725,,1627,15,,,0
21609,'1175916',1556,,1628,15,,,0
21609,'1175929',1326,,1629,15,,,0
21609,'1175966',1726,,1630,15,,,0
21609,'1175997',2126,,1631,15,,,0
21609,'1175998',926,,1632,15,,,0
21609,'1176028',1026,,1633,15,,,0
21609,'1176037',1826,,1634,15,,,0
21609,'1176041',1826,,1635,15,,,0
21609,'1176046',726,,1636,15,,,0
21609,'1176054',1625,,1637,15,,,0
21609,'1176067',655,,1638,15,,,0
21609,'1176111',1126,,1639,15,,,0
21609,'1176200',1426,,1640,15,,,0
21609,'1176207',2126,,1641,15,,,0
21609,'1176218',1126,,1642,15,,,0
21609,'1176289',1026,,1643,15,,,0
21609,'1176352',1226,,1644,15,,,0
21609,'1176395',1926,,1645,15,,,0
21609,'1176414',2026,,1646,15,,,0
21609,'1176430',1756,,1647,15,,,0
21609,'1176454',1626,,1648,15,,,0
21609,'1176460',826,,1649,15,,,0
21609,'1176467',1526,,1650,15,,,0
21609,'1176534',626,,1651,15,,,0
21609,'1176553',1226,,1652,15,,,0
21609,'1176576',926,,1653,15,,,0
21609,'1176651',826,,1654,15,,,0
21609,'1176656',1526,,1655,15,,,0
21609,'1176659',1426,,1656,15,,,0
21609,'1176663',1326,,1657,15,,,0
21609,'1176665',856,,1658,15,,,0
21609,'1176686',2026,,1659,15,,,0
21609,'1176690',756,,1660,15,,,0
