14001009,'1175755',921,,1743,41,,,0
14001009,'1175787',1821,,1744,41,,,0
14001009,'1175798',1821,,1745,41,,,0
14001009,'1175810',721,,1747,8,,,0
14001009,'1175825',1621,,1748,41,,,0
14001009,'1175826',1321,,1749,41,,,0
14001009,'1175836',1751,,1750,41,,,0
14001009,'1175840',2021,,1751,41,,,0
14001009,'1175890',2021,,1753,41,,,0
14001009,'1175905',2121,,1754,41,,,0
14001009,'1175937',1421,,1755,41,,,0
14001009,'1175943',1721,,1756,41,,,0
14001009,'1175995',1121,,1758,41,,,0
14001009,'1176008',751,,1759,41,,,0
14001009,'1176017',821,,1760,41,,,0
14001009,'1176075',1721,,1761,41,,,0
14001009,'1176104',2221,,1762,41,,,0
14001009,'1176141',1321,,1763,41,,,0
14001009,'1176158',1521,,1764,41,,,0
14001009,'1176198',1021,,1766,41,,,0
14001009,'1176208',2221,,1767,41,,,0
14001009,'1176215',1921,,1768,41,,,0
14001009,'1176249',1121,,1770,41,,,0
14001009,'1176269',2121,,1771,41,,,0
14001009,'1176311',1021,,1774,41,,,0
14001009,'1176346',851,,1775,41,,,0
14001009,'1176365',921,,1776,41,,,0
14001009,'1176376',1621,,1777,41,,,0
14001009,'1176382',1221,,1778,41,,,0
14001009,'1176449',721,,1779,41,,,0
14001009,'1176545',821,,1781,41,,,0
14001009,'1176551',1421,,1782,41,,,0
14001009,'1176579',1651,,1783,41,,,0
14001009,'1176580',1221,,1784,41,,,0
14001009,'1176607',1921,,1785,41,,,0
14001009,'1176653',1521,,1788,41,,,0
