15009,'1175719',1705,,1569,12,0,20 15,0
15009,'1175730',1505,,1570,12,0,20 15,0
15009,'1175737',1305,,1571,12,0,20 15,0
15009,'1175828',1405,,1572,12,0,20 15,0
15009,'1175835',1005,,1573,12,0,20 15,0
15009,'1176048',1205,,1578,12,0,20 15,0
15009,'1176230',1605,,1580,12,0,20 15,0
15009,'1176301',905,,1582,12,0,20 15,0
15009,'1176568',1105,,1584,12,0,20 15,0
30009,'1175731',1654,,1663,9,,,0
30009,'1175895',1754,,1675,9,,,0
30009,'1175903',1454,,1676,9,,,0
30009,'1175906',1354,,1677,9,,,0
30009,'1175920',854,,1679,9,,,0
30009,'1175956',1154,,1681,9,,,0
30009,'1175968',954,,1684,9,,,0
30009,'1176011',1454,,1687,9,,,0
30009,'1176018',924,,1688,9,,,0
30009,'1176021',1254,,1689,9,,,0
30009,'1176022',724,,1690,9,,,0
30009,'1176029',954,,1691,9,,,0
30009,'1176062',1054,,1694,9,,,0
30009,'1176077',1054,,1695,9,,,0
30009,'1176102',1154,,1696,9,,,0
30009,'1176164',1954,,1700,9,,,0
30009,'1176165',2054,,1701,9,,,0
30009,'1176189',1754,,1704,9,,,0
30009,'1176197',824,,1705,9,,,0
30009,'1176210',2154,,1706,9,0,8 21,0
30009,'1176212',1354,,1707,9,,,0
30009,'1176214',1654,,1708,9,,,0
30009,'1176220',1024,,1709,9,0,8 21,0
30009,'1176253',1554,,1712,9,,,0
30009,'1176298',1554,,1714,9,,,0
30009,'1176304',1254,,1715,9,,,0
30009,'1176325',1624,,1716,9,,,0
30009,'1176329',1824,,1717,9,0,8 21,0
30009,'1176363',854,,1719,9,,,0
30009,'1176397',2154,,1721,9,0,8 21,0
30009,'1176439',2054,,1725,9,,,0
30009,'1176451',754,,1726,9,,,0
30009,'1176455',754,,1727,9,,,0
30009,'1176560',1854,,1737,9,,,0
30009,'1176569',1724,,1738,9,,,0
30009,'1176582',1954,,1739,9,,,0
30009,'1176588',1854,,1740,9,,,0
19001509,'1175715',2124,,2024,37,,,0
19001509,'1175729',1024,,2025,37,,,0
19001509,'1175740',824,,2027,37,,,0
19001509,'1175741',1324,,2028,37,,,0
19001509,'1175778',1754,,2031,37,,,0
19001509,'1175793',1824,,2032,37,,,0
19001509,'1175801',824,,2033,37,,,0
19001509,'1175845',1354,,2034,37,,,0
19001509,'1175897',1454,,2035,37,,,0
19001509,'1175899',1224,,2036,37,,,0
19001509,'1175907',954,,2037,37,,,0
19001509,'1175925',1624,,2038,37,,,0
19001509,'1175932',1524,,2039,37,,,0
19001509,'1175953',1554,,2040,37,,,0
19001509,'1175965',654,,2041,12,,,0
19001509,'1175967',1054,,2042,37,,,0
19001509,'1175996',1654,,2043,37,,,0
19001509,'1176000',924,,2044,37,,,0
19001509,'1176049',1724,,2045,37,,,0
19001509,'1176055',1924,,2046,37,,,0
19001509,'1176057',1024,,2047,37,,,0
19001509,'1176073',754,,2048,37,,,0
19001509,'1176074',724,,2049,37,,,0
19001509,'1176085',1924,,2050,37,,,0
19001509,'1176090',2124,,2051,37,,,0
19001509,'1176092',1124,,2052,37,,,0
19001509,'1176093',924,,2053,37,,,0
19001509,'1176105',2024,,2054,37,,,0
19001509,'1176238',1524,,2055,37,,,0
19001509,'1176266',1154,,2056,37,,,0
19001509,'1176293',1424,,2057,37,,,0
19001509,'1176328',1254,,2058,37,,,0
19001509,'1176335',2024,,2059,37,,,0
19001509,'1176355',1624,,2061,37,,,0
19001509,'1176358',1324,,2062,37,,,0
19001509,'1176362',1824,,2063,37,,,0
19001509,'1176426',1124,,2064,37,,,0
19001509,'1176450',624,,2066,12,,,0
19001509,'1176496',1424,,2067,37,,,0
19001509,'1176536',724,,2068,37,,,0
19001509,'1176537',854,,2069,37,,,0
19001509,'1176684',1724,,2070,37,,,0
19001509,'1176689',1224,,2071,37,,,0
