20009,'1175879',1443,,1605,12,0,10 11,0
20009,'1175940',1043,,1607,12,0,10 11,0
20009,'1176265',1543,,1612,12,0,10 11,0
20009,'1176319',1743,,1613,12,0,10 11,0
20009,'1176398',1343,,1615,12,0,10 11,0
20009,'1176408',943,,1616,12,0,10 11,0
20009,'1176425',1143,,1618,12,0,10 11,0
20009,'1176552',1243,,1622,12,0,10 11,0
20009,'1176647',1643,,1623,12,0,10 11,0
14001609,'1175722',1056,,1882,14,,,0
14001609,'1175752',656,,1883,14,,,0
14001609,'1175760',1956,,1884,14,,,0
14001609,'1175799',926,,1885,14,0,8 21,0
14001609,'1175804',1026,,1886,14,0,8 21,0
14001609,'1175908',826,,1888,14,,,0
14001609,'1175922',1156,,1889,14,,,0
14001609,'1175936',756,,1890,14,,,0
14001609,'1175982',1126,,1891,14,0,8 21,0
14001609,'1175986',1356,,1892,14,,,0
14001609,'1175988',1256,,1893,14,,,0
14001609,'1175989',1756,,1894,14,,,0
14001609,'1176010',1226,,1895,14,0,8 21,0
14001609,'1176015',856,,1896,14,,,0
14001609,'1176131',1326,,1897,14,0,8 21,0
14001609,'1176168',1256,,1898,14,,,0
14001609,'1176170',1526,,1899,14,,,0
14001609,'1176241',2056,,1900,14,,,0
14001609,'1176247',726,,1901,14,,,0
14001609,'1176270',2156,,1902,14,,,0
14001609,'1176280',1556,,1903,14,,,0
14001609,'1176296',1456,,1904,14,,,0
14001609,'1176309',2156,,1905,14,,,0
14001609,'1176320',1756,,1906,14,,,0
14001609,'1176374',1826,,1907,14,0,8 21,0
14001609,'1176381',956,,1908,14,,,0
14001609,'1176402',1956,,1909,14,,,0
14001609,'1176421',756,,1910,14,,,0
14001609,'1176486',1726,,1911,14,,,0
14001609,'1176492',1056,,1912,14,,,0
14001609,'1176495',1856,,1913,14,,,0
14001609,'1176500',1556,,1914,14,,,0
14001609,'1176504',1656,,1915,14,,,0
14001609,'1176510',1456,,1916,14,,,0
14001609,'1176518',1626,,1917,14,,,0
14001609,'1176524',956,,1918,14,,,0
14001609,'1176533',856,,1919,14,,,0
14001609,'1176577',2056,,1921,14,,,0
14001609,'1176593',1426,,1923,14,0,8 21,0
14001609,'1176602',1356,,1924,14,,,0
14001609,'1176621',1856,,1926,14,,,0
14001609,'1176627',1656,,1927,14,,,0
14001609,'1176671',1156,,1929,14,,,0
