12009,'1175745',1558,,1515,38,,,0
12009,'1175747',1458,,1516,38,,,0
12009,'1175827',1158,,1517,38,,,0
12009,'1175839',1811,,1518,38,,,0
12009,'1176031',1058,,1523,38,,,0
12009,'1176149',1258,,1525,38,,,0
12009,'1176417',1358,,1527,38,,,0
12009,'1176471',1658,,1529,38,,,0
12009,'1176692',958,,1532,38,,,0
14001209,'1175718',1657,,1789,42,,,0
14001209,'1175861',1927,,1790,42,,,0
14001209,'1175900',1757,,1791,42,,,0
14001209,'1175915',2127,,1793,42,,,0
14001209,'1175917',1457,,1794,42,,,0
14001209,'1175919',2027,,1795,42,,,0
14001209,'1175938',827,,1796,42,,,0
14001209,'1175939',1827,,1797,42,,,0
14001209,'1175983',2227,,1798,42,,,0
14001209,'1176007',1327,,1799,42,,,0
14001209,'1176012',1127,,1800,42,,,0
14001209,'1176069',927,,1801,42,,,0
14001209,'1176070',1227,,1802,42,,,0
14001209,'1176091',1027,,1803,42,,,0
14001209,'1176100',727,,1804,20,,,0
14001209,'1176103',1027,,1805,42,,,0
14001209,'1176117',1227,,1806,42,,,0
14001209,'1176163',1927,,1808,42,,,0
14001209,'1176213',1127,,1809,42,,,0
14001209,'1176217',1627,,1810,42,,,0
14001209,'1176245',1827,,1811,42,,,0
14001209,'1176255',927,,1812,42,,,0
14001209,'1176275',1727,,1813,42,,,0
14001209,'1176323',1157,,1814,42,,,0
14001209,'1176343',1427,,1816,42,,,0
14001209,'1176354',1527,,1817,42,,,0
14001209,'1176378',1327,,1818,42,,,0
14001209,'1176401',757,,1819,42,,,0
14001209,'1176411',2127,,1820,42,,,0
14001209,'1176440',1527,,1821,42,,,0
14001209,'1176458',727,,1822,42,,,0
14001209,'1176470',1627,,1823,42,,,0
14001209,'1176472',1057,,1824,42,,,0
14001209,'1176483',1357,,1825,42,,,0
14001209,'1176488',1727,,1826,42,,,0
14001209,'1176515',2027,,1827,42,,,0
14001209,'1176526',957,,1828,42,,,0
14001209,'1176532',1257,,1829,42,,,0
14001209,'1176546',2227,,1830,42,,,0
14001209,'1176594',857,,1831,42,,,0
14001209,'1176599',1557,,1832,42,,,0
14001209,'1176626',827,,1833,42,,,0
14001209,'1176676',1427,,1834,42,,,0
