11609,'1175716',1142,,1478,6,,,0
11609,'1175732',1542,,1479,6,,,0
11609,'1175756',1342,,1480,6,,,0
11609,'1175773',2042,,1481,6,,,0
11609,'1175832',1812,,1482,6,,,0
11609,'1175843',1442,,1483,6,,,0
11609,'1175850',2142,,1484,6,,,0
11609,'1175868',1242,,1485,6,,,0
11609,'1175918',1642,,1486,6,,,0
11609,'1175942',1742,,1487,6,,,0
11609,'1175949',1712,,1488,6,,,0
11609,'1175954',942,,1489,6,,,0
11609,'1175958',1542,,1490,6,,,0
11609,'1175970',1142,,1491,6,,,0
11609,'1176003',1942,,1492,6,,,0
11609,'1176080',1342,,1493,6,,,0
11609,'1176101',1842,,1494,6,,,0
11609,'1176137',1842,,1495,6,,,0
11609,'1176153',1642,,1496,6,,,0
11609,'1176239',1242,,1497,6,,,0
11609,'1176240',742,,1498,6,,,0
11609,'1176243',642,,1499,6,,,0
11609,'1176254',812,,1500,6,,,0
11609,'1176259',2042,,1501,6,,,0
11609,'1176276',842,,1502,6,,,0
11609,'1176432',712,,1503,6,,,0
11609,'1176433',1612,,1504,6,,,0
11609,'1176442',912,,1505,6,,,0
11609,'1176443',1042,,1506,6,,,0
11609,'1176475',742,,1507,6,,,0
11609,'1176603',1742,,1508,6,,,0
11609,'1176630',2142,,1509,6,,,0
11609,'1176639',1942,,1510,6,,,0
11609,'1176641',1042,,1511,6,,,0
11609,'1176646',942,,1512,6,,,0
11609,'1176652',842,,1513,6,,,0
11609,'1176685',1442,,1514,6,,,0
16009,'1175859',1234,,1588,6,0,16 17 11,0
16009,'1176087',1334,,1589,6,0,16 17 11,0
16009,'1176112',1434,,1590,6,0,16 17 11,0
16009,'1176128',1734,,1591,6,0,16 17 11,0
16009,'1176235',1034,,1593,6,0,16 17 11,0
16009,'1176236',1634,,1594,6,0,16 17 11,0
16009,'1176410',1534,,1599,6,0,16 17 11,0
16009,'1176572',934,,1602,6,0,16 17 11,0
16009,'1176585',1134,,1603,6,0,16 17 11,0
