13009,'1142144',1035,,747,17,,,0
13009,'1142247',1435,,748,17,,,0
13009,'1142389',1635,,749,17,,,0
13009,'1142437',1235,,753,17,,,0
13009,'1142616',935,,755,17,,,0
13009,'1142716',1735,,758,17,,,0
13009,'1142721',1335,,760,17,,,0
13009,'1142852',1135,,763,17,,,0
13009,'1142885',1535,,764,17,,,0
14001209,'1142139',1326,,921,17,,,0
14001209,'1142151',1156,,922,17,,,0
14001209,'1142158',1526,,923,17,,,0
14001209,'1142168',1426,,924,17,,,0
14001209,'1142228',1356,,925,17,,,0
14001209,'1142235',1056,,926,17,,,0
14001209,'1142256',1226,,927,17,,,0
14001209,'1142291',1656,,928,17,,,0
14001209,'1142293',1626,,929,17,,,0
14001209,'1142309',1026,,930,17,,,0
14001209,'1142370',756,,931,17,,,0
14001209,'1142374',2256,,932,17,0,8 9,0
14001209,'1142423',1126,,933,17,,,0
14001209,'1142439',756,,934,17,,,0
14001209,'1142486',826,,935,17,,,0
14001209,'1142509',1456,,936,17,,,0
14001209,'1142542',1856,,937,17,,,0
14001209,'1142545',1056,,938,17,,,0
14001209,'1142567',956,,939,17,,,0
14001209,'1142571',1656,,940,17,,,0
14001209,'1142573',1256,,941,17,,,0
14001209,'1142591',1756,,942,17,,,0
14001209,'1142598',856,,943,17,,,0
14001209,'1142600',726,,944,17,,,0
14001209,'1142650',2156,,945,17,,,0
14001209,'1142656',1826,,946,17,0,8 9,0
14001209,'1142691',1756,,947,17,,,0
14001209,'1142694',1256,,948,17,,,0
14001209,'1142710',2156,,949,17,,,0
14001209,'1142742',656,,951,17,,,0
14001209,'1142760',926,,952,17,,,0
14001209,'1142766',1156,,953,17,,,0
14001209,'1142771',1726,,954,17,,,0
14001209,'1142778',1556,,955,17,,,0
14001209,'1142786',2056,,956,17,,,0
14001209,'1142797',1956,,957,17,,,0
14001209,'1142806',1356,,958,17,,,0
14001209,'1142815',2256,,959,17,0,8 9,0
14001209,'1142817',1556,,960,17,,,0
14001209,'1142820',1856,,961,17,,,0
14001209,'1142837',856,,962,17,,,0
14001209,'1142854',956,,963,17,,,0
14001209,'1142855',2056,,964,17,,,0
14001209,'1142858',1456,,965,17,,,0
14001209,'1142869',1956,,966,17,,,0
