14009,'1175812',1728,,1554,22,,,0
14009,'1175822',1028,,1555,22,,,0
14009,'1175823',1628,,1556,22,,,0
14009,'1175927',1328,,1558,22,,,0
14009,'1176135',928,,1559,22,,,0
14009,'1176326',1128,,1562,22,,,0
14009,'1176364',1428,,1563,22,,,0
14009,'1176520',1528,,1565,22,,,0
14009,'1176678',1228,,1568,22,,,0
19001309,'1175728',828,,1978,26,,,0
19001309,'1175734',1458,,1979,26,,,0
19001309,'1175770',1958,,1980,26,,,0
19001309,'1175814',1828,,1981,26,0,8 21,0
19001309,'1175816',1758,,1982,26,,,0
19001309,'1175833',1658,,1983,26,,,0
19001309,'1175860',1328,,1984,26,,,0
19001309,'1175862',1058,,1985,26,,,0
19001309,'1175891',1128,,1986,26,,,0
19001309,'1175892',928,,1987,26,,,0
19001309,'1175994',858,,1989,26,,,0
19001309,'1176023',758,,1990,26,,,0
19001309,'1176034',1058,,1991,26,,,0
19001309,'1176044',1358,,1992,26,,,0
19001309,'1176064',1028,,1993,26,,,0
19001309,'1176125',1658,,1994,26,,,0
19001309,'1176139',1158,,1995,26,,,0
19001309,'1176167',2158,,1996,26,,,0
19001309,'1176182',1258,,1997,26,,,0
19001309,'1176185',728,,1998,26,,,0
19001309,'1176187',1258,,1999,26,,,0
19001309,'1176196',1158,,2000,26,,,0
19001309,'1176261',958,,2001,26,,,0
19001309,'1176277',2058,,2002,26,,,0
19001309,'1176318',1358,,2003,26,,,0
19001309,'1176331',1958,,2004,26,,,0
19001309,'1176338',1858,,2005,26,,,0
19001309,'1176348',1528,,2006,26,,,0
19001309,'1176367',1558,,2007,26,,,0
19001309,'1176387',2158,,2008,26,,,0
19001309,'1176389',758,,2009,26,,,0
19001309,'1176392',658,,2010,26,,,0
19001309,'1176394',1558,,2011,26,,,0
19001309,'1176446',1758,,2012,26,,,0
19001309,'1176462',2058,,2013,26,,,0
19001309,'1176473',1858,,2014,26,,,0
19001309,'1176527',958,,2015,26,,,0
19001309,'1176539',1628,,2016,26,,,0
19001309,'1176543',1428,,2017,26,,,0
19001309,'1176567',858,,2019,26,,,0
19001309,'1176597',1458,,2020,26,,,0
19001309,'1176614',1228,,2021,26,,,0
19001309,'1176638',1728,,2022,26,,,0
19001309,'1176660',658,,2023,26,,,0
