14001409,'1175733',1920,,1835,26,,,0
14001409,'1175775',1220,,1836,26,,,0
14001409,'1175776',2120,,1837,26,,,0
14001409,'1175786',2020,,1838,26,,,0
14001409,'1175790',1620,,1839,26,,,0
14001409,'1175803',1420,,1840,26,,,0
14001409,'1175809',950,,1841,26,,,0
14001409,'1175820',1520,,1842,26,,,0
14001409,'1175821',1220,,1843,26,,,0
14001409,'1175838',1150,,1844,26,,,0
14001409,'1175856',1120,,1845,26,,,0
14001409,'1175876',1620,,1846,26,,,0
14001409,'1175893',1920,,1847,26,,,0
14001409,'1175894',1750,,1848,26,,,0
14001409,'1175902',1650,,1849,26,,,0
14001409,'1175961',1320,,1850,26,,,0
14001409,'1175973',920,,1851,26,,,0
14001409,'1175975',1820,,1852,26,,,0
14001409,'1175999',850,,1854,26,,,0
14001409,'1176001',1050,,1855,26,,,0
14001409,'1176014',1120,,1856,26,,,0
14001409,'1176036',750,,1857,26,,,0
14001409,'1176047',1420,,1858,26,,,0
14001409,'1176050',2120,,1859,26,,,0
14001409,'1176071',1250,,1860,26,,,0
14001409,'1176160',1720,,1861,26,,,0
14001409,'1176250',820,,1862,26,,,0
14001409,'1176268',2220,,1863,26,,,0
14001409,'1176283',1350,,1864,26,,,0
14001409,'1176308',2220,,1866,26,,,0
14001409,'1176314',720,,1867,26,,,0
14001409,'1176393',1020,,1869,26,,,0
14001409,'1176423',820,,1870,26,,,0
14001409,'1176464',650,,1871,5,,,0
14001409,'1176476',1550,,1872,26,,,0
14001409,'1176485',1020,,1873,26,,,0
14001409,'1176522',920,,1874,26,,,0
14001409,'1176530',720,,1875,5,,,0
14001409,'1176556',1720,,1876,26,,,0
14001409,'1176558',1520,,1877,26,,,0
14001409,'1176598',2020,,1878,26,,,0
14001409,'1176631',1320,,1879,26,,,0
14001409,'1176643',1450,,1880,26,,,0
14001409,'1176681',1820,,1881,26,,,0
