12009,'1175745',1521,,1515,8,,,0
12009,'1175747',1421,,1516,8,,,0
12009,'1175827',1121,,1517,8,,,0
12009,'1175839',1721,,1518,8,,,0
12009,'1176031',1021,,1523,8,,,0
12009,'1176149',1221,,1525,8,,,0
12009,'1176417',1321,,1527,8,,,0
12009,'1176471',1621,,1529,8,,,0
12009,'1176692',921,,1532,8,,,0
19001709,'1175717',1446,,2072,8,,,0
19001709,'1175742',1046,,2073,8,,,0
19001709,'1175751',1046,,2074,8,,,0
19001709,'1175789',646,,2076,8,,,0
19001709,'1175830',1946,,2077,8,,,0
19001709,'1175877',1146,,2078,8,,,0
19001709,'1175947',1646,,2079,8,,,0
19001709,'1175951',716,,2080,8,,,0
19001709,'1175978',746,,2081,8,,,0
19001709,'1176042',1646,,2082,8,,,0
19001709,'1176052',2146,,2083,8,0,8 21,0
19001709,'1176058',1446,,2084,8,,,0
19001709,'1176065',1546,,2085,8,,,0
19001709,'1176099',1346,,2086,8,,,0
19001709,'1176119',1746,,2088,8,,,0
19001709,'1176120',1846,,2089,8,,,0
19001709,'1176124',2246,,2090,8,0,8 21,0
19001709,'1176130',1246,,2091,8,,,0
19001709,'1176156',1946,,2092,8,,,0
19001709,'1176161',1346,,2093,8,,,0
19001709,'1176166',916,,2094,8,,,0
19001709,'1176201',846,,2095,8,,,0
19001709,'1176252',816,,2097,8,,,0
19001709,'1176273',946,,2099,8,,,0
19001709,'1176303',1616,,2101,8,,,0
19001709,'1176312',1716,,2102,8,,,0
19001709,'1176349',1846,,2103,8,,,0
19001709,'1176415',746,,2105,8,,,0
19001709,'1176420',1146,,2106,8,,,0
19001709,'1176468',2146,,2107,8,0,8 21,0
19001709,'1176482',1246,,2108,8,,,0
19001709,'1176513',646,,2109,8,,,0
19001709,'1176554',1746,,2111,8,,,0
19001709,'1176592',616,,2112,8,,,0
19001709,'1176601',1546,,2113,8,,,0
19001709,'1176617',2046,,2114,8,,,0
19001709,'1176629',946,,2115,8,,,0
19001709,'1176637',846,,2116,8,,,0
19001709,'1176640',1816,,2117,8,0,8 21,0
19001709,'1176655',2046,,2118,8,,,0
19001709,'1176661',2246,,2119,8,0,8 21,0
