13009,'1176096',1132,,1537,15,,,0
13009,'1176190',1532,,1540,15,,,0
13009,'1176224',1032,,1542,15,,,0
13009,'1176248',1732,,1543,15,,,0
13009,'1176271',1632,,1544,15,,,0
13009,'1176360',932,,1545,15,,,0
13009,'1176371',1232,,1546,15,,,0
13009,'1176623',1332,,1549,15,,,0
13009,'1176644',1432,,1550,15,,,0
14001209,'1175718',1625,,1789,15,,,0
14001209,'1175861',1855,,1790,15,,,0
14001209,'1175900',1725,,1791,15,,,0
14001209,'1175913',2255,,1792,15,0,8 21,0
14001209,'1175915',2055,,1793,15,,,0
14001209,'1175917',1425,,1794,15,,,0
14001209,'1175919',1955,,1795,15,,,0
14001209,'1175938',755,,1796,15,,,0
14001209,'1175939',1755,,1797,15,,,0
14001209,'1175983',2155,,1798,15,,,0
14001209,'1176007',1255,,1799,15,,,0
14001209,'1176012',1055,,1800,15,,,0
14001209,'1176069',855,,1801,15,,,0
14001209,'1176070',1155,,1802,15,,,0
14001209,'1176091',955,,1803,15,,,0
14001209,'1176103',955,,1805,15,,,0
14001209,'1176117',1155,,1806,15,,,0
14001209,'1176122',2255,,1807,15,0,8 21,0
14001209,'1176163',1855,,1808,15,,,0
14001209,'1176213',1055,,1809,15,,,0
14001209,'1176217',1555,,1810,15,,,0
14001209,'1176245',1755,,1811,15,,,0
14001209,'1176255',855,,1812,15,,,0
14001209,'1176275',1655,,1813,15,,,0
14001209,'1176323',1125,,1814,15,,,0
14001209,'1176336',1825,,1815,15,0,8 21,0
14001209,'1176343',1355,,1816,15,,,0
14001209,'1176354',1455,,1817,15,,,0
14001209,'1176378',1255,,1818,15,,,0
14001209,'1176401',725,,1819,15,,,0
14001209,'1176411',2055,,1820,15,,,0
14001209,'1176440',1455,,1821,15,,,0
14001209,'1176458',655,,1822,15,,,0
14001209,'1176470',1555,,1823,15,,,0
14001209,'1176472',1025,,1824,15,,,0
14001209,'1176483',1325,,1825,15,,,0
14001209,'1176488',1655,,1826,15,,,0
14001209,'1176515',1955,,1827,15,,,0
14001209,'1176526',925,,1828,15,,,0
14001209,'1176532',1225,,1829,15,,,0
14001209,'1176546',2155,,1830,15,,,0
14001209,'1176594',825,,1831,15,,,0
14001209,'1176599',1525,,1832,15,,,0
14001209,'1176626',755,,1833,15,,,0
14001209,'1176676',1355,,1834,15,,,0
