11609,'1175716',1156,,1478,34,,,0
11609,'1175732',1556,,1479,34,,,0
11609,'1175756',1356,,1480,34,,,0
11609,'1175773',2056,,1481,34,,,0
11609,'1175832',1827,,1482,34,,,0
11609,'1175843',1456,,1483,34,,,0
11609,'1175850',2156,,1484,34,,,0
11609,'1175868',1256,,1485,34,,,0
11609,'1175918',1700,,1486,35,,,0
11609,'1175942',1756,,1487,34,,,0
11609,'1175949',1730,,1488,35,,,0
11609,'1175954',956,,1489,34,,,0
11609,'1175958',1556,,1490,34,,,0
11609,'1175970',1156,,1491,34,,,0
11609,'1176003',1956,,1492,34,,,0
11609,'1176080',1356,,1493,34,,,0
11609,'1176101',1856,,1494,34,,,0
11609,'1176137',1856,,1495,34,,,0
11609,'1176153',1656,,1496,34,,,0
11609,'1176239',1256,,1497,34,,,0
11609,'1176240',756,,1498,34,,,0
11609,'1176243',700,,1499,35,,,0
11609,'1176254',826,,1500,34,,,0
11609,'1176259',2056,,1501,34,,,0
11609,'1176276',856,,1502,34,,,0
11609,'1176432',730,,1503,35,,,0
11609,'1176433',1626,,1504,34,,,0
11609,'1176442',926,,1505,34,,,0
11609,'1176443',1056,,1506,34,,,0
11609,'1176475',756,,1507,34,,,0
11609,'1176603',1756,,1508,34,,,0
11609,'1176630',2156,,1509,34,,,0
11609,'1176639',1956,,1510,34,,,0
11609,'1176641',1056,,1511,34,,,0
11609,'1176646',956,,1512,34,,,0
11609,'1176652',856,,1513,34,,,0
11609,'1176685',1456,,1514,34,,,0
16009,'1175859',1245,,1588,33,0,16 17 11,0
16009,'1176087',1345,,1589,33,0,16 17 11,0
16009,'1176112',1445,,1590,33,0,16 17 11,0
16009,'1176128',1745,,1591,33,0,16 17 11,0
16009,'1176235',1045,,1593,33,0,16 17 11,0
16009,'1176236',1645,,1594,33,0,16 17 11,0
16009,'1176410',1545,,1599,33,0,16 17 11,0
16009,'1176572',945,,1602,33,0,16 17 11,0
16009,'1176585',1145,,1603,33,0,16 17 11,0
