12009,'1175745',1521,,1515,7,,,0
12009,'1175747',1421,,1516,7,,,0
12009,'1175827',1121,,1517,7,,,0
12009,'1175839',1721,,1518,7,,,0
12009,'1176031',1021,,1523,7,,,0
12009,'1176149',1221,,1525,7,,,0
12009,'1176417',1321,,1527,7,,,0
12009,'1176471',1621,,1529,7,,,0
12009,'1176692',921,,1532,7,,,0
19001709,'1175717',1445,,2072,7,,,0
19001709,'1175742',1045,,2073,7,,,0
19001709,'1175751',1045,,2074,7,,,0
19001709,'1175789',645,,2076,7,,,0
19001709,'1175830',1945,,2077,7,,,0
19001709,'1175877',1145,,2078,7,,,0
19001709,'1175947',1645,,2079,7,,,0
19001709,'1175951',715,,2080,7,,,0
19001709,'1175978',745,,2081,7,,,0
19001709,'1176042',1645,,2082,7,,,0
19001709,'1176052',2145,,2083,7,0,8 21,0
19001709,'1176058',1445,,2084,7,,,0
19001709,'1176065',1545,,2085,7,,,0
19001709,'1176099',1345,,2086,7,,,0
19001709,'1176119',1745,,2088,7,,,0
19001709,'1176120',1845,,2089,7,,,0
19001709,'1176124',2245,,2090,7,0,8 21,0
19001709,'1176130',1245,,2091,7,,,0
19001709,'1176156',1945,,2092,7,,,0
19001709,'1176161',1345,,2093,7,,,0
19001709,'1176166',915,,2094,7,,,0
19001709,'1176201',845,,2095,7,,,0
19001709,'1176252',815,,2097,7,,,0
19001709,'1176273',945,,2099,7,,,0
19001709,'1176303',1615,,2101,7,,,0
19001709,'1176312',1715,,2102,7,,,0
19001709,'1176349',1845,,2103,7,,,0
19001709,'1176415',745,,2105,7,,,0
19001709,'1176420',1145,,2106,7,,,0
19001709,'1176468',2145,,2107,7,0,8 21,0
19001709,'1176482',1245,,2108,7,,,0
19001709,'1176513',645,,2109,7,,,0
19001709,'1176554',1745,,2111,7,,,0
19001709,'1176592',615,,2112,7,,,0
19001709,'1176601',1545,,2113,7,,,0
19001709,'1176617',2045,,2114,7,,,0
19001709,'1176629',945,,2115,7,,,0
19001709,'1176637',845,,2116,7,,,0
19001709,'1176640',1815,,2117,7,0,8 21,0
19001709,'1176655',2045,,2118,7,,,0
19001709,'1176661',2245,,2119,7,0,8 21,0
