12009,'1142310',1332,,731,16,0,18 7,0
12009,'1142322',1632,,733,16,0,18 7,0
12009,'1142382',1732,,735,16,0,18 7,0
12009,'1142384',1532,,736,16,0,18 7,0
12009,'1142414',932,,737,16,0,18 7,0
12009,'1142500',1232,,738,16,0,18 7,0
12009,'1142738',1432,,744,16,0,18 7,0
12009,'1142794',1132,,745,16,0,18 7,0
12009,'1142813',1032,,746,16,0,18 7,0
19001309,'1142135',2051,,1110,16,,,0
19001309,'1142136',1421,,1111,16,,,0
19001309,'1142154',1951,,1112,16,,,0
19001309,'1142209',1751,,1113,16,,,0
19001309,'1142233',1151,,1114,16,,,0
19001309,'1142307',651,,1115,16,,,0
19001309,'1142324',1521,,1116,16,,,0
19001309,'1142327',721,,1117,16,,,0
19001309,'1142333',1351,,1118,16,,,0
19001309,'1142337',1321,,1119,16,,,0
19001309,'1142343',1251,,1120,16,,,0
19001309,'1142352',851,,1121,16,,,0
19001309,'1142380',2151,,1123,16,,,0
19001309,'1142387',1251,,1124,16,,,0
19001309,'1142413',751,,1125,16,,,0
19001309,'1142434',1051,,1126,16,,,0
19001309,'1142467',1621,,1127,16,,,0
19001309,'1142472',921,,1128,16,,,0
19001309,'1142498',1221,,1129,16,,,0
19001309,'1142507',1151,,1130,16,,,0
19001309,'1142516',851,,1131,16,,,0
19001309,'1142536',951,,1132,16,,,0
19001309,'1142566',821,,1133,16,,,0
19001309,'1142577',1051,,1134,16,,,0
19001309,'1142581',1551,,1135,16,,,0
19001309,'1142617',1351,,1136,16,,,0
19001309,'1142620',1651,,1137,16,,,0
19001309,'1142622',1751,,1138,16,,,0
19001309,'1142657',651,,1139,16,,,0
19001309,'1142741',951,,1141,16,,,0
19001309,'1142775',1851,,1142,16,,,0
19001309,'1142779',1651,,1143,16,,,0
19001309,'1142785',2151,,1144,16,,,0
19001309,'1142804',1851,,1145,16,,,0
19001309,'1142810',1451,,1146,16,,,0
19001309,'1142819',1451,,1147,16,,,0
19001309,'1142828',1721,,1148,16,,,0
19001309,'1142835',2051,,1149,16,,,0
19001309,'1142836',1551,,1150,16,,,0
19001309,'1142848',1021,,1151,16,,,0
19001309,'1142849',1821,,1152,16,0,8 9,0
19001309,'1142865',1121,,1153,16,,,0
19001309,'1142877',1951,,1154,16,,,0
19001309,'1142891',751,,1155,16,,,0
