12009,'1175885',1804,,1519,35,0,18 7,0
12009,'1175923',1551,,1520,35,0,18 7,0
12009,'1175952',1351,,1521,35,0,18 7,0
12009,'1175971',1051,,1522,35,0,18 7,0
12009,'1176115',1151,,1524,35,0,18 7,0
12009,'1176305',1651,,1526,35,0,18 7,0
12009,'1176431',1451,,1528,35,0,18 7,0
12009,'1176538',951,,1530,35,0,18 7,0
12009,'1176625',1251,,1531,35,0,18 7,0
14001609,'1175722',1125,,1882,36,,,0
14001609,'1175752',725,,1883,36,,,0
14001609,'1175760',2025,,1884,36,,,0
14001609,'1175908',855,,1888,36,,,0
14001609,'1175922',1225,,1889,36,,,0
14001609,'1175936',825,,1890,36,,,0
14001609,'1175986',1425,,1892,36,,,0
14001609,'1175988',1325,,1893,36,,,0
14001609,'1175989',1825,,1894,36,,,0
14001609,'1176015',925,,1896,36,,,0
14001609,'1176168',1325,,1898,36,,,0
14001609,'1176170',1555,,1899,36,,,0
14001609,'1176241',2125,,1900,36,,,0
14001609,'1176247',755,,1901,36,,,0
14001609,'1176270',2225,,1902,36,,,0
14001609,'1176280',1625,,1903,36,,,0
14001609,'1176296',1525,,1904,36,,,0
14001609,'1176309',2225,,1905,36,,,0
14001609,'1176320',1825,,1906,36,,,0
14001609,'1176381',1025,,1908,36,,,0
14001609,'1176402',2025,,1909,36,,,0
14001609,'1176421',825,,1910,36,,,0
14001609,'1176486',1755,,1911,36,,,0
14001609,'1176492',1125,,1912,36,,,0
14001609,'1176495',1925,,1913,36,,,0
14001609,'1176500',1625,,1914,36,,,0
14001609,'1176504',1725,,1915,36,,,0
14001609,'1176510',1525,,1916,36,,,0
14001609,'1176518',1655,,1917,36,,,0
14001609,'1176524',1025,,1918,36,,,0
14001609,'1176533',925,,1919,36,,,0
14001609,'1176577',2125,,1921,36,,,0
14001609,'1176602',1425,,1924,36,,,0
14001609,'1176621',1925,,1926,36,,,0
14001609,'1176627',1725,,1927,36,,,0
14001609,'1176666',725,,1928,16,,,0
14001609,'1176671',1225,,1929,36,,,0
