20009,'1175879',1442,,1605,11,0,10 11,0
20009,'1175940',1042,,1607,11,0,10 11,0
20009,'1176265',1542,,1612,11,0,10 11,0
20009,'1176319',1742,,1613,11,0,10 11,0
20009,'1176398',1342,,1615,11,0,10 11,0
20009,'1176408',942,,1616,11,0,10 11,0
20009,'1176425',1142,,1618,11,0,10 11,0
20009,'1176552',1242,,1622,11,0,10 11,0
20009,'1176647',1642,,1623,11,0,10 11,0
30009,'1175721',1606,,1661,1,,,0,98,,1661,24,4,,0
30009,'1175727',1306,,1662,1,,,0,98,,1662,24,4,,0
30009,'1175735',1406,,1664,1,,,0,98,,1664,24,4,,0
30009,'1175749',1736,,1665,1,,,0,98,,1665,24,4,,0
30009,'1175758',1506,,1666,1,,,0,98,,1666,24,4,,0
30009,'1175761',1636,,1667,1,,,0,98,,1667,24,4,,0
30009,'1175780',1806,,1669,1,,,0,98,,1669,24,4,,0
30009,'1175796',906,,1670,1,,,0,98,,1670,24,4,,0
30009,'1175817',1006,,1671,1,,,0,98,,1671,24,4,,0
30009,'1175867',1206,,1672,1,,,0,98,,1672,24,4,,0
30009,'1175878',806,,1673,1,,,0,98,,1673,24,4,,0
30009,'1175884',1836,,1674,1,0,8 21,0
30009,'1175911',1006,,1678,1,,,0,98,,1678,24,4,,0
30009,'1175934',2106,,1680,1,,,0,98,,1680,24,4,,0
30009,'1175959',706,,1682,1,,,0,98,,1682,24,4,,0
30009,'1175964',836,,1683,1,,,0,98,,1683,24,4,,0
30009,'1175972',1106,,1685,1,,,0,98,,1685,24,4,,0
30009,'1175993',936,,1686,1,,,0,98,,1686,24,4,,0
30009,'1176061',1106,,1693,1,,,0,98,,1693,24,4,,0
30009,'1176118',1806,,1697,1,,,0,98,,1697,24,4,,0
30009,'1176121',1606,,1698,1,,,0,98,,1698,24,4,,0
30009,'1176144',1506,,1699,1,,,0,98,,1699,24,4,,0
30009,'1176173',1036,,1702,1,0,8 21,0
30009,'1176232',1706,,1710,1,,,0,98,,1710,24,4,,0
30009,'1176233',1906,,1711,1,,,0,98,,1711,24,4,,0
30009,'1176257',2206,,1713,1,0,8 21,0
30009,'1176333',1206,,1718,1,,,0,98,,1718,24,4,,0
30009,'1176388',2006,,1720,1,,,0,98,,1720,24,4,,0
30009,'1176404',1906,,1722,1,,,0,98,,1722,24,4,,0
30009,'1176405',734,,1723,23,4,,0
30009,'1176427',2206,,1724,1,0,8 21,0
30009,'1176456',1706,,1728,1,,,0,98,,1728,24,4,,0
30009,'1176480',906,,1730,1,,,0,98,,1730,24,4,,0
30009,'1176489',804,,1731,23,4,,0
30009,'1176494',736,,1732,1,,,0,98,,1732,24,4,,0
30009,'1176499',1536,,1733,1,,,0,98,,1733,24,4,,0
30009,'1176503',1406,,1734,1,,,0,98,,1734,24,4,,0
30009,'1176511',2106,,1735,1,,,0,98,,1735,24,4,,0
30009,'1176516',1306,,1736,1,,,0,98,,1736,24,4,,0
30009,'1176633',806,,1741,1,,,0,98,,1741,24,4,,0
30009,'1176649',2006,,1742,1,,,0,98,,1742,24,4,,0
14001609,'1175722',1055,,1882,13,,,0
14001609,'1175752',655,,1883,13,,,0
14001609,'1175760',1955,,1884,13,,,0
14001609,'1175799',925,,1885,13,0,8 21,0
14001609,'1175804',1025,,1886,13,0,8 21,0
14001609,'1175908',825,,1888,13,,,0
14001609,'1175922',1155,,1889,13,,,0
14001609,'1175936',755,,1890,13,,,0
14001609,'1175982',1125,,1891,13,0,8 21,0
14001609,'1175986',1355,,1892,13,,,0
14001609,'1175988',1255,,1893,13,,,0
14001609,'1175989',1755,,1894,13,,,0
14001609,'1176010',1225,,1895,13,0,8 21,0
14001609,'1176015',855,,1896,13,,,0
14001609,'1176131',1325,,1897,13,0,8 21,0
14001609,'1176168',1255,,1898,13,,,0
14001609,'1176170',1525,,1899,13,,,0
14001609,'1176241',2055,,1900,13,,,0
14001609,'1176247',725,,1901,13,,,0
14001609,'1176270',2155,,1902,13,,,0
14001609,'1176280',1555,,1903,13,,,0
14001609,'1176296',1455,,1904,13,,,0
14001609,'1176309',2155,,1905,13,,,0
14001609,'1176320',1755,,1906,13,,,0
14001609,'1176374',1825,,1907,13,0,8 21,0
14001609,'1176381',955,,1908,13,,,0
14001609,'1176402',1955,,1909,13,,,0
14001609,'1176421',755,,1910,13,,,0
14001609,'1176486',1725,,1911,13,,,0
14001609,'1176492',1055,,1912,13,,,0
14001609,'1176495',1855,,1913,13,,,0
14001609,'1176500',1555,,1914,13,,,0
14001609,'1176504',1655,,1915,13,,,0
14001609,'1176510',1455,,1916,13,,,0
14001609,'1176518',1625,,1917,13,,,0
14001609,'1176524',955,,1918,13,,,0
14001609,'1176533',855,,1919,13,,,0
14001609,'1176577',2055,,1921,13,,,0
14001609,'1176593',1425,,1923,13,0,8 21,0
14001609,'1176602',1355,,1924,13,,,0
14001609,'1176621',1855,,1926,13,,,0
14001609,'1176627',1655,,1927,13,,,0
14001609,'1176671',1155,,1929,13,,,0
