11009,'1142335',1535,,679,4,,,0
11009,'1142379',1035,,680,4,,,0
11009,'1142419',1435,,681,4,,,0
11009,'1142541',935,,682,4,,,0
11009,'1142671',1335,,686,4,,,0
11009,'1142693',1735,,687,4,,,0
11009,'1142705',1135,,688,4,,,0
11009,'1142723',1235,,689,4,,,0
11009,'1142862',1635,,691,4,,,0
14001009,'1142143',1345,,875,6,,,0
14001009,'1142178',645,,876,6,,,0
14001009,'1142189',845,,877,6,,,0
14001009,'1142190',715,,878,6,,,0
14001009,'1142194',1445,,879,6,,,0
14001009,'1142216',945,,880,6,,,0
14001009,'1142231',815,,881,6,,,0
14001009,'1142237',1345,,882,6,,,0
14001009,'1142279',1645,,883,6,,,0
14001009,'1142282',1245,,884,6,,,0
14001009,'1142286',845,,885,6,,,0
14001009,'1142290',1945,,886,6,,,0
14001009,'1142306',1015,,887,6,0,8 9,0
14001009,'1142344',2045,,888,6,,,0
14001009,'1142360',1145,,889,6,,,0
14001009,'1142369',2245,,890,6,0,8 9,0
14001009,'1142375',1045,,891,6,,,0
14001009,'1142407',1515,,892,6,0,8 9,0
14001009,'1142438',915,,893,6,0,8 9,0
14001009,'1142459',945,,894,6,,,0
14001009,'1142460',1115,,895,6,0,8 9,0
14001009,'1142462',1545,,896,6,,,0
14001009,'1142479',1845,,897,6,,,0
14001009,'1142483',1445,,898,6,,,0
14001009,'1142505',2245,,899,6,0,8 9,0
14001009,'1142508',1845,,900,6,,,0
14001009,'1142510',1545,,901,6,,,0
14001009,'1142517',1215,,902,6,0,8 9,0
14001009,'1142538',1045,,903,6,,,0
14001009,'1142556',1415,,904,6,0,8 9,0
14001009,'1142580',1745,,905,6,,,0
14001009,'1142619',2045,,906,6,,,0
14001009,'1142627',1815,,907,6,0,8 9,0
14001009,'1142660',1615,,908,6,,,0
14001009,'1142682',745,,909,6,,,0
14001009,'1142715',1945,,910,6,,,0
14001009,'1142781',2145,,912,6,,,0
14001009,'1142787',1745,,913,6,,,0
14001009,'1142798',1315,,914,6,0,8 9,0
14001009,'1142811',1145,,915,6,,,0
14001009,'1142812',1715,,916,6,,,0
14001009,'1142840',745,,917,6,,,0
14001009,'1142842',2145,,918,6,,,0
14001009,'1142843',1245,,919,6,,,0
14001009,'1142861',1645,,920,6,,,0
