12009,'1175745',1525,,1515,13,,,0
12009,'1175747',1425,,1516,13,,,0
12009,'1175827',1125,,1517,13,,,0
12009,'1175839',1725,,1518,13,,,0
12009,'1176031',1025,,1523,13,,,0
12009,'1176149',1225,,1525,13,,,0
12009,'1176417',1325,,1527,13,,,0
12009,'1176471',1625,,1529,13,,,0
12009,'1176692',925,,1532,13,,,0
19001709,'1175717',1449,,2072,13,,,0
19001709,'1175742',1049,,2073,13,,,0
19001709,'1175751',1049,,2074,13,,,0
19001709,'1175789',649,,2076,13,,,0
19001709,'1175830',1949,,2077,13,,,0
19001709,'1175877',1149,,2078,13,,,0
19001709,'1175947',1649,,2079,13,,,0
19001709,'1175951',719,,2080,13,,,0
19001709,'1175978',749,,2081,13,,,0
19001709,'1176042',1649,,2082,13,,,0
19001709,'1176052',2149,,2083,13,0,8 21,0
19001709,'1176058',1449,,2084,13,,,0
19001709,'1176065',1549,,2085,13,,,0
19001709,'1176099',1349,,2086,13,,,0
19001709,'1176119',1749,,2088,13,,,0
19001709,'1176120',1849,,2089,13,,,0
19001709,'1176124',2249,,2090,13,0,8 21,0
19001709,'1176130',1249,,2091,13,,,0
19001709,'1176156',1949,,2092,13,,,0
19001709,'1176161',1349,,2093,13,,,0
19001709,'1176166',919,,2094,13,,,0
19001709,'1176201',849,,2095,13,,,0
19001709,'1176252',819,,2097,13,,,0
19001709,'1176273',949,,2099,13,,,0
19001709,'1176303',1619,,2101,13,,,0
19001709,'1176312',1719,,2102,13,,,0
19001709,'1176349',1849,,2103,13,,,0
19001709,'1176415',749,,2105,13,,,0
19001709,'1176420',1149,,2106,13,,,0
19001709,'1176468',2149,,2107,13,0,8 21,0
19001709,'1176482',1249,,2108,13,,,0
19001709,'1176513',649,,2109,13,,,0
19001709,'1176554',1749,,2111,13,,,0
19001709,'1176592',619,,2112,13,,,0
19001709,'1176601',1549,,2113,13,,,0
19001709,'1176617',2049,,2114,13,,,0
19001709,'1176629',949,,2115,13,,,0
19001709,'1176637',849,,2116,13,,,0
19001709,'1176640',1819,,2117,13,0,8 21,0
19001709,'1176655',2049,,2118,13,,,0
19001709,'1176661',2249,,2119,13,0,8 21,0
