11609,'1175716',1150,,1478,24,,,0
11609,'1175732',1550,,1479,24,,,0
11609,'1175756',1350,,1480,24,,,0
11609,'1175773',2050,,1481,24,,,0
11609,'1175832',1820,,1482,24,,,0
11609,'1175843',1450,,1483,24,,,0
11609,'1175850',2150,,1484,24,,,0
11609,'1175868',1250,,1485,24,,,0
11609,'1175918',1654,,1486,25,,,0
11609,'1175942',1750,,1487,24,,,0
11609,'1175949',1724,,1488,25,,,0
11609,'1175954',950,,1489,24,,,0
11609,'1175958',1550,,1490,24,,,0
11609,'1175970',1150,,1491,24,,,0
11609,'1176003',1950,,1492,24,,,0
11609,'1176080',1350,,1493,24,,,0
11609,'1176101',1850,,1494,24,,,0
11609,'1176137',1850,,1495,24,,,0
11609,'1176153',1650,,1496,24,,,0
11609,'1176239',1250,,1497,24,,,0
11609,'1176240',750,,1498,24,,,0
11609,'1176243',654,,1499,25,,,0
11609,'1176254',820,,1500,24,,,0
11609,'1176259',2050,,1501,24,,,0
11609,'1176276',850,,1502,24,,,0
11609,'1176432',724,,1503,25,,,0
11609,'1176433',1620,,1504,24,,,0
11609,'1176442',920,,1505,24,,,0
11609,'1176443',1050,,1506,24,,,0
11609,'1176475',750,,1507,24,,,0
11609,'1176603',1750,,1508,24,,,0
11609,'1176630',2150,,1509,24,,,0
11609,'1176639',1950,,1510,24,,,0
11609,'1176641',1050,,1511,24,,,0
11609,'1176646',950,,1512,24,,,0
11609,'1176652',850,,1513,24,,,0
11609,'1176685',1450,,1514,24,,,0
16009,'1175859',1241,,1588,23,0,16 17 11,0
16009,'1176087',1341,,1589,23,0,16 17 11,0
16009,'1176112',1441,,1590,23,0,16 17 11,0
16009,'1176128',1741,,1591,23,0,16 17 11,0
16009,'1176235',1041,,1593,23,0,16 17 11,0
16009,'1176236',1641,,1594,23,0,16 17 11,0
16009,'1176410',1541,,1599,23,0,16 17 11,0
16009,'1176572',941,,1602,23,0,16 17 11,0
16009,'1176585',1141,,1603,23,0,16 17 11,0
