19001109,'1175757',2159,,1930,20,,,0
19001109,'1175788',1759,,1931,20,,,0
19001109,'1175797',1400,,1932,20,,,0
19001109,'1175800',959,,1933,20,,,0
19001109,'1175846',1859,,1935,20,,,0
19001109,'1175866',1729,,1937,20,,,0
19001109,'1175873',1829,,1938,20,0,8 21,0
19001109,'1175889',1300,,1939,20,,,0
19001109,'1175976',2254,,1941,20,0,12,0
19001109,'1175990',1200,,1942,20,,,0
19001109,'1176026',1300,,1944,20,,,0
19001109,'1176086',959,,1946,20,,,0
19001109,'1176114',859,,1947,20,,,0
19001109,'1176152',729,,1948,20,,,0
19001109,'1176229',2159,,1949,20,,,0
19001109,'1176246',759,,1950,20,,,0
19001109,'1176315',659,,1951,20,,,0
19001109,'1176316',1200,,1952,20,,,0
19001109,'1176317',1659,,1953,20,,,0
19001109,'1176322',929,,1954,20,,,0
19001109,'1176337',1959,,1955,20,,,0
19001109,'1176344',1600,,1956,20,,,0
19001109,'1176353',1600,,1957,20,,,0
19001109,'1176386',659,,1958,20,,,0
19001109,'1176444',1859,,1961,20,,,0
19001109,'1176445',2059,,1962,20,,,0
19001109,'1176478',1759,,1963,20,,,0
19001109,'1176509',2254,,1964,20,0,12,0
19001109,'1176517',1500,,1965,20,,,0
19001109,'1176557',859,,1966,20,,,0
19001109,'1176559',1959,,1967,20,,,0
19001109,'1176563',829,,1968,20,,,0
19001109,'1176570',1500,,1969,20,,,0
19001109,'1176595',1659,,1972,20,,,0
19001109,'1176605',1100,,1973,20,,,0
19001109,'1176616',1100,,1974,20,,,0
19001109,'1176620',759,,1975,20,,,0
19001109,'1176668',2059,,1976,20,,,0
19001109,'1176674',1400,,1977,20,,,0
