12009,'1175745',1528,,1515,22,,,0
12009,'1175747',1428,,1516,22,,,0
12009,'1175827',1128,,1517,22,,,0
12009,'1175839',1728,,1518,22,,,0
12009,'1176031',1028,,1523,22,,,0
12009,'1176149',1228,,1525,22,,,0
12009,'1176417',1328,,1527,22,,,0
12009,'1176471',1628,,1529,22,,,0
12009,'1176692',928,,1532,22,,,0
19001709,'1175717',1455,,2072,23,,,0
19001709,'1175742',1055,,2073,23,,,0
19001709,'1175751',1055,,2074,23,,,0
19001709,'1175789',655,,2076,23,,,0
19001709,'1175830',1955,,2077,23,,,0
19001709,'1175877',1155,,2078,23,,,0
19001709,'1175947',1655,,2079,23,,,0
19001709,'1175951',725,,2080,23,,,0
19001709,'1175978',755,,2081,23,,,0
19001709,'1176042',1655,,2082,23,,,0
19001709,'1176052',2155,,2083,23,0,8 21,0
19001709,'1176058',1455,,2084,23,,,0
19001709,'1176065',1555,,2085,23,,,0
19001709,'1176099',1355,,2086,23,,,0
19001709,'1176119',1755,,2088,23,,,0
19001709,'1176120',1855,,2089,23,,,0
19001709,'1176124',2255,,2090,23,0,8 21,0
19001709,'1176130',1255,,2091,23,,,0
19001709,'1176156',1955,,2092,23,,,0
19001709,'1176161',1355,,2093,23,,,0
19001709,'1176166',925,,2094,23,,,0
19001709,'1176201',855,,2095,23,,,0
19001709,'1176252',825,,2097,23,,,0
19001709,'1176273',955,,2099,23,,,0
19001709,'1176303',1625,,2101,23,,,0
19001709,'1176312',1725,,2102,23,,,0
19001709,'1176349',1855,,2103,23,,,0
19001709,'1176415',755,,2105,23,,,0
19001709,'1176420',1155,,2106,23,,,0
19001709,'1176468',2155,,2107,23,0,8 21,0
19001709,'1176482',1255,,2108,23,,,0
19001709,'1176513',655,,2109,23,,,0
19001709,'1176554',1755,,2111,23,,,0
19001709,'1176592',625,,2112,23,,,0
19001709,'1176601',1555,,2113,23,,,0
19001709,'1176617',2055,,2114,23,,,0
19001709,'1176629',955,,2115,23,,,0
19001709,'1176637',855,,2116,23,,,0
19001709,'1176640',1825,,2117,23,0,8 21,0
19001709,'1176655',2055,,2118,23,,,0
19001709,'1176661',2255,,2119,23,0,8 21,0
