14009,'1175812',1727,,1554,18,,,0
14009,'1175822',1027,,1555,18,,,0
14009,'1175823',1627,,1556,18,,,0
14009,'1175927',1327,,1558,18,,,0
14009,'1176135',927,,1559,18,,,0
14009,'1176326',1127,,1562,18,,,0
14009,'1176364',1427,,1563,18,,,0
14009,'1176520',1527,,1565,18,,,0
14009,'1176678',1227,,1568,18,,,0
19001309,'1175728',826,,1978,22,,,0
19001309,'1175734',1456,,1979,22,,,0
19001309,'1175770',1956,,1980,22,,,0
19001309,'1175814',1826,,1981,22,0,8 21,0
19001309,'1175816',1756,,1982,22,,,0
19001309,'1175833',1656,,1983,22,,,0
19001309,'1175860',1326,,1984,22,,,0
19001309,'1175862',1056,,1985,22,,,0
19001309,'1175891',1126,,1986,22,,,0
19001309,'1175892',926,,1987,22,,,0
19001309,'1175994',856,,1989,22,,,0
19001309,'1176023',756,,1990,22,,,0
19001309,'1176034',1056,,1991,22,,,0
19001309,'1176044',1356,,1992,22,,,0
19001309,'1176064',1026,,1993,22,,,0
19001309,'1176125',1656,,1994,22,,,0
19001309,'1176139',1156,,1995,22,,,0
19001309,'1176167',2156,,1996,22,,,0
19001309,'1176182',1256,,1997,22,,,0
19001309,'1176185',726,,1998,22,,,0
19001309,'1176187',1256,,1999,22,,,0
19001309,'1176196',1156,,2000,22,,,0
19001309,'1176261',956,,2001,22,,,0
19001309,'1176277',2056,,2002,22,,,0
19001309,'1176318',1356,,2003,22,,,0
19001309,'1176331',1956,,2004,22,,,0
19001309,'1176338',1856,,2005,22,,,0
19001309,'1176348',1526,,2006,22,,,0
19001309,'1176367',1556,,2007,22,,,0
19001309,'1176387',2156,,2008,22,,,0
19001309,'1176389',756,,2009,22,,,0
19001309,'1176392',656,,2010,22,,,0
19001309,'1176394',1556,,2011,22,,,0
19001309,'1176446',1756,,2012,22,,,0
19001309,'1176462',2056,,2013,22,,,0
19001309,'1176473',1856,,2014,22,,,0
19001309,'1176527',956,,2015,22,,,0
19001309,'1176539',1626,,2016,22,,,0
19001309,'1176543',1426,,2017,22,,,0
19001309,'1176567',856,,2019,22,,,0
19001309,'1176597',1456,,2020,22,,,0
19001309,'1176614',1226,,2021,22,,,0
19001309,'1176638',1726,,2022,22,,,0
19001309,'1176660',656,,2023,22,,,0
