13009,'1176096',1122,,1537,2,,,0
13009,'1176190',1522,,1540,2,,,0
13009,'1176224',1022,,1542,2,,,0
13009,'1176248',1722,,1543,2,,,0
13009,'1176271',1622,,1544,2,,,0
13009,'1176360',922,,1545,2,,,0
13009,'1176371',1222,,1546,2,,,0
13009,'1176623',1322,,1549,2,,,0
13009,'1176644',1422,,1550,2,,,0
30009,'1175731',1649,,1663,5,,,0
30009,'1175895',1749,,1675,5,,,0
30009,'1175903',1449,,1676,5,,,0
30009,'1175906',1349,,1677,5,,,0
30009,'1175920',849,,1679,5,,,0
30009,'1175956',1149,,1681,5,,,0
30009,'1175968',949,,1684,5,,,0
30009,'1176011',1449,,1687,5,,,0
30009,'1176018',919,,1688,5,,,0
30009,'1176021',1249,,1689,5,,,0
30009,'1176022',719,,1690,5,,,0
30009,'1176029',949,,1691,5,,,0
30009,'1176062',1049,,1694,5,,,0
30009,'1176077',1049,,1695,5,,,0
30009,'1176102',1149,,1696,5,,,0
30009,'1176164',1949,,1700,5,,,0
30009,'1176165',2049,,1701,5,,,0
30009,'1176189',1749,,1704,5,,,0
30009,'1176197',819,,1705,5,,,0
30009,'1176210',2149,,1706,5,0,8 21,0
30009,'1176212',1349,,1707,5,,,0
30009,'1176214',1649,,1708,5,,,0
30009,'1176220',1019,,1709,5,0,8 21,0
30009,'1176253',1549,,1712,5,,,0
30009,'1176298',1549,,1714,5,,,0
30009,'1176304',1249,,1715,5,,,0
30009,'1176325',1619,,1716,5,,,0
30009,'1176329',1819,,1717,5,0,8 21,0
30009,'1176363',849,,1719,5,,,0
30009,'1176397',2149,,1721,5,0,8 21,0
30009,'1176439',2049,,1725,5,,,0
30009,'1176451',749,,1726,5,,,0
30009,'1176455',749,,1727,5,,,0
30009,'1176560',1849,,1737,5,,,0
30009,'1176569',1719,,1738,5,,,0
30009,'1176582',1949,,1739,5,,,0
30009,'1176588',1849,,1740,5,,,0
14001209,'1175718',1615,,1789,2,,,0
14001209,'1175861',1845,,1790,2,,,0
14001209,'1175900',1715,,1791,2,,,0
14001209,'1175913',2245,,1792,2,0,8 21,0
14001209,'1175915',2045,,1793,2,,,0
14001209,'1175917',1415,,1794,2,,,0
14001209,'1175919',1945,,1795,2,,,0
14001209,'1175938',745,,1796,2,,,0
14001209,'1175939',1745,,1797,2,,,0
14001209,'1175983',2145,,1798,2,,,0
14001209,'1176007',1245,,1799,2,,,0
14001209,'1176012',1045,,1800,2,,,0
14001209,'1176069',845,,1801,2,,,0
14001209,'1176070',1145,,1802,2,,,0
14001209,'1176091',945,,1803,2,,,0
14001209,'1176103',945,,1805,2,,,0
14001209,'1176117',1145,,1806,2,,,0
14001209,'1176122',2245,,1807,2,0,8 21,0
14001209,'1176163',1845,,1808,2,,,0
14001209,'1176213',1045,,1809,2,,,0
14001209,'1176217',1545,,1810,2,,,0
14001209,'1176245',1745,,1811,2,,,0
14001209,'1176255',845,,1812,2,,,0
14001209,'1176275',1645,,1813,2,,,0
14001209,'1176323',1115,,1814,2,,,0
14001209,'1176336',1815,,1815,2,0,8 21,0
14001209,'1176343',1345,,1816,2,,,0
14001209,'1176354',1445,,1817,2,,,0
14001209,'1176378',1245,,1818,2,,,0
14001209,'1176401',715,,1819,2,,,0
14001209,'1176411',2045,,1820,2,,,0
14001209,'1176440',1445,,1821,2,,,0
14001209,'1176458',645,,1822,2,,,0
14001209,'1176470',1545,,1823,2,,,0
14001209,'1176472',1015,,1824,2,,,0
14001209,'1176483',1315,,1825,2,,,0
14001209,'1176488',1645,,1826,2,,,0
14001209,'1176515',1945,,1827,2,,,0
14001209,'1176526',915,,1828,2,,,0
14001209,'1176532',1215,,1829,2,,,0
14001209,'1176546',2145,,1830,2,,,0
14001209,'1176594',815,,1831,2,,,0
14001209,'1176599',1515,,1832,2,,,0
14001209,'1176626',745,,1833,2,,,0
14001209,'1176676',1345,,1834,2,,,0
