12009,'1142213',1606,,729,47,4,,0
12009,'1142229',1206,,730,47,4,,0
12009,'1142310',1320,,731,1,0,18 7,0
12009,'1142312',1506,,732,47,4,,0
12009,'1142322',1620,,733,1,0,18 7,0
12009,'1142331',1819,,734,47,4,,0
12009,'1142382',1720,,735,1,0,18 7,0
12009,'1142384',1520,,736,1,0,18 7,0
12009,'1142414',920,,737,1,0,18 7,0
12009,'1142500',1220,,738,1,0,18 7,0
12009,'1142543',1406,,739,47,4,,0
12009,'1142637',1006,,740,47,4,,0
12009,'1142666',1106,,741,47,4,,0
12009,'1142669',1306,,742,47,4,,0
12009,'1142712',1706,,743,47,4,,0
12009,'1142738',1420,,744,1,0,18 7,0
12009,'1142794',1120,,745,1,0,18 7,0
12009,'1142813',1020,,746,1,0,18 7,0
14001209,'1142139',1406,,921,53,4,,0
14001209,'1142151',1236,,922,53,4,,0
14001209,'1142158',1606,,923,53,4,,0
14001209,'1142168',1506,,924,53,4,,0
14001209,'1142228',1436,,925,53,4,,0
14001209,'1142235',1136,,926,53,4,,0
14001209,'1142256',1306,,927,53,4,,0
14001209,'1142291',1736,,928,53,4,,0
14001209,'1142293',1706,,929,53,4,,0
14001209,'1142309',1106,,930,53,4,,0
14001209,'1142370',836,,931,53,4,,0
14001209,'1142423',1206,,933,53,4,,0
14001209,'1142439',836,,934,53,4,,0
14001209,'1142486',906,,935,53,4,,0
14001209,'1142509',1536,,936,53,4,,0
14001209,'1142542',1936,,937,53,4,,0
14001209,'1142545',1136,,938,53,4,,0
14001209,'1142567',1036,,939,53,4,,0
14001209,'1142571',1736,,940,53,4,,0
14001209,'1142573',1336,,941,53,4,,0
14001209,'1142591',1836,,942,53,4,,0
14001209,'1142598',936,,943,53,4,,0
14001209,'1142600',806,,944,53,4,,0
14001209,'1142650',2236,,945,53,4,,0
14001209,'1142691',1836,,947,53,4,,0
14001209,'1142694',1336,,948,53,4,,0
14001209,'1142710',2236,,949,53,4,,0
14001209,'1142733',736,,950,31,4,,0
14001209,'1142742',736,,951,53,4,,0
14001209,'1142760',1006,,952,53,4,,0
14001209,'1142766',1236,,953,53,4,,0
14001209,'1142771',1806,,954,53,4,,0
14001209,'1142778',1636,,955,53,4,,0
14001209,'1142786',2136,,956,53,4,,0
14001209,'1142797',2036,,957,53,4,,0
14001209,'1142806',1436,,958,53,4,,0
14001209,'1142817',1636,,960,53,4,,0
14001209,'1142820',1936,,961,53,4,,0
14001209,'1142837',936,,962,53,4,,0
14001209,'1142854',1036,,963,53,4,,0
14001209,'1142855',2136,,964,53,4,,0
14001209,'1142858',1536,,965,53,4,,0
14001209,'1142869',2036,,966,53,4,,0
19001309,'1142135',2041,,1110,1,,,0
19001309,'1142136',1411,,1111,1,,,0
19001309,'1142154',1941,,1112,1,,,0
19001309,'1142209',1741,,1113,1,,,0
19001309,'1142233',1141,,1114,1,,,0
19001309,'1142307',641,,1115,1,,,0
19001309,'1142324',1511,,1116,1,,,0
19001309,'1142327',711,,1117,1,,,0
19001309,'1142333',1341,,1118,1,,,0
19001309,'1142337',1311,,1119,1,,,0
19001309,'1142343',1241,,1120,1,,,0
19001309,'1142352',841,,1121,1,,,0
19001309,'1142380',2141,,1123,1,,,0
19001309,'1142387',1241,,1124,1,,,0
19001309,'1142413',741,,1125,1,,,0
19001309,'1142434',1041,,1126,1,,,0
19001309,'1142467',1611,,1127,1,,,0
19001309,'1142472',911,,1128,1,,,0
19001309,'1142498',1211,,1129,1,,,0
19001309,'1142507',1141,,1130,1,,,0
19001309,'1142516',841,,1131,1,,,0
19001309,'1142536',941,,1132,1,,,0
19001309,'1142566',811,,1133,1,,,0
19001309,'1142577',1041,,1134,1,,,0
19001309,'1142581',1541,,1135,1,,,0
19001309,'1142617',1341,,1136,1,,,0
19001309,'1142620',1641,,1137,1,,,0
19001309,'1142622',1741,,1138,1,,,0
19001309,'1142657',641,,1139,1,,,0
19001309,'1142741',941,,1141,1,,,0
19001309,'1142775',1841,,1142,1,,,0
19001309,'1142779',1641,,1143,1,,,0
19001309,'1142785',2141,,1144,1,,,0
19001309,'1142804',1841,,1145,1,,,0
19001309,'1142810',1441,,1146,1,,,0
19001309,'1142819',1441,,1147,1,,,0
19001309,'1142828',1711,,1148,1,,,0
19001309,'1142835',2041,,1149,1,,,0
19001309,'1142836',1541,,1150,1,,,0
19001309,'1142848',1011,,1151,1,,,0
19001309,'1142849',1811,,1152,1,0,8 9,0
19001309,'1142865',1111,,1153,1,,,0
19001309,'1142877',1941,,1154,1,,,0
19001309,'1142891',741,,1155,1,,,0
