12009,'1142310',1323,,731,8,0,18 7,0
12009,'1142322',1623,,733,8,0,18 7,0
12009,'1142382',1723,,735,8,0,18 7,0
12009,'1142384',1523,,736,8,0,18 7,0
12009,'1142414',923,,737,8,0,18 7,0
12009,'1142500',1223,,738,8,0,18 7,0
12009,'1142738',1423,,744,8,0,18 7,0
12009,'1142794',1123,,745,8,0,18 7,0
12009,'1142813',1023,,746,8,0,18 7,0
19001309,'1142135',2044,,1110,8,,,0
19001309,'1142136',1414,,1111,8,,,0
19001309,'1142154',1944,,1112,8,,,0
19001309,'1142209',1744,,1113,8,,,0
19001309,'1142233',1144,,1114,8,,,0
19001309,'1142307',644,,1115,8,,,0
19001309,'1142324',1514,,1116,8,,,0
19001309,'1142327',714,,1117,8,,,0
19001309,'1142333',1344,,1118,8,,,0
19001309,'1142337',1314,,1119,8,,,0
19001309,'1142343',1244,,1120,8,,,0
19001309,'1142352',844,,1121,8,,,0
19001309,'1142380',2144,,1123,8,,,0
19001309,'1142387',1244,,1124,8,,,0
19001309,'1142413',744,,1125,8,,,0
19001309,'1142434',1044,,1126,8,,,0
19001309,'1142467',1614,,1127,8,,,0
19001309,'1142472',914,,1128,8,,,0
19001309,'1142498',1214,,1129,8,,,0
19001309,'1142507',1144,,1130,8,,,0
19001309,'1142516',844,,1131,8,,,0
19001309,'1142536',944,,1132,8,,,0
19001309,'1142566',814,,1133,8,,,0
19001309,'1142577',1044,,1134,8,,,0
19001309,'1142581',1544,,1135,8,,,0
19001309,'1142617',1344,,1136,8,,,0
19001309,'1142620',1644,,1137,8,,,0
19001309,'1142622',1744,,1138,8,,,0
19001309,'1142657',644,,1139,8,,,0
19001309,'1142741',944,,1141,8,,,0
19001309,'1142775',1844,,1142,8,,,0
19001309,'1142779',1644,,1143,8,,,0
19001309,'1142785',2144,,1144,8,,,0
19001309,'1142804',1844,,1145,8,,,0
19001309,'1142810',1444,,1146,8,,,0
19001309,'1142819',1444,,1147,8,,,0
19001309,'1142828',1714,,1148,8,,,0
19001309,'1142835',2044,,1149,8,,,0
19001309,'1142836',1544,,1150,8,,,0
19001309,'1142848',1014,,1151,8,,,0
19001309,'1142849',1814,,1152,8,0,8 9,0
19001309,'1142865',1114,,1153,8,,,0
19001309,'1142877',1944,,1154,8,,,0
19001309,'1142891',744,,1155,8,,,0
