12009,'1175745',1527,,1515,16,,,0
12009,'1175747',1427,,1516,16,,,0
12009,'1175827',1127,,1517,16,,,0
12009,'1175839',1727,,1518,16,,,0
12009,'1176031',1027,,1523,16,,,0
12009,'1176149',1227,,1525,16,,,0
12009,'1176417',1327,,1527,16,,,0
12009,'1176471',1627,,1529,16,,,0
12009,'1176692',927,,1532,16,,,0
19001709,'1175717',1452,,2072,16,,,0
19001709,'1175742',1052,,2073,16,,,0
19001709,'1175751',1052,,2074,16,,,0
19001709,'1175789',652,,2076,16,,,0
19001709,'1175830',1952,,2077,16,,,0
19001709,'1175877',1152,,2078,16,,,0
19001709,'1175947',1652,,2079,16,,,0
19001709,'1175951',722,,2080,16,,,0
19001709,'1175978',752,,2081,16,,,0
19001709,'1176042',1652,,2082,16,,,0
19001709,'1176052',2152,,2083,16,0,8 21,0
19001709,'1176058',1452,,2084,16,,,0
19001709,'1176065',1552,,2085,16,,,0
19001709,'1176099',1352,,2086,16,,,0
19001709,'1176119',1752,,2088,16,,,0
19001709,'1176120',1852,,2089,16,,,0
19001709,'1176124',2252,,2090,16,0,8 21,0
19001709,'1176130',1252,,2091,16,,,0
19001709,'1176156',1952,,2092,16,,,0
19001709,'1176161',1352,,2093,16,,,0
19001709,'1176166',922,,2094,16,,,0
19001709,'1176201',852,,2095,16,,,0
19001709,'1176252',822,,2097,16,,,0
19001709,'1176273',952,,2099,16,,,0
19001709,'1176303',1622,,2101,16,,,0
19001709,'1176312',1722,,2102,16,,,0
19001709,'1176349',1852,,2103,16,,,0
19001709,'1176415',752,,2105,16,,,0
19001709,'1176420',1152,,2106,16,,,0
19001709,'1176468',2152,,2107,16,0,8 21,0
19001709,'1176482',1252,,2108,16,,,0
19001709,'1176513',652,,2109,16,,,0
19001709,'1176554',1752,,2111,16,,,0
19001709,'1176592',622,,2112,16,,,0
19001709,'1176601',1552,,2113,16,,,0
19001709,'1176617',2052,,2114,16,,,0
19001709,'1176629',952,,2115,16,,,0
19001709,'1176637',852,,2116,16,,,0
19001709,'1176640',1822,,2117,16,0,8 21,0
19001709,'1176655',2052,,2118,16,,,0
19001709,'1176661',2252,,2119,16,0,8 21,0
