15009,'1175719',1726,,1569,30,0,20 15,0
15009,'1175730',1526,,1570,30,0,20 15,0
15009,'1175737',1326,,1571,30,0,20 15,0
15009,'1175828',1426,,1572,30,0,20 15,0
15009,'1175835',1026,,1573,30,0,20 15,0
15009,'1176048',1226,,1578,30,0,20 15,0
15009,'1176230',1626,,1580,30,0,20 15,0
15009,'1176301',926,,1582,30,0,20 15,0
15009,'1176568',1126,,1584,30,0,20 15,0
30009,'1175721',1634,,1661,13,,,0
30009,'1175727',1334,,1662,13,,,0
30009,'1175735',1434,,1664,13,,,0
30009,'1175749',1804,,1665,13,,,0
30009,'1175758',1534,,1666,13,,,0
30009,'1175761',1704,,1667,13,,,0
30009,'1175780',1834,,1669,13,,,0
30009,'1175796',934,,1670,13,,,0
30009,'1175817',1034,,1671,13,,,0
30009,'1175867',1234,,1672,13,,,0
30009,'1175878',834,,1673,13,,,0
30009,'1175911',1034,,1678,13,,,0
30009,'1175934',2134,,1680,13,,,0
30009,'1175959',734,,1682,13,,,0
30009,'1175964',904,,1683,13,,,0
30009,'1175972',1134,,1685,13,,,0
30009,'1175993',1004,,1686,13,,,0
30009,'1176061',1134,,1693,13,,,0
30009,'1176118',1834,,1697,13,,,0
30009,'1176121',1634,,1698,13,,,0
30009,'1176144',1534,,1699,13,,,0
30009,'1176232',1734,,1710,13,,,0
30009,'1176233',1934,,1711,13,,,0
30009,'1176333',1234,,1718,13,,,0
30009,'1176388',2034,,1720,13,,,0
30009,'1176404',1934,,1722,13,,,0
30009,'1176405',704,,1723,12,,,0
30009,'1176456',1734,,1728,13,,,0
30009,'1176480',934,,1730,13,,,0
30009,'1176489',734,,1731,12,,,0
30009,'1176494',804,,1732,13,,,0
30009,'1176499',1604,,1733,13,,,0
30009,'1176503',1434,,1734,13,,,0
30009,'1176511',2134,,1735,13,,,0
30009,'1176516',1334,,1736,13,,,0
30009,'1176633',834,,1741,13,,,0
30009,'1176649',2034,,1742,13,,,0
14001409,'1175733',1849,,1835,6,,,0
14001409,'1175775',1149,,1836,6,,,0
14001409,'1175776',2049,,1837,6,,,0
14001409,'1175786',1949,,1838,6,,,0
14001409,'1175790',1549,,1839,6,,,0
14001409,'1175803',1349,,1840,6,,,0
14001409,'1175809',919,,1841,6,,,0
14001409,'1175820',1449,,1842,6,,,0
14001409,'1175821',1149,,1843,6,,,0
14001409,'1175838',1119,,1844,6,,,0
14001409,'1175856',1049,,1845,6,,,0
14001409,'1175876',1549,,1846,6,,,0
14001409,'1175893',1849,,1847,6,,,0
14001409,'1175894',1719,,1848,6,,,0
14001409,'1175902',1619,,1849,6,,,0
14001409,'1175961',1249,,1850,6,,,0
14001409,'1175973',849,,1851,6,,,0
14001409,'1175975',1749,,1852,6,,,0
14001409,'1175979',1819,,1853,6,0,8 21,0
14001409,'1175999',819,,1854,6,,,0
14001409,'1176001',1019,,1855,6,,,0
14001409,'1176014',1049,,1856,6,,,0
14001409,'1176036',719,,1857,6,,,0
14001409,'1176047',1349,,1858,6,,,0
14001409,'1176050',2049,,1859,6,,,0
14001409,'1176071',1219,,1860,6,,,0
14001409,'1176160',1649,,1861,6,,,0
14001409,'1176250',749,,1862,6,,,0
14001409,'1176268',2149,,1863,6,,,0
14001409,'1176283',1319,,1864,6,,,0
14001409,'1176308',2149,,1866,6,,,0
14001409,'1176314',649,,1867,6,,,0
14001409,'1176393',949,,1869,6,,,0
14001409,'1176423',749,,1870,6,,,0
14001409,'1176476',1519,,1872,6,,,0
14001409,'1176485',949,,1873,6,,,0
14001409,'1176522',849,,1874,6,,,0
14001409,'1176556',1649,,1876,6,,,0
14001409,'1176558',1449,,1877,6,,,0
14001409,'1176598',1949,,1878,6,,,0
14001409,'1176631',1249,,1879,6,,,0
14001409,'1176643',1419,,1880,6,,,0
14001409,'1176681',1749,,1881,6,,,0
