11009,'1175720',1203,,1460,14,0,13 14 15,0
11009,'1175910',903,,1463,14,0,13 14 15,0
11009,'1175948',1703,,1464,14,0,13 14 15,0
11009,'1176063',1503,,1465,14,0,13 14 15,0
11009,'1176079',1403,,1466,14,0,13 14 15,0
11009,'1176108',1003,,1467,14,0,13 14 15,0
11009,'1176321',1103,,1471,14,0,13 14 15,0
11009,'1176658',1603,,1476,14,0,13 14 15,0
11009,'1176675',1303,,1477,14,0,13 14 15,0
16009,'1175714',1308,,1587,24,,,0
16009,'1176136',1008,,1592,24,,,0
16009,'1176272',1408,,1595,24,,,0
16009,'1176282',908,,1596,24,,,0
16009,'1176290',1708,,1597,24,,,0
16009,'1176390',1208,,1598,24,,,0
16009,'1176528',1508,,1600,24,,,0
16009,'1176535',1608,,1601,24,,,0
16009,'1176682',1108,,1604,24,,,0
21609,'1175813',1930,,1624,26,,,0
21609,'1175831',733,,1625,27,,,0
21609,'1175857',1703,,1626,27,,,0
21609,'1175869',1733,,1627,27,,,0
21609,'1175916',1600,,1628,26,,,0
21609,'1175929',1330,,1629,26,,,0
21609,'1175966',1730,,1630,26,,,0
21609,'1175997',2130,,1631,26,,,0
21609,'1175998',930,,1632,26,,,0
21609,'1176028',1030,,1633,26,,,0
21609,'1176037',1830,,1634,26,,,0
21609,'1176041',1830,,1635,26,,,0
21609,'1176046',730,,1636,26,,,0
21609,'1176054',1633,,1637,27,,,0
21609,'1176067',703,,1638,27,,,0
21609,'1176111',1130,,1639,26,,,0
21609,'1176200',1430,,1640,26,,,0
21609,'1176207',2130,,1641,26,,,0
21609,'1176218',1130,,1642,26,,,0
21609,'1176289',1030,,1643,26,,,0
21609,'1176352',1230,,1644,26,,,0
21609,'1176395',1930,,1645,26,,,0
21609,'1176414',2030,,1646,26,,,0
21609,'1176430',1800,,1647,26,,,0
21609,'1176454',1630,,1648,26,,,0
21609,'1176460',830,,1649,26,,,0
21609,'1176467',1530,,1650,26,,,0
21609,'1176534',630,,1651,26,,,0
21609,'1176553',1230,,1652,26,,,0
21609,'1176576',930,,1653,26,,,0
21609,'1176651',830,,1654,26,,,0
21609,'1176656',1530,,1655,26,,,0
21609,'1176659',1430,,1656,26,,,0
21609,'1176663',1330,,1657,26,,,0
21609,'1176665',900,,1658,26,,,0
21609,'1176686',2030,,1659,26,,,0
21609,'1176690',800,,1660,26,,,0
19001109,'1175757',2224,,1930,38,,,0
19001109,'1175788',1824,,1931,38,,,0
19001109,'1175797',1424,,1932,38,,,0
19001109,'1175800',1024,,1933,38,,,0
19001109,'1175811',1554,,1934,14,,,0
19001109,'1175846',1924,,1935,38,,,0
19001109,'1175854',1054,,1936,14,,,0
19001109,'1175866',1754,,1937,38,,,0
19001109,'1175889',1324,,1939,38,,,0
19001109,'1175960',1254,,1940,14,,,0
19001109,'1175990',1224,,1942,38,,,0
19001109,'1176025',624,,1943,17,,,0
19001109,'1176026',1324,,1944,38,,,0
19001109,'1176076',654,,1945,14,,,0
19001109,'1176086',1024,,1946,38,,,0
19001109,'1176114',924,,1947,38,,,0
19001109,'1176152',754,,1948,38,,,0
19001109,'1176229',2224,,1949,38,,,0
19001109,'1176246',824,,1950,38,,,0
19001109,'1176315',724,,1951,38,,,0
19001109,'1176316',1224,,1952,38,,,0
19001109,'1176317',1724,,1953,38,,,0
19001109,'1176322',954,,1954,38,,,0
19001109,'1176337',2024,,1955,38,,,0
19001109,'1176344',1624,,1956,38,,,0
19001109,'1176353',1624,,1957,38,,,0
19001109,'1176386',724,,1958,38,,,0
19001109,'1176406',1454,,1959,14,,,0
19001109,'1176429',1354,,1960,14,,,0
19001109,'1176444',1924,,1961,38,,,0
19001109,'1176445',2124,,1962,38,,,0
19001109,'1176478',1824,,1963,38,,,0
19001109,'1176517',1524,,1965,38,,,0
19001109,'1176557',924,,1966,38,,,0
19001109,'1176559',2024,,1967,38,,,0
19001109,'1176563',854,,1968,38,,,0
19001109,'1176570',1524,,1969,38,,,0
19001109,'1176581',1154,,1970,14,,,0
19001109,'1176586',1654,,1971,14,,,0
19001109,'1176595',1724,,1972,38,,,0
19001109,'1176605',1124,,1973,38,,,0
19001109,'1176616',1124,,1974,38,,,0
19001109,'1176620',824,,1975,38,,,0
19001109,'1176668',2124,,1976,38,,,0
19001109,'1176674',1424,,1977,38,,,0
