20009,'1175879',1438,,1605,6,0,10 11,0
20009,'1175940',1038,,1607,6,0,10 11,0
20009,'1176265',1538,,1612,6,0,10 11,0
20009,'1176319',1738,,1613,6,0,10 11,0
20009,'1176398',1338,,1615,6,0,10 11,0
20009,'1176408',938,,1616,6,0,10 11,0
20009,'1176425',1138,,1618,6,0,10 11,0
20009,'1176552',1238,,1622,6,0,10 11,0
20009,'1176647',1638,,1623,6,0,10 11,0
14001609,'1175722',1052,,1882,8,,,0
14001609,'1175752',652,,1883,8,,,0
14001609,'1175760',1952,,1884,8,,,0
14001609,'1175799',922,,1885,8,0,8 21,0
14001609,'1175804',1022,,1886,8,0,8 21,0
14001609,'1175908',822,,1888,8,,,0
14001609,'1175922',1152,,1889,8,,,0
14001609,'1175936',752,,1890,8,,,0
14001609,'1175982',1122,,1891,8,0,8 21,0
14001609,'1175986',1352,,1892,8,,,0
14001609,'1175988',1252,,1893,8,,,0
14001609,'1175989',1752,,1894,8,,,0
14001609,'1176010',1222,,1895,8,0,8 21,0
14001609,'1176015',852,,1896,8,,,0
14001609,'1176131',1322,,1897,8,0,8 21,0
14001609,'1176168',1252,,1898,8,,,0
14001609,'1176170',1522,,1899,8,,,0
14001609,'1176241',2052,,1900,8,,,0
14001609,'1176247',722,,1901,8,,,0
14001609,'1176270',2152,,1902,8,,,0
14001609,'1176280',1552,,1903,8,,,0
14001609,'1176296',1452,,1904,8,,,0
14001609,'1176309',2152,,1905,8,,,0
14001609,'1176320',1752,,1906,8,,,0
14001609,'1176374',1822,,1907,8,0,8 21,0
14001609,'1176381',952,,1908,8,,,0
14001609,'1176402',1952,,1909,8,,,0
14001609,'1176421',752,,1910,8,,,0
14001609,'1176486',1722,,1911,8,,,0
14001609,'1176492',1052,,1912,8,,,0
14001609,'1176495',1852,,1913,8,,,0
14001609,'1176500',1552,,1914,8,,,0
14001609,'1176504',1652,,1915,8,,,0
14001609,'1176510',1452,,1916,8,,,0
14001609,'1176518',1622,,1917,8,,,0
14001609,'1176524',952,,1918,8,,,0
14001609,'1176533',852,,1919,8,,,0
14001609,'1176577',2052,,1921,8,,,0
14001609,'1176593',1422,,1923,8,0,8 21,0
14001609,'1176602',1352,,1924,8,,,0
14001609,'1176621',1852,,1926,8,,,0
14001609,'1176627',1652,,1927,8,,,0
14001609,'1176671',1152,,1929,8,,,0
