11609,'1175716',1150,,1478,23,,,0
11609,'1175732',1550,,1479,23,,,0
11609,'1175756',1350,,1480,23,,,0
11609,'1175773',2050,,1481,23,,,0
11609,'1175832',1820,,1482,23,,,0
11609,'1175843',1450,,1483,23,,,0
11609,'1175850',2150,,1484,23,,,0
11609,'1175868',1250,,1485,23,,,0
11609,'1175918',1653,,1486,24,,,0
11609,'1175942',1750,,1487,23,,,0
11609,'1175949',1723,,1488,24,,,0
11609,'1175954',950,,1489,23,,,0
11609,'1175958',1550,,1490,23,,,0
11609,'1175970',1150,,1491,23,,,0
11609,'1176003',1950,,1492,23,,,0
11609,'1176080',1350,,1493,23,,,0
11609,'1176101',1850,,1494,23,,,0
11609,'1176137',1850,,1495,23,,,0
11609,'1176153',1650,,1496,23,,,0
11609,'1176239',1250,,1497,23,,,0
11609,'1176240',750,,1498,23,,,0
11609,'1176243',653,,1499,24,,,0
11609,'1176254',820,,1500,23,,,0
11609,'1176259',2050,,1501,23,,,0
11609,'1176276',850,,1502,23,,,0
11609,'1176432',723,,1503,24,,,0
11609,'1176433',1620,,1504,23,,,0
11609,'1176442',920,,1505,23,,,0
11609,'1176443',1050,,1506,23,,,0
11609,'1176475',750,,1507,23,,,0
11609,'1176603',1750,,1508,23,,,0
11609,'1176630',2150,,1509,23,,,0
11609,'1176639',1950,,1510,23,,,0
11609,'1176641',1050,,1511,23,,,0
11609,'1176646',950,,1512,23,,,0
11609,'1176652',850,,1513,23,,,0
11609,'1176685',1450,,1514,23,,,0
