14009,'1175724',1430,,1551,12,0,5 6 22,0
14009,'1175759',1230,,1552,12,0,5 6 22,0
14009,'1175767',1330,,1553,12,0,5 6 22,0
14009,'1175834',1530,,1557,12,0,5 6 22,0
14009,'1176178',1030,,1560,12,0,5 6 22,0
14009,'1176234',1730,,1561,12,0,5 6 22,0
14009,'1176418',1130,,1564,12,0,5 6 22,0
14009,'1176613',1630,,1566,12,0,5 6 22,0
14009,'1176636',930,,1567,12,0,5 6 22,0
19001509,'1175715',2051,,2024,11,,,0
19001509,'1175729',951,,2025,11,,,0
19001509,'1175736',2151,,2026,11,0,12,0
19001509,'1175740',751,,2027,11,,,0
19001509,'1175741',1251,,2028,11,,,0
19001509,'1175769',2251,,2029,11,0,12,0
19001509,'1175774',2151,,2030,11,0,12,0
19001509,'1175778',1721,,2031,11,,,0
19001509,'1175793',1751,,2032,11,,,0
19001509,'1175801',751,,2033,11,,,0
19001509,'1175845',1321,,2034,11,,,0
19001509,'1175897',1421,,2035,11,,,0
19001509,'1175899',1151,,2036,11,,,0
19001509,'1175907',921,,2037,11,,,0
19001509,'1175925',1551,,2038,11,,,0
19001509,'1175932',1451,,2039,11,,,0
19001509,'1175953',1521,,2040,11,,,0
19001509,'1175967',1021,,2042,11,,,0
19001509,'1175996',1621,,2043,11,,,0
19001509,'1176000',851,,2044,11,,,0
19001509,'1176049',1651,,2045,11,,,0
19001509,'1176055',1851,,2046,11,,,0
19001509,'1176057',951,,2047,11,,,0
19001509,'1176073',721,,2048,11,,,0
19001509,'1176074',651,,2049,11,,,0
19001509,'1176085',1851,,2050,11,,,0
19001509,'1176090',2051,,2051,11,,,0
19001509,'1176092',1051,,2052,11,,,0
19001509,'1176093',851,,2053,11,,,0
19001509,'1176105',1951,,2054,11,,,0
19001509,'1176238',1451,,2055,11,,,0
19001509,'1176266',1121,,2056,11,,,0
19001509,'1176293',1351,,2057,11,,,0
19001509,'1176328',1221,,2058,11,,,0
19001509,'1176335',1951,,2059,11,,,0
19001509,'1176340',1821,,2060,11,0,12,0
19001509,'1176355',1551,,2061,11,,,0
19001509,'1176358',1251,,2062,11,,,0
19001509,'1176362',1751,,2063,11,,,0
19001509,'1176426',1051,,2064,11,,,0
19001509,'1176434',2251,,2065,11,0,12,0
19001509,'1176496',1351,,2067,11,,,0
19001509,'1176536',651,,2068,11,,,0
19001509,'1176537',821,,2069,11,,,0
19001509,'1176684',1651,,2070,11,,,0
19001509,'1176689',1151,,2071,11,,,0
