13009,'1175768',1411,,1533,24,0,19 15,0
13009,'1175851',1211,,1534,24,0,19 15,0
13009,'1175875',1311,,1535,24,0,19 15,0
13009,'1175888',1111,,1536,24,0,19 15,0
13009,'1176171',1511,,1538,24,0,19 15,0
13009,'1176184',911,,1539,24,0,19 15,0
13009,'1176223',1611,,1541,24,0,19 15,0
13009,'1176463',1011,,1547,24,0,19 15,0
13009,'1176497',1711,,1548,24,0,19 15,0
15009,'1175719',1729,,1569,35,0,20 15,0
15009,'1175730',1529,,1570,35,0,20 15,0
15009,'1175737',1329,,1571,35,0,20 15,0
15009,'1175828',1429,,1572,35,0,20 15,0
15009,'1175835',1029,,1573,35,0,20 15,0
15009,'1176048',1229,,1578,35,0,20 15,0
15009,'1176230',1629,,1580,35,0,20 15,0
15009,'1176301',929,,1582,35,0,20 15,0
15009,'1176568',1129,,1584,35,0,20 15,0
30009,'1175721',1639,,1661,18,,,0
30009,'1175727',1339,,1662,18,,,0
30009,'1175735',1439,,1664,18,,,0
30009,'1175749',1809,,1665,18,,,0
30009,'1175758',1539,,1666,18,,,0
30009,'1175761',1709,,1667,18,,,0
30009,'1175780',1839,,1669,18,,,0
30009,'1175796',939,,1670,18,,,0
30009,'1175817',1039,,1671,18,,,0
30009,'1175867',1239,,1672,18,,,0
30009,'1175878',839,,1673,18,,,0
30009,'1175911',1039,,1678,18,,,0
30009,'1175934',2139,,1680,18,,,0
30009,'1175959',739,,1682,18,,,0
30009,'1175964',909,,1683,18,,,0
30009,'1175972',1139,,1685,18,,,0
30009,'1175993',1009,,1686,18,,,0
30009,'1176061',1139,,1693,18,,,0
30009,'1176118',1839,,1697,18,,,0
30009,'1176121',1639,,1698,18,,,0
30009,'1176144',1539,,1699,18,,,0
30009,'1176232',1739,,1710,18,,,0
30009,'1176233',1939,,1711,18,,,0
30009,'1176333',1239,,1718,18,,,0
30009,'1176388',2039,,1720,18,,,0
30009,'1176404',1939,,1722,18,,,0
30009,'1176405',709,,1723,17,,,0
30009,'1176456',1739,,1728,18,,,0
30009,'1176480',939,,1730,18,,,0
30009,'1176489',739,,1731,17,,,0
30009,'1176494',809,,1732,18,,,0
30009,'1176499',1609,,1733,18,,,0
30009,'1176503',1439,,1734,18,,,0
30009,'1176511',2139,,1735,18,,,0
30009,'1176516',1339,,1736,18,,,0
30009,'1176633',839,,1741,18,,,0
30009,'1176649',2039,,1742,18,,,0
14001409,'1175733',1851,,1835,11,,,0
14001409,'1175775',1151,,1836,11,,,0
14001409,'1175776',2051,,1837,11,,,0
14001409,'1175786',1951,,1838,11,,,0
14001409,'1175790',1551,,1839,11,,,0
14001409,'1175803',1351,,1840,11,,,0
14001409,'1175809',921,,1841,11,,,0
14001409,'1175820',1451,,1842,11,,,0
14001409,'1175821',1151,,1843,11,,,0
14001409,'1175838',1121,,1844,11,,,0
14001409,'1175856',1051,,1845,11,,,0
14001409,'1175876',1551,,1846,11,,,0
14001409,'1175893',1851,,1847,11,,,0
14001409,'1175894',1721,,1848,11,,,0
14001409,'1175902',1621,,1849,11,,,0
14001409,'1175961',1251,,1850,11,,,0
14001409,'1175973',851,,1851,11,,,0
14001409,'1175975',1751,,1852,11,,,0
14001409,'1175979',1821,,1853,11,0,8 21,0
14001409,'1175999',821,,1854,11,,,0
14001409,'1176001',1021,,1855,11,,,0
14001409,'1176014',1051,,1856,11,,,0
14001409,'1176036',721,,1857,11,,,0
14001409,'1176047',1351,,1858,11,,,0
14001409,'1176050',2051,,1859,11,,,0
14001409,'1176071',1221,,1860,11,,,0
14001409,'1176160',1651,,1861,11,,,0
14001409,'1176250',751,,1862,11,,,0
14001409,'1176268',2151,,1863,11,,,0
14001409,'1176283',1321,,1864,11,,,0
14001409,'1176308',2151,,1866,11,,,0
14001409,'1176314',651,,1867,11,,,0
14001409,'1176393',951,,1869,11,,,0
14001409,'1176423',751,,1870,11,,,0
14001409,'1176476',1521,,1872,11,,,0
14001409,'1176485',951,,1873,11,,,0
14001409,'1176522',851,,1874,11,,,0
14001409,'1176556',1651,,1876,11,,,0
14001409,'1176558',1451,,1877,11,,,0
14001409,'1176598',1951,,1878,11,,,0
14001409,'1176631',1251,,1879,11,,,0
14001409,'1176643',1421,,1880,11,,,0
14001409,'1176681',1751,,1881,11,,,0
19001309,'1175728',902,,1978,56,,,0
19001309,'1175734',1532,,1979,56,,,0
19001309,'1175770',2032,,1980,56,,,0
19001309,'1175816',1832,,1982,56,,,0
19001309,'1175833',1732,,1983,56,,,0
19001309,'1175860',1402,,1984,56,,,0
19001309,'1175862',1132,,1985,56,,,0
19001309,'1175891',1202,,1986,56,,,0
19001309,'1175892',1002,,1987,56,,,0
19001309,'1175985',702,,1988,24,,,0
19001309,'1175994',932,,1989,56,,,0
19001309,'1176023',832,,1990,56,,,0
19001309,'1176034',1132,,1991,56,,,0
19001309,'1176044',1432,,1992,56,,,0
19001309,'1176064',1102,,1993,56,,,0
19001309,'1176125',1732,,1994,56,,,0
19001309,'1176139',1232,,1995,56,,,0
19001309,'1176167',2232,,1996,56,,,0
19001309,'1176182',1332,,1997,56,,,0
19001309,'1176185',802,,1998,56,,,0
19001309,'1176187',1332,,1999,56,,,0
19001309,'1176196',1232,,2000,56,,,0
19001309,'1176261',1032,,2001,56,,,0
19001309,'1176277',2132,,2002,56,,,0
19001309,'1176318',1432,,2003,56,,,0
19001309,'1176331',2032,,2004,56,,,0
19001309,'1176338',1932,,2005,56,,,0
19001309,'1176348',1602,,2006,56,,,0
19001309,'1176367',1632,,2007,56,,,0
19001309,'1176387',2232,,2008,56,,,0
19001309,'1176389',832,,2009,56,,,0
19001309,'1176392',732,,2010,56,,,0
19001309,'1176394',1632,,2011,56,,,0
19001309,'1176446',1832,,2012,56,,,0
19001309,'1176462',2132,,2013,56,,,0
19001309,'1176473',1932,,2014,56,,,0
19001309,'1176527',1032,,2015,56,,,0
19001309,'1176539',1702,,2016,56,,,0
19001309,'1176543',1502,,2017,56,,,0
19001309,'1176550',632,,2018,24,,,0
19001309,'1176567',932,,2019,56,,,0
19001309,'1176597',1532,,2020,56,,,0
19001309,'1176614',1302,,2021,56,,,0
19001309,'1176638',1802,,2022,56,,,0
19001309,'1176660',732,,2023,56,,,0
