20009,'1142156',1258,,819,15,,,0
20009,'1142172',958,,820,15,,,0
20009,'1142208',1158,,821,15,,,0
20009,'1142218',858,,822,5,,,0
20009,'1142244',1658,,823,15,,,0
20009,'1142378',1358,,825,15,,,0
20009,'1142609',1458,,831,15,,,0
20009,'1142761',1058,,834,15,,,0
20009,'1142875',1558,,837,15,,,0
19001709,'1142163',1218,,1204,37,,,0
19001709,'1142169',718,,1205,37,,,0
19001709,'1142180',1418,,1206,37,,,0
19001709,'1142193',1418,,1207,37,,,0
19001709,'1142232',1918,,1208,37,,,0
19001709,'1142259',2018,,1209,37,,,0
19001709,'1142285',718,,1210,37,,,0
19001709,'1142303',1348,,1211,4,,,0
19001709,'1142321',2118,,1212,37,,,0
19001709,'1142340',918,,1213,37,,,0
19001709,'1142346',1548,,1214,4,,,0
19001709,'1142365',1018,,1215,37,,,0
19001709,'1142415',918,,1217,37,,,0
19001709,'1142417',1618,,1218,37,,,0
19001709,'1142425',748,,1219,37,,,0
19001709,'1142455',1618,,1220,37,,,0
19001709,'1142490',1148,,1221,4,,,0
19001709,'1142494',1318,,1222,37,,,0
19001709,'1142496',1518,,1223,37,,,0
19001709,'1142502',1018,,1224,37,,,0
19001709,'1142511',818,,1225,37,,,0
19001709,'1142515',1118,,1227,37,,,0
19001709,'1142547',1118,,1229,37,,,0
19001709,'1142569',2118,,1230,37,,,0
19001709,'1142572',1048,,1231,4,,,0
19001709,'1142618',1918,,1233,37,,,0
19001709,'1142632',1748,,1234,37,,,0
19001709,'1142635',1718,,1235,37,,,0
19001709,'1142636',618,,1236,4,,,0
19001709,'1142665',648,,1237,37,,,0
19001709,'1142670',1718,,1238,37,,,0
19001709,'1142689',848,,1239,37,,,0
19001709,'1142695',2018,,1240,37,,,0
19001709,'1142706',1818,,1241,37,,,0
19001709,'1142727',1448,,1242,4,,,0
19001709,'1142747',1518,,1243,37,,,0
19001709,'1142750',1218,,1244,37,,,0
19001709,'1142751',1248,,1245,4,,,0
19001709,'1142768',1318,,1246,37,,,0
19001709,'1142800',818,,1247,37,,,0
19001709,'1142805',948,,1248,37,,,0
19001709,'1142841',1648,,1250,37,,,0
19001709,'1142871',1818,,1251,37,,,0
