11609,'1142131',1621,,692,26,,,0
11609,'1142167',951,,693,26,,,0
11609,'1142222',1251,,694,26,,,0
11609,'1142226',2051,,695,26,,,0
11609,'1142297',1251,,696,26,,,0
11609,'1142329',1051,,697,26,,,0
11609,'1142334',1821,,698,26,,,0
11609,'1142336',1751,,699,26,,,0
11609,'1142364',1751,,700,26,,,0
11609,'1142388',1351,,701,26,,,0
11609,'1142390',1151,,702,26,,,0
11609,'1142392',921,,703,26,,,0
11609,'1142399',2051,,704,26,,,0
11609,'1142441',2151,,705,26,,,0
11609,'1142450',1951,,706,26,,,0
11609,'1142454',1551,,707,26,,,0
11609,'1142465',725,,708,27,,,0
11609,'1142475',851,,709,26,,,0
11609,'1142493',1655,,710,27,,,0
11609,'1142497',1551,,711,26,,,0
11609,'1142504',1851,,712,26,,,0
11609,'1142519',655,,713,27,,,0
11609,'1142524',1351,,714,26,,,0
11609,'1142530',1151,,715,26,,,0
11609,'1142561',751,,716,26,,,0
11609,'1142586',1451,,717,26,,,0
11609,'1142593',1951,,718,26,,,0
11609,'1142599',1851,,719,26,,,0
11609,'1142608',1451,,720,26,,,0
11609,'1142624',751,,721,26,,,0
11609,'1142649',1051,,722,26,,,0
11609,'1142676',1651,,723,26,,,0
11609,'1142697',821,,724,26,,,0
11609,'1142702',951,,725,26,,,0
11609,'1142719',851,,726,26,,,0
11609,'1142857',1725,,727,27,,,0
11609,'1142878',2151,,728,26,,,0
16009,'1142161',1542,,801,24,0,16 17 11,0
16009,'1142292',1742,,804,24,0,16 17 11,0
16009,'1142319',1342,,805,24,0,16 17 11,0
16009,'1142525',1142,,806,24,0,16 17 11,0
16009,'1142684',1442,,810,24,0,16 17 11,0
16009,'1142690',942,,811,24,0,16 17 11,0
16009,'1142743',1042,,813,24,0,16 17 11,0
16009,'1142765',1642,,815,24,0,16 17 11,0
16009,'1142850',1242,,818,24,0,16 17 11,0
