14001009,'1175755',921,,1743,40,,,0
14001009,'1175787',1821,,1744,40,,,0
14001009,'1175798',1821,,1745,40,,,0
14001009,'1175810',721,,1747,7,,,0
14001009,'1175825',1621,,1748,40,,,0
14001009,'1175826',1320,,1749,40,,,0
14001009,'1175836',1751,,1750,40,,,0
14001009,'1175840',2021,,1751,40,,,0
14001009,'1175890',2021,,1753,40,,,0
14001009,'1175905',2121,,1754,40,,,0
14001009,'1175937',1420,,1755,40,,,0
14001009,'1175943',1721,,1756,40,,,0
14001009,'1175995',1120,,1758,40,,,0
14001009,'1176008',751,,1759,40,,,0
14001009,'1176017',821,,1760,40,,,0
14001009,'1176075',1721,,1761,40,,,0
14001009,'1176104',2221,,1762,40,,,0
14001009,'1176141',1320,,1763,40,,,0
14001009,'1176158',1520,,1764,40,,,0
14001009,'1176198',1020,,1766,40,,,0
14001009,'1176208',2221,,1767,40,,,0
14001009,'1176215',1921,,1768,40,,,0
14001009,'1176249',1120,,1770,40,,,0
14001009,'1176269',2121,,1771,40,,,0
14001009,'1176311',1020,,1774,40,,,0
14001009,'1176346',851,,1775,40,,,0
14001009,'1176365',921,,1776,40,,,0
14001009,'1176376',1621,,1777,40,,,0
14001009,'1176382',1220,,1778,40,,,0
14001009,'1176449',721,,1779,40,,,0
14001009,'1176545',821,,1781,40,,,0
14001009,'1176551',1420,,1782,40,,,0
14001009,'1176579',1651,,1783,40,,,0
14001009,'1176580',1220,,1784,40,,,0
14001009,'1176607',1921,,1785,40,,,0
14001009,'1176653',1520,,1788,40,,,0
