20009,'1175879',1439,,1605,8,0,10 11,0
20009,'1175940',1039,,1607,8,0,10 11,0
20009,'1176265',1539,,1612,8,0,10 11,0
20009,'1176319',1739,,1613,8,0,10 11,0
20009,'1176398',1339,,1615,8,0,10 11,0
20009,'1176408',939,,1616,8,0,10 11,0
20009,'1176425',1139,,1618,8,0,10 11,0
20009,'1176552',1239,,1622,8,0,10 11,0
20009,'1176647',1639,,1623,8,0,10 11,0
14001609,'1175722',1053,,1882,10,,,0
14001609,'1175752',653,,1883,10,,,0
14001609,'1175760',1953,,1884,10,,,0
14001609,'1175799',923,,1885,10,0,8 21,0
14001609,'1175804',1023,,1886,10,0,8 21,0
14001609,'1175908',823,,1888,10,,,0
14001609,'1175922',1153,,1889,10,,,0
14001609,'1175936',753,,1890,10,,,0
14001609,'1175982',1123,,1891,10,0,8 21,0
14001609,'1175986',1353,,1892,10,,,0
14001609,'1175988',1253,,1893,10,,,0
14001609,'1175989',1753,,1894,10,,,0
14001609,'1176010',1223,,1895,10,0,8 21,0
14001609,'1176015',853,,1896,10,,,0
14001609,'1176131',1323,,1897,10,0,8 21,0
14001609,'1176168',1253,,1898,10,,,0
14001609,'1176170',1523,,1899,10,,,0
14001609,'1176241',2053,,1900,10,,,0
14001609,'1176247',723,,1901,10,,,0
14001609,'1176270',2153,,1902,10,,,0
14001609,'1176280',1553,,1903,10,,,0
14001609,'1176296',1453,,1904,10,,,0
14001609,'1176309',2153,,1905,10,,,0
14001609,'1176320',1753,,1906,10,,,0
14001609,'1176374',1823,,1907,10,0,8 21,0
14001609,'1176381',953,,1908,10,,,0
14001609,'1176402',1953,,1909,10,,,0
14001609,'1176421',753,,1910,10,,,0
14001609,'1176486',1723,,1911,10,,,0
14001609,'1176492',1053,,1912,10,,,0
14001609,'1176495',1853,,1913,10,,,0
14001609,'1176500',1553,,1914,10,,,0
14001609,'1176504',1653,,1915,10,,,0
14001609,'1176510',1453,,1916,10,,,0
14001609,'1176518',1623,,1917,10,,,0
14001609,'1176524',953,,1918,10,,,0
14001609,'1176533',853,,1919,10,,,0
14001609,'1176577',2053,,1921,10,,,0
14001609,'1176593',1423,,1923,10,0,8 21,0
14001609,'1176602',1353,,1924,10,,,0
14001609,'1176621',1853,,1926,10,,,0
14001609,'1176627',1653,,1927,10,,,0
14001609,'1176671',1153,,1929,10,,,0
