14009,'1175812',1726,,1554,17,,,0
14009,'1175822',1026,,1555,17,,,0
14009,'1175823',1626,,1556,17,,,0
14009,'1175927',1326,,1558,17,,,0
14009,'1176135',926,,1559,17,,,0
14009,'1176326',1126,,1562,17,,,0
14009,'1176364',1426,,1563,17,,,0
14009,'1176520',1526,,1565,17,,,0
14009,'1176678',1226,,1568,17,,,0
19001309,'1175728',825,,1978,21,,,0
19001309,'1175734',1455,,1979,21,,,0
19001309,'1175770',1955,,1980,21,,,0
19001309,'1175814',1825,,1981,21,0,8 21,0
19001309,'1175816',1755,,1982,21,,,0
19001309,'1175833',1655,,1983,21,,,0
19001309,'1175860',1325,,1984,21,,,0
19001309,'1175862',1055,,1985,21,,,0
19001309,'1175891',1125,,1986,21,,,0
19001309,'1175892',925,,1987,21,,,0
19001309,'1175994',855,,1989,21,,,0
19001309,'1176023',755,,1990,21,,,0
19001309,'1176034',1055,,1991,21,,,0
19001309,'1176044',1355,,1992,21,,,0
19001309,'1176064',1025,,1993,21,,,0
19001309,'1176125',1655,,1994,21,,,0
19001309,'1176139',1155,,1995,21,,,0
19001309,'1176167',2155,,1996,21,,,0
19001309,'1176182',1255,,1997,21,,,0
19001309,'1176185',725,,1998,21,,,0
19001309,'1176187',1255,,1999,21,,,0
19001309,'1176196',1155,,2000,21,,,0
19001309,'1176261',955,,2001,21,,,0
19001309,'1176277',2055,,2002,21,,,0
19001309,'1176318',1355,,2003,21,,,0
19001309,'1176331',1955,,2004,21,,,0
19001309,'1176338',1855,,2005,21,,,0
19001309,'1176348',1525,,2006,21,,,0
19001309,'1176367',1555,,2007,21,,,0
19001309,'1176387',2155,,2008,21,,,0
19001309,'1176389',755,,2009,21,,,0
19001309,'1176392',655,,2010,21,,,0
19001309,'1176394',1555,,2011,21,,,0
19001309,'1176446',1755,,2012,21,,,0
19001309,'1176462',2055,,2013,21,,,0
19001309,'1176473',1855,,2014,21,,,0
19001309,'1176527',955,,2015,21,,,0
19001309,'1176539',1625,,2016,21,,,0
19001309,'1176543',1425,,2017,21,,,0
19001309,'1176567',855,,2019,21,,,0
19001309,'1176597',1455,,2020,21,,,0
19001309,'1176614',1225,,2021,21,,,0
19001309,'1176638',1725,,2022,21,,,0
19001309,'1176660',655,,2023,21,,,0
