11009,'1142195',1601,,674,10,0,13 14 15,0
11009,'1142199',901,,675,10,0,13 14 15,0
11009,'1142242',1201,,676,10,0,13 14 15,0
11009,'1142268',1401,,677,10,0,13 14 15,0
11009,'1142289',1001,,678,10,0,13 14 15,0
11009,'1142564',1301,,683,10,0,13 14 15,0
11009,'1142626',1701,,684,10,0,13 14 15,0
11009,'1142667',1101,,685,10,0,13 14 15,0
11009,'1142728',1501,,690,10,0,13 14 15,0
19001109,'1142176',1821,,1062,34,,,0
19001109,'1142198',1751,,1064,34,,,0
19001109,'1142212',1321,,1065,34,,,0
19001109,'1142241',1651,,1066,10,,,0
19001109,'1142243',2221,,1067,34,,,0
19001109,'1142245',921,,1068,34,,,0
19001109,'1142246',1921,,1069,34,,,0
19001109,'1142249',1721,,1070,34,,,0
19001109,'1142251',1821,,1071,34,,,0
19001109,'1142263',621,,1072,13,,,0
19001109,'1142278',2021,,1073,34,,,0
19001109,'1142294',2021,,1075,34,,,0
19001109,'1142296',2121,,1076,34,,,0
19001109,'1142339',721,,1077,34,,,0
19001109,'1142345',1221,,1078,34,,,0
19001109,'1142354',921,,1079,34,,,0
19001109,'1142395',851,,1080,34,,,0
19001109,'1142412',1421,,1081,34,,,0
19001109,'1142429',651,,1082,10,,,0
19001109,'1142436',1151,,1083,10,,,0
19001109,'1142458',2121,,1084,34,,,0
19001109,'1142492',821,,1085,34,,,0
19001109,'1142503',1421,,1086,34,,,0
19001109,'1142520',1921,,1087,34,,,0
19001109,'1142533',1251,,1088,10,,,0
19001109,'1142539',821,,1089,34,,,0
19001109,'1142552',2221,,1090,34,,,0
19001109,'1142554',1521,,1091,34,,,0
19001109,'1142579',1551,,1092,10,,,0
19001109,'1142582',1351,,1093,10,,,0
19001109,'1142583',1121,,1094,34,,,0
19001109,'1142588',1221,,1095,34,,,0
19001109,'1142606',1051,,1096,10,,,0
19001109,'1142643',1021,,1097,34,,,0
19001109,'1142664',1521,,1098,34,,,0
19001109,'1142674',951,,1099,34,,,0
19001109,'1142729',1451,,1100,10,,,0
19001109,'1142756',1621,,1101,34,,,0
19001109,'1142772',751,,1102,34,,,0
19001109,'1142809',1721,,1104,34,,,0
19001109,'1142814',1021,,1105,34,,,0
19001109,'1142845',1121,,1106,34,,,0
19001109,'1142860',1321,,1107,34,,,0
19001109,'1142880',1621,,1108,34,,,0
19001109,'1142882',721,,1109,34,,,0
