15009,'1175719',1700,,1569,6,0,20 15,0
15009,'1175730',1500,,1570,6,0,20 15,0
15009,'1175737',1300,,1571,6,0,20 15,0
15009,'1175828',1400,,1572,6,0,20 15,0
15009,'1175835',1000,,1573,6,0,20 15,0
15009,'1176048',1200,,1578,6,0,20 15,0
15009,'1176230',1600,,1580,6,0,20 15,0
15009,'1176301',900,,1582,6,0,20 15,0
15009,'1176568',1100,,1584,6,0,20 15,0
19001509,'1175715',2118,,2024,31,,,0
19001509,'1175729',1018,,2025,31,,,0
19001509,'1175740',818,,2027,31,,,0
19001509,'1175741',1318,,2028,31,,,0
19001509,'1175778',1748,,2031,31,,,0
19001509,'1175793',1818,,2032,31,,,0
19001509,'1175801',818,,2033,31,,,0
19001509,'1175845',1348,,2034,31,,,0
19001509,'1175897',1448,,2035,31,,,0
19001509,'1175899',1218,,2036,31,,,0
19001509,'1175907',948,,2037,31,,,0
19001509,'1175925',1618,,2038,31,,,0
19001509,'1175932',1518,,2039,31,,,0
19001509,'1175953',1548,,2040,31,,,0
19001509,'1175965',648,,2041,6,,,0
19001509,'1175967',1048,,2042,31,,,0
19001509,'1175996',1648,,2043,31,,,0
19001509,'1176000',918,,2044,31,,,0
19001509,'1176049',1718,,2045,31,,,0
19001509,'1176055',1918,,2046,31,,,0
19001509,'1176057',1018,,2047,31,,,0
19001509,'1176073',748,,2048,31,,,0
19001509,'1176074',718,,2049,31,,,0
19001509,'1176085',1918,,2050,31,,,0
19001509,'1176090',2118,,2051,31,,,0
19001509,'1176092',1118,,2052,31,,,0
19001509,'1176093',918,,2053,31,,,0
19001509,'1176105',2018,,2054,31,,,0
19001509,'1176238',1518,,2055,31,,,0
19001509,'1176266',1148,,2056,31,,,0
19001509,'1176293',1418,,2057,31,,,0
19001509,'1176328',1248,,2058,31,,,0
19001509,'1176335',2018,,2059,31,,,0
19001509,'1176355',1618,,2061,31,,,0
19001509,'1176358',1318,,2062,31,,,0
19001509,'1176362',1818,,2063,31,,,0
19001509,'1176426',1118,,2064,31,,,0
19001509,'1176450',618,,2066,6,,,0
19001509,'1176496',1418,,2067,31,,,0
19001509,'1176536',718,,2068,31,,,0
19001509,'1176537',848,,2069,31,,,0
19001509,'1176684',1718,,2070,31,,,0
19001509,'1176689',1218,,2071,31,,,0
