12009,'1142310',1323,,731,7,0,18 7,0
12009,'1142322',1623,,733,7,0,18 7,0
12009,'1142382',1723,,735,7,0,18 7,0
12009,'1142384',1523,,736,7,0,18 7,0
12009,'1142414',923,,737,7,0,18 7,0
12009,'1142500',1223,,738,7,0,18 7,0
12009,'1142738',1423,,744,7,0,18 7,0
12009,'1142794',1123,,745,7,0,18 7,0
12009,'1142813',1023,,746,7,0,18 7,0
19001309,'1142135',2044,,1110,7,,,0
19001309,'1142136',1414,,1111,7,,,0
19001309,'1142154',1944,,1112,7,,,0
19001309,'1142209',1744,,1113,7,,,0
19001309,'1142233',1144,,1114,7,,,0
19001309,'1142307',644,,1115,7,,,0
19001309,'1142324',1514,,1116,7,,,0
19001309,'1142327',714,,1117,7,,,0
19001309,'1142333',1344,,1118,7,,,0
19001309,'1142337',1314,,1119,7,,,0
19001309,'1142343',1244,,1120,7,,,0
19001309,'1142352',844,,1121,7,,,0
19001309,'1142380',2144,,1123,7,,,0
19001309,'1142387',1244,,1124,7,,,0
19001309,'1142413',744,,1125,7,,,0
19001309,'1142434',1044,,1126,7,,,0
19001309,'1142467',1614,,1127,7,,,0
19001309,'1142472',914,,1128,7,,,0
19001309,'1142498',1214,,1129,7,,,0
19001309,'1142507',1144,,1130,7,,,0
19001309,'1142516',844,,1131,7,,,0
19001309,'1142536',944,,1132,7,,,0
19001309,'1142566',814,,1133,7,,,0
19001309,'1142577',1044,,1134,7,,,0
19001309,'1142581',1544,,1135,7,,,0
19001309,'1142617',1344,,1136,7,,,0
19001309,'1142620',1644,,1137,7,,,0
19001309,'1142622',1744,,1138,7,,,0
19001309,'1142657',644,,1139,7,,,0
19001309,'1142741',944,,1141,7,,,0
19001309,'1142775',1844,,1142,7,,,0
19001309,'1142779',1644,,1143,7,,,0
19001309,'1142785',2144,,1144,7,,,0
19001309,'1142804',1844,,1145,7,,,0
19001309,'1142810',1444,,1146,7,,,0
19001309,'1142819',1444,,1147,7,,,0
19001309,'1142828',1714,,1148,7,,,0
19001309,'1142835',2044,,1149,7,,,0
19001309,'1142836',1544,,1150,7,,,0
19001309,'1142848',1014,,1151,7,,,0
19001309,'1142849',1814,,1152,7,0,8 9,0
19001309,'1142865',1114,,1153,7,,,0
19001309,'1142877',1944,,1154,7,,,0
19001309,'1142891',744,,1155,7,,,0
