12009,'1175745',1557,,1515,37,,,0
12009,'1175747',1457,,1516,37,,,0
12009,'1175827',1157,,1517,37,,,0
12009,'1175839',1810,,1518,37,,,0
12009,'1176031',1057,,1523,37,,,0
12009,'1176149',1257,,1525,37,,,0
12009,'1176417',1357,,1527,37,,,0
12009,'1176471',1657,,1529,37,,,0
12009,'1176692',957,,1532,37,,,0
14001209,'1175718',1657,,1789,41,,,0
14001209,'1175861',1927,,1790,41,,,0
14001209,'1175900',1757,,1791,41,,,0
14001209,'1175915',2127,,1793,41,,,0
14001209,'1175917',1457,,1794,41,,,0
14001209,'1175919',2027,,1795,41,,,0
14001209,'1175938',827,,1796,41,,,0
14001209,'1175939',1827,,1797,41,,,0
14001209,'1175983',2227,,1798,41,,,0
14001209,'1176007',1327,,1799,41,,,0
14001209,'1176012',1127,,1800,41,,,0
14001209,'1176069',927,,1801,41,,,0
14001209,'1176070',1227,,1802,41,,,0
14001209,'1176091',1027,,1803,41,,,0
14001209,'1176100',727,,1804,19,,,0
14001209,'1176103',1027,,1805,41,,,0
14001209,'1176117',1227,,1806,41,,,0
14001209,'1176163',1927,,1808,41,,,0
14001209,'1176213',1127,,1809,41,,,0
14001209,'1176217',1627,,1810,41,,,0
14001209,'1176245',1827,,1811,41,,,0
14001209,'1176255',927,,1812,41,,,0
14001209,'1176275',1727,,1813,41,,,0
14001209,'1176323',1157,,1814,41,,,0
14001209,'1176343',1427,,1816,41,,,0
14001209,'1176354',1527,,1817,41,,,0
14001209,'1176378',1327,,1818,41,,,0
14001209,'1176401',757,,1819,41,,,0
14001209,'1176411',2127,,1820,41,,,0
14001209,'1176440',1527,,1821,41,,,0
14001209,'1176458',727,,1822,41,,,0
14001209,'1176470',1627,,1823,41,,,0
14001209,'1176472',1057,,1824,41,,,0
14001209,'1176483',1357,,1825,41,,,0
14001209,'1176488',1727,,1826,41,,,0
14001209,'1176515',2027,,1827,41,,,0
14001209,'1176526',957,,1828,41,,,0
14001209,'1176532',1257,,1829,41,,,0
14001209,'1176546',2227,,1830,41,,,0
14001209,'1176594',857,,1831,41,,,0
14001209,'1176599',1557,,1832,41,,,0
14001209,'1176626',827,,1833,41,,,0
14001209,'1176676',1427,,1834,41,,,0
