14001009,'1175755',920,,1743,39,,,0
14001009,'1175787',1820,,1744,39,,,0
14001009,'1175798',1820,,1745,39,,,0
14001009,'1175810',720,,1747,6,,,0
14001009,'1175825',1620,,1748,39,,,0
14001009,'1175826',1320,,1749,39,,,0
14001009,'1175836',1750,,1750,39,,,0
14001009,'1175840',2020,,1751,39,,,0
14001009,'1175890',2020,,1753,39,,,0
14001009,'1175905',2120,,1754,39,,,0
14001009,'1175937',1420,,1755,39,,,0
14001009,'1175943',1720,,1756,39,,,0
14001009,'1175995',1120,,1758,39,,,0
14001009,'1176008',750,,1759,39,,,0
14001009,'1176017',820,,1760,39,,,0
14001009,'1176075',1720,,1761,39,,,0
14001009,'1176104',2220,,1762,39,,,0
14001009,'1176141',1320,,1763,39,,,0
14001009,'1176158',1520,,1764,39,,,0
14001009,'1176198',1020,,1766,39,,,0
14001009,'1176208',2220,,1767,39,,,0
14001009,'1176215',1920,,1768,39,,,0
14001009,'1176249',1120,,1770,39,,,0
14001009,'1176269',2120,,1771,39,,,0
14001009,'1176311',1020,,1774,39,,,0
14001009,'1176346',850,,1775,39,,,0
14001009,'1176365',920,,1776,39,,,0
14001009,'1176376',1620,,1777,39,,,0
14001009,'1176382',1220,,1778,39,,,0
14001009,'1176449',720,,1779,39,,,0
14001009,'1176545',820,,1781,39,,,0
14001009,'1176551',1420,,1782,39,,,0
14001009,'1176579',1650,,1783,39,,,0
14001009,'1176580',1220,,1784,39,,,0
14001009,'1176607',1920,,1785,39,,,0
14001009,'1176653',1520,,1788,39,,,0
