11009,'1175771',1437,,1461,7,,,0
11009,'1175802',1737,,1462,7,,,0
11009,'1176133',1637,,1468,7,,,0
11009,'1176140',1037,,1469,7,,,0
11009,'1176188',1237,,1470,7,,,0
11009,'1176403',1137,,1472,7,,,0
11009,'1176448',937,,1473,7,,,0
11009,'1176583',1537,,1474,7,,,0
11009,'1176618',1337,,1475,7,,,0
14001009,'1175755',847,,1743,9,,,0
14001009,'1175787',1747,,1744,9,,,0
14001009,'1175798',1747,,1745,9,,,0
14001009,'1175806',1117,,1746,9,0,8 21,0
14001009,'1175825',1547,,1748,9,,,0
14001009,'1175826',1247,,1749,9,,,0
14001009,'1175836',1717,,1750,9,,,0
14001009,'1175840',1947,,1751,9,,,0
14001009,'1175865',1017,,1752,9,0,8 21,0
14001009,'1175890',1947,,1753,9,,,0
14001009,'1175905',2047,,1754,9,,,0
14001009,'1175937',1347,,1755,9,,,0
14001009,'1175943',1647,,1756,9,,,0
14001009,'1175962',2247,,1757,9,0,8 21,0
14001009,'1175995',1047,,1758,9,,,0
14001009,'1176008',717,,1759,9,,,0
14001009,'1176017',747,,1760,9,,,0
14001009,'1176075',1647,,1761,9,,,0
14001009,'1176104',2147,,1762,9,,,0
14001009,'1176141',1247,,1763,9,,,0
14001009,'1176158',1447,,1764,9,,,0
14001009,'1176181',917,,1765,9,0,8 21,0
14001009,'1176198',947,,1766,9,,,0
14001009,'1176208',2147,,1767,9,,,0
14001009,'1176215',1847,,1768,9,,,0
14001009,'1176225',1317,,1769,9,0,8 21,0
14001009,'1176249',1047,,1770,9,,,0
14001009,'1176269',2047,,1771,9,,,0
14001009,'1176278',2247,,1772,9,0,8 21,0
14001009,'1176300',1517,,1773,9,0,8 21,0
14001009,'1176311',947,,1774,9,,,0
14001009,'1176346',817,,1775,9,,,0
14001009,'1176365',847,,1776,9,,,0
14001009,'1176376',1547,,1777,9,,,0
14001009,'1176382',1147,,1778,9,,,0
14001009,'1176449',647,,1779,9,,,0
14001009,'1176452',1217,,1780,9,0,8 21,0
14001009,'1176545',747,,1781,9,,,0
14001009,'1176551',1347,,1782,9,,,0
14001009,'1176579',1617,,1783,9,,,0
14001009,'1176580',1147,,1784,9,,,0
14001009,'1176607',1847,,1785,9,,,0
14001009,'1176612',1817,,1786,9,0,8 21,0
14001009,'1176628',1417,,1787,9,0,8 21,0
14001009,'1176653',1447,,1788,9,,,0
