14009,'1142164',1129,,765,24,0,5 6 7,0
14009,'1142187',1429,,767,24,0,5 6 7,0
14009,'1142323',1629,,768,24,0,5 6 7,0
14009,'1142325',1729,,769,24,0,5 6 7,0
14009,'1142341',1229,,770,24,0,5 6 7,0
14009,'1142386',929,,773,24,0,5 6 7,0
14009,'1142559',1529,,776,24,0,5 6 7,0
14009,'1142645',1329,,778,24,0,5 6 7,0
14009,'1142708',1029,,780,24,0,5 6 7,0
19001309,'1142135',2058,,1110,28,,,0
19001309,'1142136',1428,,1111,28,,,0
19001309,'1142154',1958,,1112,28,,,0
19001309,'1142209',1758,,1113,28,,,0
19001309,'1142233',1158,,1114,28,,,0
19001309,'1142307',658,,1115,28,,,0
19001309,'1142324',1528,,1116,28,,,0
19001309,'1142327',728,,1117,28,,,0
19001309,'1142333',1358,,1118,28,,,0
19001309,'1142337',1328,,1119,28,,,0
19001309,'1142343',1258,,1120,28,,,0
19001309,'1142352',858,,1121,28,,,0
19001309,'1142380',2158,,1123,28,,,0
19001309,'1142387',1258,,1124,28,,,0
19001309,'1142413',758,,1125,28,,,0
19001309,'1142434',1058,,1126,28,,,0
19001309,'1142467',1628,,1127,28,,,0
19001309,'1142472',928,,1128,28,,,0
19001309,'1142498',1228,,1129,28,,,0
19001309,'1142507',1158,,1130,28,,,0
19001309,'1142516',858,,1131,28,,,0
19001309,'1142536',958,,1132,28,,,0
19001309,'1142566',828,,1133,28,,,0
19001309,'1142577',1058,,1134,28,,,0
19001309,'1142581',1558,,1135,28,,,0
19001309,'1142617',1358,,1136,28,,,0
19001309,'1142620',1658,,1137,28,,,0
19001309,'1142622',1758,,1138,28,,,0
19001309,'1142657',658,,1139,28,,,0
19001309,'1142741',958,,1141,28,,,0
19001309,'1142775',1858,,1142,28,,,0
19001309,'1142779',1658,,1143,28,,,0
19001309,'1142785',2158,,1144,28,,,0
19001309,'1142804',1858,,1145,28,,,0
19001309,'1142810',1458,,1146,28,,,0
19001309,'1142819',1458,,1147,28,,,0
19001309,'1142828',1728,,1148,28,,,0
19001309,'1142835',2058,,1149,28,,,0
19001309,'1142836',1558,,1150,28,,,0
19001309,'1142848',1028,,1151,28,,,0
19001309,'1142849',1828,,1152,28,0,8 9,0
19001309,'1142865',1128,,1153,28,,,0
19001309,'1142877',1958,,1154,28,,,0
19001309,'1142891',758,,1155,28,,,0
