13009,'1176096',1137,,1537,19,,,0
13009,'1176190',1537,,1540,19,,,0
13009,'1176224',1037,,1542,19,,,0
13009,'1176248',1737,,1543,19,,,0
13009,'1176271',1637,,1544,19,,,0
13009,'1176360',937,,1545,19,,,0
13009,'1176371',1237,,1546,19,,,0
13009,'1176623',1337,,1549,19,,,0
13009,'1176644',1437,,1550,19,,,0
30009,'1175731',1709,,1663,19,,,0
30009,'1175895',1809,,1675,19,,,0
30009,'1175903',1509,,1676,19,,,0
30009,'1175906',1409,,1677,19,,,0
30009,'1175920',909,,1679,19,,,0
30009,'1175956',1209,,1681,19,,,0
30009,'1175968',1009,,1684,19,,,0
30009,'1176011',1509,,1687,19,,,0
30009,'1176018',939,,1688,19,,,0
30009,'1176021',1309,,1689,19,,,0
30009,'1176022',739,,1690,19,,,0
30009,'1176029',1009,,1691,19,,,0
30009,'1176062',1109,,1694,19,,,0
30009,'1176077',1109,,1695,19,,,0
30009,'1176102',1209,,1696,19,,,0
30009,'1176164',2009,,1700,19,,,0
30009,'1176165',2109,,1701,19,,,0
30009,'1176189',1809,,1704,19,,,0
30009,'1176197',839,,1705,19,,,0
30009,'1176210',2209,,1706,19,0,8 21,0
30009,'1176212',1409,,1707,19,,,0
30009,'1176214',1709,,1708,19,,,0
30009,'1176220',1039,,1709,19,0,8 21,0
30009,'1176253',1609,,1712,19,,,0
30009,'1176298',1609,,1714,19,,,0
30009,'1176304',1309,,1715,19,,,0
30009,'1176325',1639,,1716,19,,,0
30009,'1176329',1839,,1717,19,0,8 21,0
30009,'1176363',909,,1719,19,,,0
30009,'1176397',2209,,1721,19,0,8 21,0
30009,'1176439',2109,,1725,19,,,0
30009,'1176451',809,,1726,19,,,0
30009,'1176455',809,,1727,19,,,0
30009,'1176560',1909,,1737,19,,,0
30009,'1176569',1739,,1738,19,,,0
30009,'1176582',2009,,1739,19,,,0
30009,'1176588',1909,,1740,19,,,0
14001209,'1175718',1629,,1789,19,,,0
14001209,'1175861',1859,,1790,19,,,0
14001209,'1175900',1729,,1791,19,,,0
14001209,'1175913',2259,,1792,19,0,8 21,0
14001209,'1175915',2059,,1793,19,,,0
14001209,'1175917',1429,,1794,19,,,0
14001209,'1175919',1959,,1795,19,,,0
14001209,'1175938',759,,1796,19,,,0
14001209,'1175939',1759,,1797,19,,,0
14001209,'1175983',2159,,1798,19,,,0
14001209,'1176007',1259,,1799,19,,,0
14001209,'1176012',1059,,1800,19,,,0
14001209,'1176069',859,,1801,19,,,0
14001209,'1176070',1159,,1802,19,,,0
14001209,'1176091',959,,1803,19,,,0
14001209,'1176103',959,,1805,19,,,0
14001209,'1176117',1159,,1806,19,,,0
14001209,'1176122',2259,,1807,19,0,8 21,0
14001209,'1176163',1859,,1808,19,,,0
14001209,'1176213',1059,,1809,19,,,0
14001209,'1176217',1559,,1810,19,,,0
14001209,'1176245',1759,,1811,19,,,0
14001209,'1176255',859,,1812,19,,,0
14001209,'1176275',1659,,1813,19,,,0
14001209,'1176323',1129,,1814,19,,,0
14001209,'1176336',1829,,1815,19,0,8 21,0
14001209,'1176343',1359,,1816,19,,,0
14001209,'1176354',1459,,1817,19,,,0
14001209,'1176378',1259,,1818,19,,,0
14001209,'1176401',729,,1819,19,,,0
14001209,'1176411',2059,,1820,19,,,0
14001209,'1176440',1459,,1821,19,,,0
14001209,'1176458',659,,1822,19,,,0
14001209,'1176470',1559,,1823,19,,,0
14001209,'1176472',1029,,1824,19,,,0
14001209,'1176483',1329,,1825,19,,,0
14001209,'1176488',1659,,1826,19,,,0
14001209,'1176515',1959,,1827,19,,,0
14001209,'1176526',929,,1828,19,,,0
14001209,'1176532',1229,,1829,19,,,0
14001209,'1176546',2159,,1830,19,,,0
14001209,'1176594',829,,1831,19,,,0
14001209,'1176599',1529,,1832,19,,,0
14001209,'1176626',759,,1833,19,,,0
14001209,'1176676',1359,,1834,19,,,0
