13009,'1175768',1400,,1533,9,0,19 15,0
13009,'1175851',1200,,1534,9,0,19 15,0
13009,'1175875',1300,,1535,9,0,19 15,0
13009,'1175888',1100,,1536,9,0,19 15,0
13009,'1176171',1500,,1538,9,0,19 15,0
13009,'1176184',900,,1539,9,0,19 15,0
13009,'1176223',1600,,1541,9,0,19 15,0
13009,'1176463',1000,,1547,9,0,19 15,0
13009,'1176497',1700,,1548,9,0,19 15,0
19001309,'1175728',851,,1978,41,,,0
19001309,'1175734',1521,,1979,41,,,0
19001309,'1175770',2021,,1980,41,,,0
19001309,'1175816',1821,,1982,41,,,0
19001309,'1175833',1721,,1983,41,,,0
19001309,'1175860',1351,,1984,41,,,0
19001309,'1175862',1121,,1985,41,,,0
19001309,'1175891',1151,,1986,41,,,0
19001309,'1175892',951,,1987,41,,,0
19001309,'1175985',651,,1988,9,,,0
19001309,'1175994',921,,1989,41,,,0
19001309,'1176023',821,,1990,41,,,0
19001309,'1176034',1121,,1991,41,,,0
19001309,'1176044',1421,,1992,41,,,0
19001309,'1176064',1051,,1993,41,,,0
19001309,'1176125',1721,,1994,41,,,0
19001309,'1176139',1221,,1995,41,,,0
19001309,'1176167',2221,,1996,41,,,0
19001309,'1176182',1321,,1997,41,,,0
19001309,'1176185',751,,1998,41,,,0
19001309,'1176187',1321,,1999,41,,,0
19001309,'1176196',1221,,2000,41,,,0
19001309,'1176261',1021,,2001,41,,,0
19001309,'1176277',2121,,2002,41,,,0
19001309,'1176318',1421,,2003,41,,,0
19001309,'1176331',2021,,2004,41,,,0
19001309,'1176338',1921,,2005,41,,,0
19001309,'1176348',1551,,2006,41,,,0
19001309,'1176367',1621,,2007,41,,,0
19001309,'1176387',2221,,2008,41,,,0
19001309,'1176389',821,,2009,41,,,0
19001309,'1176392',721,,2010,41,,,0
19001309,'1176394',1621,,2011,41,,,0
19001309,'1176446',1821,,2012,41,,,0
19001309,'1176462',2121,,2013,41,,,0
19001309,'1176473',1921,,2014,41,,,0
19001309,'1176527',1021,,2015,41,,,0
19001309,'1176539',1651,,2016,41,,,0
19001309,'1176543',1451,,2017,41,,,0
19001309,'1176550',621,,2018,9,,,0
19001309,'1176567',921,,2019,41,,,0
19001309,'1176597',1521,,2020,41,,,0
19001309,'1176614',1251,,2021,41,,,0
19001309,'1176638',1751,,2022,41,,,0
19001309,'1176660',721,,2023,41,,,0
