12009,'1142213',1532,,729,29,,,0
12009,'1142229',1132,,730,29,,,0
12009,'1142312',1432,,732,29,,,0
12009,'1142331',1732,,734,29,,,0
12009,'1142543',1332,,739,29,,,0
12009,'1142637',932,,740,29,,,0
12009,'1142666',1032,,741,29,,,0
12009,'1142669',1232,,742,29,,,0
12009,'1142712',1632,,743,29,,,0
14009,'1142177',1031,,766,14,,,0
14009,'1142342',1531,,771,14,,,0
14009,'1142362',1331,,772,14,,,0
14009,'1142406',931,,774,14,,,0
14009,'1142444',1231,,775,14,,,0
14009,'1142613',1731,,777,14,,,0
14009,'1142687',1631,,779,14,,,0
14009,'1142827',1431,,781,14,,,0
14009,'1142830',1131,,782,14,,,0
20009,'1142156',1234,,819,10,,,0
20009,'1142172',934,,820,10,,,0
20009,'1142208',1134,,821,10,,,0
20009,'1142244',1634,,823,10,,,0
20009,'1142378',1334,,825,10,,,0
20009,'1142501',1718,,828,10,,,0
20009,'1142609',1434,,831,10,,,0
20009,'1142761',1034,,834,10,,,0
20009,'1142875',1534,,837,10,,,0
19001109,'1142176',1759,,1062,21,,,0
19001109,'1142184',1829,,1063,21,0,8 9,0
19001109,'1142198',1729,,1064,21,,,0
19001109,'1142212',1301,,1065,21,,,0
19001109,'1142243',2159,,1067,21,,,0
19001109,'1142245',859,,1068,21,,,0
19001109,'1142246',1859,,1069,21,,,0
19001109,'1142249',1659,,1070,21,,,0
19001109,'1142251',1759,,1071,21,,,0
19001109,'1142278',1959,,1073,21,,,0
19001109,'1142283',2254,,1074,21,0,12,0
19001109,'1142294',1959,,1075,21,,,0
19001109,'1142296',2059,,1076,21,,,0
19001109,'1142339',659,,1077,21,,,0
19001109,'1142345',1201,,1078,21,,,0
19001109,'1142354',859,,1079,21,,,0
19001109,'1142395',829,,1080,21,,,0
19001109,'1142412',1401,,1081,21,,,0
19001109,'1142458',2059,,1084,21,,,0
19001109,'1142492',759,,1085,21,,,0
19001109,'1142503',1401,,1086,21,,,0
19001109,'1142520',1859,,1087,21,,,0
19001109,'1142539',759,,1089,21,,,0
19001109,'1142552',2159,,1090,21,,,0
19001109,'1142554',1501,,1091,21,,,0
19001109,'1142583',1101,,1094,21,,,0
19001109,'1142588',1201,,1095,21,,,0
19001109,'1142643',959,,1097,21,,,0
19001109,'1142664',1501,,1098,21,,,0
19001109,'1142674',929,,1099,21,,,0
19001109,'1142756',1601,,1101,21,,,0
19001109,'1142772',729,,1102,21,,,0
19001109,'1142795',2254,,1103,21,0,12,0
19001109,'1142809',1659,,1104,21,,,0
19001109,'1142814',959,,1105,21,,,0
19001109,'1142845',1101,,1106,21,,,0
19001109,'1142860',1301,,1107,21,,,0
19001109,'1142880',1601,,1108,21,,,0
19001109,'1142882',659,,1109,21,,,0
19001709,'1142163',1200,,1204,30,,,0
19001709,'1142169',700,,1205,30,,,0
19001709,'1142180',1400,,1206,30,,,0
19001709,'1142193',1400,,1207,30,,,0
19001709,'1142232',1900,,1208,30,,,0
19001709,'1142259',2000,,1209,30,,,0
19001709,'1142285',700,,1210,30,,,0
19001709,'1142321',2100,,1212,30,,,0
19001709,'1142340',900,,1213,30,,,0
19001709,'1142365',1000,,1215,30,,,0
19001709,'1142402',1830,,1216,30,0,8 9,0
19001709,'1142415',900,,1217,30,,,0
19001709,'1142417',1600,,1218,30,,,0
19001709,'1142425',730,,1219,30,,,0
19001709,'1142455',1600,,1220,30,,,0
19001709,'1142494',1300,,1222,30,,,0
19001709,'1142496',1500,,1223,30,,,0
19001709,'1142502',1000,,1224,30,,,0
19001709,'1142511',800,,1225,30,,,0
19001709,'1142513',2300,,1226,30,0,8 9,0
19001709,'1142515',1100,,1227,30,,,0
19001709,'1142537',2200,,1228,30,0,8 9,0
19001709,'1142547',1100,,1229,30,,,0
19001709,'1142569',2100,,1230,30,,,0
19001709,'1142595',2200,,1232,30,0,8 9,0
19001709,'1142618',1900,,1233,30,,,0
19001709,'1142632',1730,,1234,30,,,0
19001709,'1142635',1700,,1235,30,,,0
19001709,'1142665',630,,1237,30,,,0
19001709,'1142670',1700,,1238,30,,,0
19001709,'1142689',830,,1239,30,,,0
19001709,'1142695',2000,,1240,30,,,0
19001709,'1142706',1800,,1241,30,,,0
19001709,'1142747',1500,,1243,30,,,0
19001709,'1142750',1200,,1244,30,,,0
19001709,'1142768',1300,,1246,30,,,0
19001709,'1142800',800,,1247,30,,,0
19001709,'1142805',930,,1248,30,,,0
19001709,'1142831',2300,,1249,30,0,8 9,0
19001709,'1142841',1630,,1250,30,,,0
19001709,'1142871',1800,,1251,30,,,0
