14009,'1175724',1449,,1551,25,0,5 6 22,0
14009,'1175759',1249,,1552,25,0,5 6 22,0
14009,'1175767',1349,,1553,25,0,5 6 22,0
14009,'1175834',1549,,1557,25,0,5 6 22,0
14009,'1176178',1049,,1560,25,0,5 6 22,0
14009,'1176234',1802,,1561,25,0,5 6 22,0
14009,'1176418',1149,,1564,25,0,5 6 22,0
14009,'1176613',1649,,1566,25,0,5 6 22,0
14009,'1176636',949,,1567,25,0,5 6 22,0
14001209,'1175718',1653,,1789,35,,,0
14001209,'1175861',1923,,1790,35,,,0
14001209,'1175900',1753,,1791,35,,,0
14001209,'1175915',2123,,1793,35,,,0
14001209,'1175917',1453,,1794,35,,,0
14001209,'1175919',2023,,1795,35,,,0
14001209,'1175938',823,,1796,35,,,0
14001209,'1175939',1823,,1797,35,,,0
14001209,'1175983',2223,,1798,35,,,0
14001209,'1176007',1323,,1799,35,,,0
14001209,'1176012',1123,,1800,35,,,0
14001209,'1176069',923,,1801,35,,,0
14001209,'1176070',1223,,1802,35,,,0
14001209,'1176091',1023,,1803,35,,,0
14001209,'1176100',723,,1804,13,,,0
14001209,'1176103',1023,,1805,35,,,0
14001209,'1176117',1223,,1806,35,,,0
14001209,'1176163',1923,,1808,35,,,0
14001209,'1176213',1123,,1809,35,,,0
14001209,'1176217',1623,,1810,35,,,0
14001209,'1176245',1823,,1811,35,,,0
14001209,'1176255',923,,1812,35,,,0
14001209,'1176275',1723,,1813,35,,,0
14001209,'1176323',1153,,1814,35,,,0
14001209,'1176343',1423,,1816,35,,,0
14001209,'1176354',1523,,1817,35,,,0
14001209,'1176378',1323,,1818,35,,,0
14001209,'1176401',753,,1819,35,,,0
14001209,'1176411',2123,,1820,35,,,0
14001209,'1176440',1523,,1821,35,,,0
14001209,'1176458',723,,1822,35,,,0
14001209,'1176470',1623,,1823,35,,,0
14001209,'1176472',1053,,1824,35,,,0
14001209,'1176483',1353,,1825,35,,,0
14001209,'1176488',1723,,1826,35,,,0
14001209,'1176515',2023,,1827,35,,,0
14001209,'1176526',953,,1828,35,,,0
14001209,'1176532',1253,,1829,35,,,0
14001209,'1176546',2223,,1830,35,,,0
14001209,'1176594',853,,1831,35,,,0
14001209,'1176599',1553,,1832,35,,,0
14001209,'1176626',823,,1833,35,,,0
14001209,'1176676',1423,,1834,35,,,0
