11009,'1142195',1555,,674,1,0,13 14 15,0
11009,'1142199',855,,675,1,0,13 14 15,0
11009,'1142242',1155,,676,1,0,13 14 15,0
11009,'1142268',1355,,677,1,0,13 14 15,0
11009,'1142289',955,,678,1,0,13 14 15,0
11009,'1142335',1550,,679,32,4,,0
11009,'1142379',1050,,680,32,4,,0
11009,'1142419',1450,,681,32,4,,0
11009,'1142541',950,,682,32,4,,0
11009,'1142564',1255,,683,1,0,13 14 15,0
11009,'1142626',1655,,684,1,0,13 14 15,0
11009,'1142667',1055,,685,1,0,13 14 15,0
11009,'1142671',1350,,686,32,4,,0
11009,'1142693',1750,,687,32,4,,0
11009,'1142705',1150,,688,32,4,,0
11009,'1142723',1250,,689,32,4,,0
11009,'1142728',1455,,690,1,0,13 14 15,0
11009,'1142862',1650,,691,32,4,,0
11609,'1142131',1635,,692,37,4,,0
11609,'1142167',1005,,693,37,4,,0
11609,'1142222',1305,,694,37,4,,0
11609,'1142226',2105,,695,37,4,,0
11609,'1142297',1305,,696,37,4,,0
11609,'1142329',1105,,697,37,4,,0
11609,'1142334',1840,,698,37,4,,0
11609,'1142336',1805,,699,37,4,,0
11609,'1142364',1805,,700,37,4,,0
11609,'1142388',1405,,701,37,4,,0
11609,'1142390',1205,,702,37,4,,0
11609,'1142392',935,,703,37,4,,0
11609,'1142399',2105,,704,37,4,,0
11609,'1142441',2205,,705,37,4,,0
11609,'1142450',2005,,706,37,4,,0
11609,'1142454',1605,,707,37,4,,0
11609,'1142465',735,,708,38,4,,0
11609,'1142475',905,,709,37,4,,0
11609,'1142493',1705,,710,38,4,,0
11609,'1142497',1605,,711,37,4,,0
11609,'1142504',1905,,712,37,4,,0
11609,'1142519',705,,713,38,4,,0
11609,'1142524',1405,,714,37,4,,0
11609,'1142530',1205,,715,37,4,,0
11609,'1142561',805,,716,37,4,,0
11609,'1142586',1505,,717,37,4,,0
11609,'1142593',2005,,718,37,4,,0
11609,'1142599',1905,,719,37,4,,0
11609,'1142608',1505,,720,37,4,,0
11609,'1142624',805,,721,37,4,,0
11609,'1142649',1105,,722,37,4,,0
11609,'1142676',1705,,723,37,4,,0
11609,'1142697',835,,724,37,4,,0
11609,'1142702',1005,,725,37,4,,0
11609,'1142719',905,,726,37,4,,0
11609,'1142857',1735,,727,38,4,,0
11609,'1142878',2205,,728,37,4,,0
13009,'1142144',1041,,747,23,4,,0
13009,'1142247',1441,,748,23,4,,0
13009,'1142389',1641,,749,23,4,,0
13009,'1142394',1155,,750,1,0,19 15,0
13009,'1142420',1255,,751,1,0,19 15,0
13009,'1142430',1355,,752,1,0,19 15,0
13009,'1142437',1241,,753,23,4,,0
13009,'1142453',855,,754,1,0,19 15,0
13009,'1142616',941,,755,23,4,,0
13009,'1142672',955,,756,1,0,19 15,0
13009,'1142704',1555,,757,1,0,19 15,0
13009,'1142716',1741,,758,23,4,,0
13009,'1142720',1455,,759,1,0,19 15,0
13009,'1142721',1341,,760,23,4,,0
13009,'1142776',1055,,761,1,0,19 15,0
13009,'1142824',1655,,762,1,0,19 15,0
13009,'1142852',1141,,763,23,4,,0
13009,'1142885',1541,,764,23,4,,0
15009,'1142159',1444,,783,12,4,,0
15009,'1142174',1144,,784,12,4,,0
15009,'1142326',1155,,785,1,0,20 15,0
15009,'1142391',955,,786,1,0,20 15,0
15009,'1142445',1344,,787,12,4,,0
15009,'1142451',944,,788,12,4,,0
15009,'1142463',1555,,789,1,0,20 15,0
15009,'1142478',1744,,790,12,4,,0
15009,'1142521',855,,791,1,0,20 15,0
15009,'1142575',1455,,792,1,0,20 15,0
15009,'1142634',1044,,793,12,4,,0
15009,'1142681',1255,,794,1,0,20 15,0
15009,'1142773',1644,,795,12,4,,0
15009,'1142793',1244,,796,12,4,,0
15009,'1142829',1544,,797,12,4,,0
15009,'1142872',1055,,798,1,0,20 15,0
15009,'1142884',1355,,799,1,0,20 15,0
15009,'1142889',1655,,800,1,0,20 15,0
16009,'1142161',1549,,801,35,4,,0
16009,'1142162',1555,,802,1,,,0
16009,'1142274',1055,,803,1,,,0
16009,'1142292',1749,,804,35,4,,0
16009,'1142319',1349,,805,35,4,,0
16009,'1142525',1149,,806,35,4,,0
16009,'1142641',955,,807,1,,,0
16009,'1142651',855,,808,1,,,0
16009,'1142668',1655,,809,1,,,0
16009,'1142684',1449,,810,35,4,,0
16009,'1142690',949,,811,35,4,,0
16009,'1142726',1155,,812,1,,,0
16009,'1142743',1049,,813,35,4,,0
16009,'1142745',1355,,814,1,,,0
16009,'1142765',1649,,815,35,4,,0
16009,'1142790',1255,,816,1,,,0
16009,'1142844',1455,,817,1,,,0
16009,'1142850',1249,,818,35,4,,0
20009,'1142156',1255,6,819,12,,,0
20009,'1142172',955,6,820,12,,,0
20009,'1142208',1155,6,821,12,,,0
20009,'1142218',855,6,822,2,,,0
20009,'1142244',1655,6,823,12,,,0
20009,'1142328',1200,51,824,19,0,10 11,0
20009,'1142378',1355,6,825,12,,,0
20009,'1142408',1600,51,826,19,0,10 11,0
20009,'1142433',1300,51,827,19,0,10 11,0
20009,'1142501',1746,,828,12,4,,0
20009,'1142523',1752,3,829,19,0,10 11,0
20009,'1142550',1700,51,830,19,0,10 11,0
20009,'1142609',1455,6,831,12,,,0
20009,'1142625',1000,51,832,19,0,10 11,0
20009,'1142679',1400,51,833,19,0,10 11,0
20009,'1142761',1055,6,834,12,,,0
20009,'1142802',1500,51,835,19,0,10 11,0
20009,'1142825',1100,51,836,19,0,10 11,0
20009,'1142875',1555,6,837,12,,,0
21609,'1142134',845,,838,1,,,0
21609,'1142173',1415,,839,1,,,0
21609,'1142220',1215,,840,1,,,0
21609,'1142255',1615,,841,1,,,0
21609,'1142260',615,,842,1,,,0
21609,'1142266',1315,,843,1,,,0
21609,'1142277',1715,,844,1,,,0
21609,'1142281',815,,845,1,,,0
21609,'1142305',1115,,846,1,,,0
21609,'1142347',2115,,847,1,,,0
21609,'1142348',1015,,848,1,,,0
21609,'1142363',1115,,849,1,,,0
21609,'1142398',715,,850,1,,,0
21609,'1142432',815,,851,1,,,0
21609,'1142489',645,,852,1,,,0
21609,'1142528',2115,,853,1,,,0
21609,'1142549',2015,,854,1,,,0
21609,'1142551',1015,,855,1,,,0
21609,'1142557',1415,,856,1,,,0
21609,'1142574',1315,,857,1,,,0
21609,'1142584',1545,,858,1,,,0
21609,'1142623',1215,,859,1,,,0
21609,'1142647',1515,,860,1,,,0
21609,'1142662',2015,,861,1,,,0
21609,'1142678',915,,862,1,,,0
21609,'1142730',1615,,863,1,,,0
21609,'1142732',915,,864,1,,,0
21609,'1142740',745,,865,1,,,0
21609,'1142753',715,,866,1,,,0
21609,'1142754',1645,,867,1,,,0
21609,'1142762',1915,,868,1,,,0
21609,'1142784',1915,,869,1,,,0
21609,'1142801',1745,,870,1,,,0
21609,'1142822',1515,,871,1,,,0
21609,'1142856',1715,,872,1,,,0
21609,'1142867',1815,,873,1,,,0
21609,'1142890',1815,,874,1,,,0
14001009,'1142143',1415,14,875,34,,,0
14001009,'1142178',715,15,876,34,,,0
14001009,'1142189',915,15,877,34,,,0
14001009,'1142190',745,15,878,34,,,0
14001009,'1142194',1515,14,879,34,,,0
14001009,'1142216',1015,14,880,34,,,0
14001009,'1142231',845,15,881,34,,,0
14001009,'1142237',1415,14,882,34,,,0
14001009,'1142279',1715,15,883,34,,,0
14001009,'1142282',1315,14,884,34,,,0
14001009,'1142286',915,15,885,34,,,0
14001009,'1142290',2015,15,886,34,,,0
14001009,'1142306',1030,,887,34,4,,0
14001009,'1142344',2115,15,888,34,,,0
14001009,'1142360',1215,14,889,34,,,0
14001009,'1142369',2300,,890,34,4,,0
14001009,'1142375',1115,14,891,34,,,0
14001009,'1142407',1530,,892,34,4,,0
14001009,'1142438',930,,893,34,4,,0
14001009,'1142459',1015,14,894,34,,,0
14001009,'1142460',1130,,895,34,4,,0
14001009,'1142462',1615,15,896,34,,,0
14001009,'1142479',1915,15,897,34,,,0
14001009,'1142483',1515,14,898,34,,,0
14001009,'1142505',2300,,899,34,4,,0
14001009,'1142508',1915,15,900,34,,,0
14001009,'1142510',1615,15,901,34,,,0
14001009,'1142517',1230,,902,34,4,,0
14001009,'1142538',1115,14,903,34,,,0
14001009,'1142556',1430,,904,34,4,,0
14001009,'1142580',1815,15,905,34,,,0
14001009,'1142619',2115,15,906,34,,,0
14001009,'1142627',1830,,907,34,4,,0
14001009,'1142660',1645,15,908,34,,,0
14001009,'1142682',815,15,909,34,,,0
14001009,'1142715',2015,15,910,34,,,0
14001009,'1142724',715,,911,1,,,0
14001009,'1142781',2215,15,912,34,,,0
14001009,'1142787',1815,15,913,34,,,0
14001009,'1142798',1330,,914,34,4,,0
14001009,'1142811',1215,14,915,34,,,0
14001009,'1142812',1745,15,916,34,,,0
14001009,'1142840',815,15,917,34,,,0
14001009,'1142842',2215,15,918,34,,,0
14001009,'1142843',1315,14,919,34,,,0
14001009,'1142861',1715,15,920,34,,,0
14001209,'1142139',1345,10,921,23,,,0
14001209,'1142151',1215,10,922,23,,,0
14001209,'1142158',1545,10,923,23,,,0
14001209,'1142168',1445,10,924,23,,,0
14001209,'1142228',1415,10,925,23,,,0
14001209,'1142235',1115,10,926,23,,,0
14001209,'1142256',1245,10,927,23,,,0
14001209,'1142291',1715,10,928,23,,,0
14001209,'1142293',1645,10,929,23,,,0
14001209,'1142309',1045,10,930,23,,,0
14001209,'1142370',815,10,931,23,,,0
14001209,'1142374',2305,,932,23,4,,0
14001209,'1142423',1145,10,933,23,,,0
14001209,'1142439',815,10,934,23,,,0
14001209,'1142486',845,10,935,23,,,0
14001209,'1142509',1515,10,936,23,,,0
14001209,'1142542',1915,10,937,23,,,0
14001209,'1142545',1115,10,938,23,,,0
14001209,'1142567',1015,10,939,23,,,0
14001209,'1142571',1715,10,940,23,,,0
14001209,'1142573',1315,10,941,23,,,0
14001209,'1142591',1815,10,942,23,,,0
14001209,'1142598',915,10,943,23,,,0
14001209,'1142600',745,10,944,23,,,0
14001209,'1142650',2215,10,945,23,,,0
14001209,'1142656',1835,,946,23,4,,0
14001209,'1142691',1815,10,947,23,,,0
14001209,'1142694',1315,10,948,23,,,0
14001209,'1142710',2215,10,949,23,,,0
14001209,'1142733',715,,950,1,,,0
14001209,'1142742',715,10,951,23,,,0
14001209,'1142760',945,10,952,23,,,0
14001209,'1142766',1215,10,953,23,,,0
14001209,'1142771',1745,10,954,23,,,0
14001209,'1142778',1615,10,955,23,,,0
14001209,'1142786',2115,10,956,23,,,0
14001209,'1142797',2015,10,957,23,,,0
14001209,'1142806',1415,10,958,23,,,0
14001209,'1142815',2305,,959,23,4,,0
14001209,'1142817',1615,10,960,23,,,0
14001209,'1142820',1915,10,961,23,,,0
14001209,'1142837',915,10,962,23,,,0
14001209,'1142854',1015,10,963,23,,,0
14001209,'1142855',2115,10,964,23,,,0
14001209,'1142858',1515,10,965,23,,,0
14001209,'1142869',2015,10,966,23,,,0
14001409,'1142132',1215,10,967,22,,,0
14001409,'1142141',915,10,968,22,,,0
14001409,'1142149',1715,10,969,22,,,0
14001409,'1142155',1215,10,970,22,,,0
14001409,'1142175',1315,10,971,22,,,0
14001409,'1142179',1445,10,972,22,,,0
14001409,'1142200',1415,10,973,22,,,0
14001409,'1142203',2215,10,974,22,,,0
14001409,'1142206',1915,10,975,22,,,0
14001409,'1142211',745,10,976,22,,,0
14001409,'1142248',645,,977,1,,,0
14001409,'1142253',1015,10,978,22,,,0
14001409,'1142257',2015,10,979,22,,,0
14001409,'1142272',1915,10,980,22,,,0
14001409,'1142298',915,10,981,22,,,0
14001409,'1142299',1715,10,982,22,,,0
14001409,'1142338',1615,10,983,22,,,0
14001409,'1142361',2115,10,984,22,,,0
14001409,'1142371',1245,10,985,22,,,0
14001409,'1142372',715,,986,1,,,0
14001409,'1142373',1745,10,987,22,,,0
14001409,'1142381',2115,10,988,22,,,0
14001409,'1142416',715,10,989,22,,,0
14001409,'1142418',1515,10,990,22,,,0
14001409,'1142421',1835,,991,22,4,,0
14001409,'1142456',1115,10,992,22,,,0
14001409,'1142477',1145,10,993,22,,,0
14001409,'1142481',1645,10,994,22,,,0
14001409,'1142488',1545,10,995,22,,,0
14001409,'1142526',1315,10,996,22,,,0
14001409,'1142560',1515,10,998,22,,,0
14001409,'1142562',1415,10,999,22,,,0
14001409,'1142611',1345,10,1000,22,,,0
14001409,'1142629',945,10,1001,22,,,0
14001409,'1142639',1815,10,1002,22,,,0
14001409,'1142654',1615,10,1003,22,,,0
14001409,'1142701',815,10,1004,22,,,0
14001409,'1142714',1015,10,1005,22,,,0
14001409,'1142752',2015,10,1007,22,,,0
14001409,'1142757',815,10,1008,22,,,0
14001409,'1142821',2215,10,1009,22,,,0
14001409,'1142851',1115,10,1010,22,,,0
14001409,'1142870',1045,10,1011,22,,,0
14001409,'1142874',1815,10,1012,22,,,0
14001409,'1142883',845,10,1013,22,,,0
14001609,'1142130',1915,10,1014,21,,,0
14001609,'1142152',1615,10,1015,21,,,0
14001609,'1142186',1915,10,1016,21,,,0
14001609,'1142197',815,10,1017,21,,,0
14001609,'1142215',2215,10,1018,21,,,0
14001609,'1142219',2015,10,1019,21,,,0
14001609,'1142224',1335,,1020,21,4,,0
14001609,'1142234',1715,10,1021,21,,,0
14001609,'1142239',1035,,1022,21,4,,0
14001609,'1142240',845,10,1023,21,,,0
14001609,'1142262',1515,10,1025,21,,,0
14001609,'1142276',715,,1026,1,,,0
14001609,'1142288',1815,10,1027,21,,,0
14001609,'1142308',1835,,1028,21,4,,0
14001609,'1142311',915,10,1029,21,,,0
14001609,'1142313',1315,10,1030,21,,,0
14001609,'1142401',1115,10,1032,21,,,0
14001609,'1142452',1415,10,1033,21,,,0
14001609,'1142468',1315,10,1034,21,,,0
14001609,'1142473',1135,,1035,21,4,,0
14001609,'1142480',1645,10,1036,21,,,0
14001609,'1142540',715,10,1038,21,,,0
14001609,'1142548',1715,10,1039,21,,,0
14001609,'1142594',1015,10,1040,21,,,0
14001609,'1142614',1415,10,1041,21,,,0
14001609,'1142631',915,10,1042,21,,,0
14001609,'1142633',1815,10,1043,21,,,0
14001609,'1142638',1745,10,1044,21,,,0
14001609,'1142644',815,10,1045,21,,,0
14001609,'1142658',2115,10,1046,21,,,0
14001609,'1142677',1015,10,1047,21,,,0
14001609,'1142688',1215,10,1048,21,,,0
14001609,'1142696',2015,10,1049,21,,,0
14001609,'1142711',745,10,1050,21,,,0
14001609,'1142717',1235,,1051,21,4,,0
14001609,'1142739',1115,10,1052,21,,,0
14001609,'1142758',2115,10,1053,21,,,0
14001609,'1142803',935,,1054,21,4,,0
14001609,'1142832',2215,10,1055,21,,,0
14001609,'1142833',1545,10,1056,21,,,0
14001609,'1142864',1515,10,1057,21,,,0
14001609,'1142866',1615,10,1058,21,,,0
14001609,'1142886',1435,,1060,21,4,,0
14001609,'1142888',1215,10,1061,21,,,0
19001109,'1142176',1815,5,1062,25,,,0
19001109,'1142184',1840,,1063,25,4,,0
19001109,'1142198',1745,5,1064,25,,,0
19001109,'1142212',1315,8,1065,25,,,0
19001109,'1142241',1645,,1066,1,,,0
19001109,'1142243',2215,5,1067,25,,,0
19001109,'1142245',915,5,1068,25,,,0
19001109,'1142246',1915,5,1069,25,,,0
19001109,'1142249',1715,5,1070,25,,,0
19001109,'1142251',1815,5,1071,25,,,0
19001109,'1142263',615,2,1072,4,,,0
19001109,'1142278',2015,5,1073,25,,,0
19001109,'1142294',2015,5,1075,25,,,0
19001109,'1142296',2115,5,1076,25,,,0
19001109,'1142339',715,5,1077,25,,,0
19001109,'1142345',1215,8,1078,25,,,0
19001109,'1142354',915,5,1079,25,,,0
19001109,'1142395',845,5,1080,25,,,0
19001109,'1142412',1415,8,1081,25,,,0
19001109,'1142429',645,,1082,1,,,0
19001109,'1142436',1145,,1083,1,,,0
19001109,'1142458',2115,5,1084,25,,,0
19001109,'1142492',815,5,1085,25,,,0
19001109,'1142503',1415,8,1086,25,,,0
19001109,'1142520',1915,5,1087,25,,,0
19001109,'1142533',1245,,1088,1,,,0
19001109,'1142539',815,5,1089,25,,,0
19001109,'1142552',2215,5,1090,25,,,0
19001109,'1142554',1515,8,1091,25,,,0
19001109,'1142579',1545,,1092,1,,,0
19001109,'1142582',1345,,1093,1,,,0
19001109,'1142583',1115,8,1094,25,,,0
19001109,'1142588',1215,8,1095,25,,,0
19001109,'1142606',1045,,1096,1,,,0
19001109,'1142643',1015,5,1097,25,,,0
19001109,'1142664',1515,8,1098,25,,,0
19001109,'1142674',945,5,1099,25,,,0
19001109,'1142729',1445,,1100,1,,,0
19001109,'1142756',1615,8,1101,25,,,0
19001109,'1142772',745,5,1102,25,,,0
19001109,'1142809',1715,5,1104,25,,,0
19001109,'1142814',1015,5,1105,25,,,0
19001109,'1142845',1115,8,1106,25,,,0
19001109,'1142860',1315,8,1107,25,,,0
19001109,'1142880',1615,8,1108,25,,,0
19001109,'1142882',715,5,1109,25,,,0
19001309,'1142135',2115,5,1110,33,,,0
19001309,'1142136',1445,5,1111,33,,,0
19001309,'1142154',2015,5,1112,33,,,0
19001309,'1142209',1815,5,1113,33,,,0
19001309,'1142233',1215,5,1114,33,,,0
19001309,'1142307',715,5,1115,33,,,0
19001309,'1142324',1545,5,1116,33,,,0
19001309,'1142327',745,5,1117,33,,,0
19001309,'1142333',1415,5,1118,33,,,0
19001309,'1142337',1345,5,1119,33,,,0
19001309,'1142343',1315,5,1120,33,,,0
19001309,'1142352',915,5,1121,33,,,0
19001309,'1142356',645,,1122,1,,,0
19001309,'1142380',2215,5,1123,33,,,0
19001309,'1142387',1315,5,1124,33,,,0
19001309,'1142413',815,5,1125,33,,,0
19001309,'1142434',1115,5,1126,33,,,0
19001309,'1142467',1645,5,1127,33,,,0
19001309,'1142472',945,5,1128,33,,,0
19001309,'1142498',1245,5,1129,33,,,0
19001309,'1142507',1215,5,1130,33,,,0
19001309,'1142516',915,5,1131,33,,,0
19001309,'1142536',1015,5,1132,33,,,0
19001309,'1142566',845,5,1133,33,,,0
19001309,'1142577',1115,5,1134,33,,,0
19001309,'1142581',1615,5,1135,33,,,0
19001309,'1142617',1415,5,1136,33,,,0
19001309,'1142620',1715,5,1137,33,,,0
19001309,'1142622',1815,5,1138,33,,,0
19001309,'1142657',715,5,1139,33,,,0
19001309,'1142683',615,,1140,1,,,0
19001309,'1142741',1015,5,1141,33,,,0
19001309,'1142775',1915,5,1142,33,,,0
19001309,'1142779',1715,5,1143,33,,,0
19001309,'1142785',2215,5,1144,33,,,0
19001309,'1142804',1915,5,1145,33,,,0
19001309,'1142810',1515,5,1146,33,,,0
19001309,'1142819',1515,5,1147,33,,,0
19001309,'1142828',1745,5,1148,33,,,0
19001309,'1142835',2115,5,1149,33,,,0
19001309,'1142836',1615,5,1150,33,,,0
19001309,'1142848',1045,5,1151,33,,,0
19001309,'1142849',1840,,1152,33,4,,0
19001309,'1142865',1145,5,1153,33,,,0
19001309,'1142877',2015,5,1154,33,,,0
19001309,'1142891',815,5,1155,33,,,0
19001509,'1142133',1715,10,1156,26,,,0
19001509,'1142140',615,,1157,1,,,0
19001509,'1142153',715,10,1158,26,,,0
19001509,'1142160',1015,10,1159,26,,,0
19001509,'1142170',1515,10,1160,26,,,0
19001509,'1142181',715,10,1161,26,,,0
19001509,'1142183',1615,10,1162,26,,,0
19001509,'1142185',1515,10,1163,26,,,0
19001509,'1142201',845,10,1164,26,,,0
19001509,'1142204',1315,10,1165,26,,,0
19001509,'1142217',1115,10,1167,26,,,0
19001509,'1142250',2115,10,1168,26,,,0
19001509,'1142261',1245,10,1169,26,,,0
19001509,'1142284',1045,10,1170,26,,,0
19001509,'1142302',1815,10,1172,26,,,0
19001509,'1142304',1835,,1173,26,4,,0
19001509,'1142318',945,10,1174,26,,,0
19001509,'1142351',2015,10,1175,26,,,0
19001509,'1142376',1815,10,1176,26,,,0
19001509,'1142422',1215,10,1177,26,,,0
19001509,'1142427',815,10,1178,26,,,0
19001509,'1142428',1645,10,1179,26,,,0
19001509,'1142440',1315,10,1180,26,,,0
19001509,'1142443',2015,10,1181,26,,,0
19001509,'1142474',745,10,1182,26,,,0
19001509,'1142476',1345,10,1183,26,,,0
19001509,'1142512',1145,10,1184,26,,,0
19001509,'1142514',1615,10,1185,26,,,0
19001509,'1142587',1745,10,1187,26,,,0
19001509,'1142615',1915,10,1188,26,,,0
19001509,'1142630',1915,10,1189,26,,,0
19001509,'1142653',1715,10,1190,26,,,0
19001509,'1142655',915,10,1191,26,,,0
19001509,'1142675',815,10,1192,26,,,0
19001509,'1142725',1545,10,1194,26,,,0
19001509,'1142736',1415,10,1195,26,,,0
19001509,'1142755',1115,10,1196,26,,,0
19001509,'1142769',645,,1197,1,,,0
19001509,'1142799',1445,10,1198,26,,,0
19001509,'1142808',2115,10,1199,26,,,0
19001509,'1142818',1215,10,1200,26,,,0
19001509,'1142823',1415,10,1201,26,,,0
19001509,'1142868',915,10,1202,26,,,0
19001509,'1142879',1015,10,1203,26,,,0
19001709,'1142163',1215,10,1204,34,,,0
19001709,'1142169',715,10,1205,34,,,0
19001709,'1142180',1415,10,1206,34,,,0
19001709,'1142193',1415,10,1207,34,,,0
19001709,'1142232',1915,10,1208,34,,,0
19001709,'1142259',2015,10,1209,34,,,0
19001709,'1142285',715,10,1210,34,,,0
19001709,'1142303',1345,,1211,1,,,0
19001709,'1142321',2115,10,1212,34,,,0
19001709,'1142340',915,10,1213,34,,,0
19001709,'1142346',1545,,1214,1,,,0
19001709,'1142365',1015,10,1215,34,,,0
19001709,'1142402',1835,,1216,34,4,,0
19001709,'1142415',915,10,1217,34,,,0
19001709,'1142417',1615,10,1218,34,,,0
19001709,'1142425',745,10,1219,34,,,0
19001709,'1142455',1615,10,1220,34,,,0
19001709,'1142490',1145,,1221,1,,,0
19001709,'1142494',1315,10,1222,34,,,0
19001709,'1142496',1515,10,1223,34,,,0
19001709,'1142502',1015,10,1224,34,,,0
19001709,'1142511',815,10,1225,34,,,0
19001709,'1142513',2305,,1226,34,4,,0
19001709,'1142515',1115,10,1227,34,,,0
19001709,'1142537',2205,,1228,34,4,,0
19001709,'1142547',1115,10,1229,34,,,0
19001709,'1142569',2115,10,1230,34,,,0
19001709,'1142572',1045,,1231,1,,,0
19001709,'1142595',2205,,1232,34,4,,0
19001709,'1142618',1915,10,1233,34,,,0
19001709,'1142632',1745,10,1234,34,,,0
19001709,'1142635',1715,10,1235,34,,,0
19001709,'1142636',615,,1236,1,,,0
19001709,'1142665',645,10,1237,34,,,0
19001709,'1142670',1715,10,1238,34,,,0
19001709,'1142689',845,10,1239,34,,,0
19001709,'1142695',2015,10,1240,34,,,0
19001709,'1142706',1815,10,1241,34,,,0
19001709,'1142727',1445,,1242,1,,,0
19001709,'1142747',1515,10,1243,34,,,0
19001709,'1142750',1215,10,1244,34,,,0
19001709,'1142751',1245,,1245,1,,,0
19001709,'1142768',1315,10,1246,34,,,0
19001709,'1142800',815,10,1247,34,,,0
19001709,'1142805',945,10,1248,34,,,0
19001709,'1142831',2305,,1249,34,4,,0
19001709,'1142841',1645,10,1250,34,,,0
19001709,'1142871',1815,10,1251,34,,,0
