15009,'1142326',1215,,785,21,0,20 15,0
15009,'1142391',1015,,786,21,0,20 15,0
15009,'1142463',1615,,789,21,0,20 15,0
15009,'1142521',915,,791,21,0,20 15,0
15009,'1142575',1515,,792,21,0,20 15,0
15009,'1142681',1315,,794,21,0,20 15,0
15009,'1142872',1115,,798,21,0,20 15,0
15009,'1142884',1415,,799,21,0,20 15,0
15009,'1142889',1715,,800,21,0,20 15,0
19001509,'1142133',1736,,1156,45,,,0
19001509,'1142140',636,,1157,20,,,0
19001509,'1142153',736,,1158,45,,,0
19001509,'1142160',1036,,1159,45,,,0
19001509,'1142170',1536,,1160,45,,,0
19001509,'1142181',736,,1161,45,,,0
19001509,'1142183',1636,,1162,45,,,0
19001509,'1142185',1536,,1163,45,,,0
19001509,'1142201',906,,1164,45,,,0
19001509,'1142204',1336,,1165,45,,,0
19001509,'1142217',1136,,1167,45,,,0
19001509,'1142250',2136,,1168,45,,,0
19001509,'1142261',1306,,1169,45,,,0
19001509,'1142284',1106,,1170,45,,,0
19001509,'1142302',1836,,1172,45,,,0
19001509,'1142318',1006,,1174,45,,,0
19001509,'1142351',2036,,1175,45,,,0
19001509,'1142376',1836,,1176,45,,,0
19001509,'1142422',1236,,1177,45,,,0
19001509,'1142427',836,,1178,45,,,0
19001509,'1142428',1706,,1179,45,,,0
19001509,'1142440',1336,,1180,45,,,0
19001509,'1142443',2036,,1181,45,,,0
19001509,'1142474',806,,1182,45,,,0
19001509,'1142476',1406,,1183,45,,,0
19001509,'1142512',1206,,1184,45,,,0
19001509,'1142514',1636,,1185,45,,,0
19001509,'1142587',1806,,1187,45,,,0
19001509,'1142615',1936,,1188,45,,,0
19001509,'1142630',1936,,1189,45,,,0
19001509,'1142653',1736,,1190,45,,,0
19001509,'1142655',936,,1191,45,,,0
19001509,'1142675',836,,1192,45,,,0
19001509,'1142725',1606,,1194,45,,,0
19001509,'1142736',1436,,1195,45,,,0
19001509,'1142755',1136,,1196,45,,,0
19001509,'1142769',706,,1197,20,,,0
19001509,'1142799',1506,,1198,45,,,0
19001509,'1142808',2136,,1199,45,,,0
19001509,'1142818',1236,,1200,45,,,0
19001509,'1142823',1436,,1201,45,,,0
19001509,'1142868',936,,1202,45,,,0
19001509,'1142879',1036,,1203,45,,,0
