11009,'1175720',1205,,1460,18,0,13 14 15,0
11009,'1175910',905,,1463,18,0,13 14 15,0
11009,'1175948',1705,,1464,18,0,13 14 15,0
11009,'1176063',1505,,1465,18,0,13 14 15,0
11009,'1176079',1405,,1466,18,0,13 14 15,0
11009,'1176108',1005,,1467,18,0,13 14 15,0
11009,'1176321',1105,,1471,18,0,13 14 15,0
11009,'1176658',1605,,1476,18,0,13 14 15,0
11009,'1176675',1305,,1477,18,0,13 14 15,0
11609,'1175716',1154,,1478,31,,,0
11609,'1175732',1554,,1479,31,,,0
11609,'1175756',1354,,1480,31,,,0
11609,'1175773',2054,,1481,31,,,0
11609,'1175832',1824,,1482,31,,,0
11609,'1175843',1454,,1483,31,,,0
11609,'1175850',2154,,1484,31,,,0
11609,'1175868',1254,,1485,31,,,0
11609,'1175918',1658,,1486,32,,,0
11609,'1175942',1754,,1487,31,,,0
11609,'1175949',1728,,1488,32,,,0
11609,'1175954',954,,1489,31,,,0
11609,'1175958',1554,,1490,31,,,0
11609,'1175970',1154,,1491,31,,,0
11609,'1176003',1954,,1492,31,,,0
11609,'1176080',1354,,1493,31,,,0
11609,'1176101',1854,,1494,31,,,0
11609,'1176137',1854,,1495,31,,,0
11609,'1176153',1654,,1496,31,,,0
11609,'1176239',1254,,1497,31,,,0
11609,'1176240',754,,1498,31,,,0
11609,'1176243',658,,1499,32,,,0
11609,'1176254',824,,1500,31,,,0
11609,'1176259',2054,,1501,31,,,0
11609,'1176276',854,,1502,31,,,0
11609,'1176432',728,,1503,32,,,0
11609,'1176433',1624,,1504,31,,,0
11609,'1176442',924,,1505,31,,,0
11609,'1176443',1054,,1506,31,,,0
11609,'1176475',754,,1507,31,,,0
11609,'1176603',1754,,1508,31,,,0
11609,'1176630',2154,,1509,31,,,0
11609,'1176639',1954,,1510,31,,,0
11609,'1176641',1054,,1511,31,,,0
11609,'1176646',954,,1512,31,,,0
11609,'1176652',854,,1513,31,,,0
11609,'1176685',1454,,1514,31,,,0
16009,'1175859',1244,,1588,30,0,16 17 11,0
16009,'1176087',1344,,1589,30,0,16 17 11,0
16009,'1176112',1444,,1590,30,0,16 17 11,0
16009,'1176128',1744,,1591,30,0,16 17 11,0
16009,'1176235',1044,,1593,30,0,16 17 11,0
16009,'1176236',1644,,1594,30,0,16 17 11,0
16009,'1176410',1544,,1599,30,0,16 17 11,0
16009,'1176572',944,,1602,30,0,16 17 11,0
16009,'1176585',1144,,1603,30,0,16 17 11,0
19001109,'1175757',2227,,1930,42,,,0
19001109,'1175788',1827,,1931,42,,,0
19001109,'1175797',1427,,1932,42,,,0
19001109,'1175800',1027,,1933,42,,,0
19001109,'1175811',1557,,1934,18,,,0
19001109,'1175846',1927,,1935,42,,,0
19001109,'1175854',1057,,1936,18,,,0
19001109,'1175866',1757,,1937,42,,,0
19001109,'1175889',1327,,1939,42,,,0
19001109,'1175960',1257,,1940,18,,,0
19001109,'1175990',1227,,1942,42,,,0
19001109,'1176025',627,,1943,21,,,0
19001109,'1176026',1327,,1944,42,,,0
19001109,'1176076',657,,1945,18,,,0
19001109,'1176086',1027,,1946,42,,,0
19001109,'1176114',927,,1947,42,,,0
19001109,'1176152',757,,1948,42,,,0
19001109,'1176229',2227,,1949,42,,,0
19001109,'1176246',827,,1950,42,,,0
19001109,'1176315',727,,1951,42,,,0
19001109,'1176316',1227,,1952,42,,,0
19001109,'1176317',1727,,1953,42,,,0
19001109,'1176322',957,,1954,42,,,0
19001109,'1176337',2027,,1955,42,,,0
19001109,'1176344',1627,,1956,42,,,0
19001109,'1176353',1627,,1957,42,,,0
19001109,'1176386',727,,1958,42,,,0
19001109,'1176406',1457,,1959,18,,,0
19001109,'1176429',1357,,1960,18,,,0
19001109,'1176444',1927,,1961,42,,,0
19001109,'1176445',2127,,1962,42,,,0
19001109,'1176478',1827,,1963,42,,,0
19001109,'1176517',1527,,1965,42,,,0
19001109,'1176557',927,,1966,42,,,0
19001109,'1176559',2027,,1967,42,,,0
19001109,'1176563',857,,1968,42,,,0
19001109,'1176570',1527,,1969,42,,,0
19001109,'1176581',1157,,1970,18,,,0
19001109,'1176586',1657,,1971,18,,,0
19001109,'1176595',1727,,1972,42,,,0
19001109,'1176605',1127,,1973,42,,,0
19001109,'1176616',1127,,1974,42,,,0
19001109,'1176620',827,,1975,42,,,0
19001109,'1176668',2127,,1976,42,,,0
19001109,'1176674',1427,,1977,42,,,0
