13009,'1175768',1405,,1533,14,0,19 15,0
13009,'1175851',1205,,1534,14,0,19 15,0
13009,'1175875',1305,,1535,14,0,19 15,0
13009,'1175888',1105,,1536,14,0,19 15,0
13009,'1176171',1505,,1538,14,0,19 15,0
13009,'1176184',905,,1539,14,0,19 15,0
13009,'1176223',1605,,1541,14,0,19 15,0
13009,'1176463',1005,,1547,14,0,19 15,0
13009,'1176497',1705,,1548,14,0,19 15,0
19001309,'1175728',856,,1978,46,,,0
19001309,'1175734',1526,,1979,46,,,0
19001309,'1175770',2026,,1980,46,,,0
19001309,'1175816',1826,,1982,46,,,0
19001309,'1175833',1726,,1983,46,,,0
19001309,'1175860',1356,,1984,46,,,0
19001309,'1175862',1126,,1985,46,,,0
19001309,'1175891',1156,,1986,46,,,0
19001309,'1175892',956,,1987,46,,,0
19001309,'1175985',656,,1988,14,,,0
19001309,'1175994',926,,1989,46,,,0
19001309,'1176023',826,,1990,46,,,0
19001309,'1176034',1126,,1991,46,,,0
19001309,'1176044',1426,,1992,46,,,0
19001309,'1176064',1056,,1993,46,,,0
19001309,'1176125',1726,,1994,46,,,0
19001309,'1176139',1226,,1995,46,,,0
19001309,'1176167',2226,,1996,46,,,0
19001309,'1176182',1326,,1997,46,,,0
19001309,'1176185',756,,1998,46,,,0
19001309,'1176187',1326,,1999,46,,,0
19001309,'1176196',1226,,2000,46,,,0
19001309,'1176261',1026,,2001,46,,,0
19001309,'1176277',2126,,2002,46,,,0
19001309,'1176318',1426,,2003,46,,,0
19001309,'1176331',2026,,2004,46,,,0
19001309,'1176338',1926,,2005,46,,,0
19001309,'1176348',1556,,2006,46,,,0
19001309,'1176367',1626,,2007,46,,,0
19001309,'1176387',2226,,2008,46,,,0
19001309,'1176389',826,,2009,46,,,0
19001309,'1176392',726,,2010,46,,,0
19001309,'1176394',1626,,2011,46,,,0
19001309,'1176446',1826,,2012,46,,,0
19001309,'1176462',2126,,2013,46,,,0
19001309,'1176473',1926,,2014,46,,,0
19001309,'1176527',1026,,2015,46,,,0
19001309,'1176539',1656,,2016,46,,,0
19001309,'1176543',1456,,2017,46,,,0
19001309,'1176550',626,,2018,14,,,0
19001309,'1176567',926,,2019,46,,,0
19001309,'1176597',1526,,2020,46,,,0
19001309,'1176614',1256,,2021,46,,,0
19001309,'1176638',1756,,2022,46,,,0
19001309,'1176660',726,,2023,46,,,0
