11609,'1175716',1147,,1478,17,,,0
11609,'1175732',1547,,1479,17,,,0
11609,'1175756',1347,,1480,17,,,0
11609,'1175773',2047,,1481,17,,,0
11609,'1175832',1817,,1482,17,,,0
11609,'1175843',1447,,1483,17,,,0
11609,'1175850',2147,,1484,17,,,0
11609,'1175868',1247,,1485,17,,,0
11609,'1175918',1647,,1486,17,,,0
11609,'1175942',1747,,1487,17,,,0
11609,'1175949',1717,,1488,17,,,0
11609,'1175954',947,,1489,17,,,0
11609,'1175958',1547,,1490,17,,,0
11609,'1175970',1147,,1491,17,,,0
11609,'1176003',1947,,1492,17,,,0
11609,'1176080',1347,,1493,17,,,0
11609,'1176101',1847,,1494,17,,,0
11609,'1176137',1847,,1495,17,,,0
11609,'1176153',1647,,1496,17,,,0
11609,'1176239',1247,,1497,17,,,0
11609,'1176240',747,,1498,17,,,0
11609,'1176243',647,,1499,17,,,0
11609,'1176254',817,,1500,17,,,0
11609,'1176259',2047,,1501,17,,,0
11609,'1176276',847,,1502,17,,,0
11609,'1176432',717,,1503,17,,,0
11609,'1176433',1617,,1504,17,,,0
11609,'1176442',917,,1505,17,,,0
11609,'1176443',1047,,1506,17,,,0
11609,'1176475',747,,1507,17,,,0
11609,'1176603',1747,,1508,17,,,0
11609,'1176630',2147,,1509,17,,,0
11609,'1176639',1947,,1510,17,,,0
11609,'1176641',1047,,1511,17,,,0
11609,'1176646',947,,1512,17,,,0
11609,'1176652',847,,1513,17,,,0
11609,'1176685',1447,,1514,17,,,0
16009,'1175859',1239,,1588,18,0,16 17 11,0
16009,'1176087',1339,,1589,18,0,16 17 11,0
16009,'1176112',1439,,1590,18,0,16 17 11,0
16009,'1176128',1739,,1591,18,0,16 17 11,0
16009,'1176235',1039,,1593,18,0,16 17 11,0
16009,'1176236',1639,,1594,18,0,16 17 11,0
16009,'1176410',1539,,1599,18,0,16 17 11,0
16009,'1176572',939,,1602,18,0,16 17 11,0
16009,'1176585',1139,,1603,18,0,16 17 11,0
