12009,'1142213',1526,,729,15,,,0
12009,'1142229',1126,,730,15,,,0
12009,'1142312',1426,,732,15,,,0
12009,'1142331',1726,,734,15,,,0
12009,'1142543',1326,,739,15,,,0
12009,'1142637',926,,740,15,,,0
12009,'1142666',1026,,741,15,,,0
12009,'1142669',1226,,742,15,,,0
12009,'1142712',1626,,743,15,,,0
19001709,'1142163',1151,,1204,15,,,0
19001709,'1142169',651,,1205,15,,,0
19001709,'1142180',1351,,1206,15,,,0
19001709,'1142193',1351,,1207,15,,,0
19001709,'1142232',1851,,1208,15,,,0
19001709,'1142259',1951,,1209,15,,,0
19001709,'1142285',651,,1210,15,,,0
19001709,'1142321',2051,,1212,15,,,0
19001709,'1142340',851,,1213,15,,,0
19001709,'1142365',951,,1215,15,,,0
19001709,'1142402',1821,,1216,15,0,8 9,0
19001709,'1142415',851,,1217,15,,,0
19001709,'1142417',1551,,1218,15,,,0
19001709,'1142425',721,,1219,15,,,0
19001709,'1142455',1551,,1220,15,,,0
19001709,'1142494',1251,,1222,15,,,0
19001709,'1142496',1451,,1223,15,,,0
19001709,'1142502',951,,1224,15,,,0
19001709,'1142511',751,,1225,15,,,0
19001709,'1142513',2251,,1226,15,0,8 9,0
19001709,'1142515',1051,,1227,15,,,0
19001709,'1142537',2151,,1228,15,0,8 9,0
19001709,'1142547',1051,,1229,15,,,0
19001709,'1142569',2051,,1230,15,,,0
19001709,'1142595',2151,,1232,15,0,8 9,0
19001709,'1142618',1851,,1233,15,,,0
19001709,'1142632',1721,,1234,15,,,0
19001709,'1142635',1651,,1235,15,,,0
19001709,'1142665',621,,1237,15,,,0
19001709,'1142670',1651,,1238,15,,,0
19001709,'1142689',821,,1239,15,,,0
19001709,'1142695',1951,,1240,15,,,0
19001709,'1142706',1751,,1241,15,,,0
19001709,'1142747',1451,,1243,15,,,0
19001709,'1142750',1151,,1244,15,,,0
19001709,'1142768',1251,,1246,15,,,0
19001709,'1142800',751,,1247,15,,,0
19001709,'1142805',921,,1248,15,,,0
19001709,'1142831',2251,,1249,15,0,8 9,0
19001709,'1142841',1621,,1250,15,,,0
19001709,'1142871',1751,,1251,15,,,0
