13009,'1142144',1024,,747,4,,,0
13009,'1142247',1424,,748,4,,,0
13009,'1142389',1624,,749,4,,,0
13009,'1142437',1224,,753,4,,,0
13009,'1142616',924,,755,4,,,0
13009,'1142716',1724,,758,4,,,0
13009,'1142721',1324,,760,4,,,0
13009,'1142852',1124,,763,4,,,0
13009,'1142885',1524,,764,4,,,0
14001209,'1142139',1317,,921,4,,,0
14001209,'1142151',1147,,922,4,,,0
14001209,'1142158',1517,,923,4,,,0
14001209,'1142168',1417,,924,4,,,0
14001209,'1142228',1347,,925,4,,,0
14001209,'1142235',1047,,926,4,,,0
14001209,'1142256',1217,,927,4,,,0
14001209,'1142291',1647,,928,4,,,0
14001209,'1142293',1617,,929,4,,,0
14001209,'1142309',1017,,930,4,,,0
14001209,'1142370',747,,931,4,,,0
14001209,'1142374',2247,,932,4,0,8 9,0
14001209,'1142423',1117,,933,4,,,0
14001209,'1142439',747,,934,4,,,0
14001209,'1142486',817,,935,4,,,0
14001209,'1142509',1447,,936,4,,,0
14001209,'1142542',1847,,937,4,,,0
14001209,'1142545',1047,,938,4,,,0
14001209,'1142567',947,,939,4,,,0
14001209,'1142571',1647,,940,4,,,0
14001209,'1142573',1247,,941,4,,,0
14001209,'1142591',1747,,942,4,,,0
14001209,'1142598',847,,943,4,,,0
14001209,'1142600',717,,944,4,,,0
14001209,'1142650',2147,,945,4,,,0
14001209,'1142656',1817,,946,4,0,8 9,0
14001209,'1142691',1747,,947,4,,,0
14001209,'1142694',1247,,948,4,,,0
14001209,'1142710',2147,,949,4,,,0
14001209,'1142742',647,,951,4,,,0
14001209,'1142760',917,,952,4,,,0
14001209,'1142766',1147,,953,4,,,0
14001209,'1142771',1717,,954,4,,,0
14001209,'1142778',1547,,955,4,,,0
14001209,'1142786',2047,,956,4,,,0
14001209,'1142797',1947,,957,4,,,0
14001209,'1142806',1347,,958,4,,,0
14001209,'1142815',2247,,959,4,0,8 9,0
14001209,'1142817',1547,,960,4,,,0
14001209,'1142820',1847,,961,4,,,0
14001209,'1142837',847,,962,4,,,0
14001209,'1142854',947,,963,4,,,0
14001209,'1142855',2047,,964,4,,,0
14001209,'1142858',1447,,965,4,,,0
14001209,'1142869',1947,,966,4,,,0
