16009,'1175714',1256,,1587,2,,,0
16009,'1176136',956,,1592,2,,,0
16009,'1176272',1356,,1595,2,,,0
16009,'1176282',856,,1596,2,,,0
16009,'1176290',1656,,1597,2,,,0
16009,'1176390',1156,,1598,2,,,0
16009,'1176528',1456,,1600,2,,,0
16009,'1176535',1556,,1601,2,,,0
16009,'1176682',1056,,1604,2,,,0
21609,'1175813',1916,,1624,2,,,0
21609,'1175831',716,,1625,2,,,0
21609,'1175857',1646,,1626,2,,,0
21609,'1175869',1716,,1627,2,,,0
21609,'1175916',1546,,1628,2,,,0
21609,'1175929',1316,,1629,2,,,0
21609,'1175966',1716,,1630,2,,,0
21609,'1175997',2116,,1631,2,,,0
21609,'1175998',916,,1632,2,,,0
21609,'1176028',1016,,1633,2,,,0
21609,'1176037',1816,,1634,2,,,0
21609,'1176041',1816,,1635,2,,,0
21609,'1176046',716,,1636,2,,,0
21609,'1176054',1616,,1637,2,,,0
21609,'1176067',646,,1638,2,,,0
21609,'1176111',1116,,1639,2,,,0
21609,'1176200',1416,,1640,2,,,0
21609,'1176207',2116,,1641,2,,,0
21609,'1176218',1116,,1642,2,,,0
21609,'1176289',1016,,1643,2,,,0
21609,'1176352',1216,,1644,2,,,0
21609,'1176395',1916,,1645,2,,,0
21609,'1176414',2016,,1646,2,,,0
21609,'1176430',1746,,1647,2,,,0
21609,'1176454',1616,,1648,2,,,0
21609,'1176460',816,,1649,2,,,0
21609,'1176467',1516,,1650,2,,,0
21609,'1176534',616,,1651,2,,,0
21609,'1176553',1216,,1652,2,,,0
21609,'1176576',916,,1653,2,,,0
21609,'1176651',816,,1654,2,,,0
21609,'1176656',1516,,1655,2,,,0
21609,'1176659',1416,,1656,2,,,0
21609,'1176663',1316,,1657,2,,,0
21609,'1176665',846,,1658,2,,,0
21609,'1176686',2016,,1659,2,,,0
21609,'1176690',746,,1660,2,,,0
