12009,'1175745',1515,,1515,1,,,0
12009,'1175747',1415,,1516,1,,,0
12009,'1175827',1115,,1517,1,,,0
12009,'1175839',1715,,1518,1,,,0
12009,'1175885',1817,,1519,53,4,,0
12009,'1175923',1604,,1520,53,4,,0
12009,'1175952',1404,,1521,53,4,,0
12009,'1175971',1104,,1522,53,4,,0
12009,'1176031',1015,,1523,1,,,0
12009,'1176115',1204,,1524,53,4,,0
12009,'1176149',1215,,1525,1,,,0
12009,'1176305',1704,,1526,53,4,,0
12009,'1176417',1315,,1527,1,,,0
12009,'1176431',1504,,1528,53,4,,0
12009,'1176471',1615,,1529,1,,,0
12009,'1176538',1004,,1530,53,4,,0
12009,'1176625',1304,,1531,53,4,,0
12009,'1176692',915,,1532,1,,,0
14001609,'1175722',1138,,1882,54,4,,0
14001609,'1175752',738,,1883,54,4,,0
14001609,'1175760',2038,,1884,54,4,,0
14001609,'1175852',638,,1887,11,4,,0
14001609,'1175908',908,,1888,54,4,,0
14001609,'1175922',1238,,1889,54,4,,0
14001609,'1175936',838,,1890,54,4,,0
14001609,'1175986',1438,,1892,54,4,,0
14001609,'1175988',1338,,1893,54,4,,0
14001609,'1175989',1838,,1894,54,4,,0
14001609,'1176015',938,,1896,54,4,,0
14001609,'1176168',1338,,1898,54,4,,0
14001609,'1176170',1608,,1899,54,4,,0
14001609,'1176241',2138,,1900,54,4,,0
14001609,'1176247',808,,1901,54,4,,0
14001609,'1176270',2238,,1902,54,4,,0
14001609,'1176280',1638,,1903,54,4,,0
14001609,'1176296',1538,,1904,54,4,,0
14001609,'1176309',2238,,1905,54,4,,0
14001609,'1176320',1838,,1906,54,4,,0
14001609,'1176381',1038,,1908,54,4,,0
14001609,'1176402',2038,,1909,54,4,,0
14001609,'1176421',838,,1910,54,4,,0
14001609,'1176486',1808,,1911,54,4,,0
14001609,'1176492',1138,,1912,54,4,,0
14001609,'1176495',1938,,1913,54,4,,0
14001609,'1176500',1638,,1914,54,4,,0
14001609,'1176504',1738,,1915,54,4,,0
14001609,'1176510',1538,,1916,54,4,,0
14001609,'1176518',1708,,1917,54,4,,0
14001609,'1176524',1038,,1918,54,4,,0
14001609,'1176533',938,,1919,54,4,,0
14001609,'1176549',708,,1920,11,4,,0
14001609,'1176577',2138,,1921,54,4,,0
14001609,'1176584',638,,1922,11,4,,0
14001609,'1176602',1438,,1924,54,4,,0
14001609,'1176610',611,,1925,11,4,,0
14001609,'1176621',1938,,1926,54,4,,0
14001609,'1176627',1738,,1927,54,4,,0
14001609,'1176666',738,,1928,34,4,,0
14001609,'1176671',1238,,1929,54,4,,0
19001709,'1175717',1442,,2072,1,,,0
19001709,'1175742',1042,,2073,1,,,0
19001709,'1175751',1042,,2074,1,,,0
19001709,'1175789',642,,2076,1,,,0
19001709,'1175830',1942,,2077,1,,,0
19001709,'1175877',1142,,2078,1,,,0
19001709,'1175947',1642,,2079,1,,,0
19001709,'1175951',712,,2080,1,,,0
19001709,'1175978',742,,2081,1,,,0
19001709,'1176042',1642,,2082,1,,,0
19001709,'1176052',2142,,2083,1,0,8 21,0
19001709,'1176058',1442,,2084,1,,,0
19001709,'1176065',1542,,2085,1,,,0
19001709,'1176099',1342,,2086,1,,,0
19001709,'1176119',1742,,2088,1,,,0
19001709,'1176120',1842,,2089,1,,,0
19001709,'1176124',2242,,2090,1,0,8 21,0
19001709,'1176130',1242,,2091,1,,,0
19001709,'1176156',1942,,2092,1,,,0
19001709,'1176161',1342,,2093,1,,,0
19001709,'1176166',912,,2094,1,,,0
19001709,'1176201',842,,2095,1,,,0
19001709,'1176252',812,,2097,1,,,0
19001709,'1176273',942,,2099,1,,,0
19001709,'1176303',1612,,2101,1,,,0
19001709,'1176312',1712,,2102,1,,,0
19001709,'1176349',1842,,2103,1,,,0
19001709,'1176415',742,,2105,1,,,0
19001709,'1176420',1142,,2106,1,,,0
19001709,'1176468',2142,,2107,1,0,8 21,0
19001709,'1176482',1242,,2108,1,,,0
19001709,'1176513',642,,2109,1,,,0
19001709,'1176554',1742,,2111,1,,,0
19001709,'1176592',612,,2112,1,,,0
19001709,'1176601',1542,,2113,1,,,0
19001709,'1176617',2042,,2114,1,,,0
19001709,'1176629',942,,2115,1,,,0
19001709,'1176637',842,,2116,1,,,0
19001709,'1176640',1812,,2117,1,0,8 21,0
19001709,'1176655',2042,,2118,1,,,0
19001709,'1176661',2242,,2119,1,0,8 21,0
