20009,'1175886',1501,,1606,18,,,0
20009,'1176006',1001,,1608,18,,,0
20009,'1176032',1301,,1609,18,,,0
20009,'1176110',1601,,1610,18,,,0
20009,'1176370',1201,,1614,18,,,0
20009,'1176412',1101,,1617,18,,,0
20009,'1176469',1401,,1619,18,,,0
20009,'1176512',1701,,1620,18,,,0
20009,'1176525',901,,1621,8,,,0
19001709,'1175717',1521,,2072,40,,,0
19001709,'1175742',1121,,2073,40,,,0
19001709,'1175751',1121,,2074,40,,,0
19001709,'1175777',1151,,2075,7,,,0
19001709,'1175789',721,,2076,40,,,0
19001709,'1175830',2021,,2077,40,,,0
19001709,'1175877',1221,,2078,40,,,0
19001709,'1175947',1721,,2079,40,,,0
19001709,'1175951',751,,2080,40,,,0
19001709,'1175978',821,,2081,40,,,0
19001709,'1176042',1721,,2082,40,,,0
19001709,'1176058',1521,,2084,40,,,0
19001709,'1176065',1621,,2085,40,,,0
19001709,'1176099',1421,,2086,40,,,0
19001709,'1176116',1551,,2087,7,,,0
19001709,'1176119',1821,,2088,40,,,0
19001709,'1176120',1921,,2089,40,,,0
19001709,'1176130',1321,,2091,40,,,0
19001709,'1176156',2021,,2092,40,,,0
19001709,'1176161',1421,,2093,40,,,0
19001709,'1176166',951,,2094,40,,,0
19001709,'1176201',921,,2095,40,,,0
19001709,'1176209',1351,,2096,7,,,0
19001709,'1176252',851,,2097,40,,,0
19001709,'1176264',1451,,2098,7,,,0
19001709,'1176273',1021,,2099,40,,,0
19001709,'1176297',1251,,2100,7,,,0
19001709,'1176303',1651,,2101,40,,,0
19001709,'1176312',1751,,2102,40,,,0
19001709,'1176349',1921,,2103,40,,,0
19001709,'1176380',1051,,2104,7,,,0
19001709,'1176415',821,,2105,40,,,0
19001709,'1176420',1221,,2106,40,,,0
19001709,'1176482',1321,,2108,40,,,0
19001709,'1176513',721,,2109,40,,,0
19001709,'1176547',621,,2110,7,,,0
19001709,'1176554',1821,,2111,40,,,0
19001709,'1176592',651,,2112,40,,,0
19001709,'1176601',1621,,2113,40,,,0
19001709,'1176617',2121,,2114,40,,,0
19001709,'1176629',1021,,2115,40,,,0
19001709,'1176637',921,,2116,40,,,0
19001709,'1176655',2121,,2118,40,,,0
