11009,'1142335',1547,,679,28,,,0
11009,'1142379',1047,,680,28,,,0
11009,'1142419',1447,,681,28,,,0
11009,'1142541',947,,682,28,,,0
11009,'1142671',1347,,686,28,,,0
11009,'1142693',1747,,687,28,,,0
11009,'1142705',1147,,688,28,,,0
11009,'1142723',1247,,689,28,,,0
11009,'1142862',1647,,691,28,,,0
14001009,'1142143',1358,,875,30,,,0
14001009,'1142178',657,,876,30,,,0
14001009,'1142189',857,,877,30,,,0
14001009,'1142190',727,,878,30,,,0
14001009,'1142194',1458,,879,30,,,0
14001009,'1142216',958,,880,30,,,0
14001009,'1142231',827,,881,30,,,0
14001009,'1142237',1358,,882,30,,,0
14001009,'1142279',1657,,883,30,,,0
14001009,'1142282',1258,,884,30,,,0
14001009,'1142286',857,,885,30,,,0
14001009,'1142290',1957,,886,30,,,0
14001009,'1142306',1027,,887,30,0,8 9,0
14001009,'1142344',2057,,888,30,,,0
14001009,'1142360',1158,,889,30,,,0
14001009,'1142369',2257,,890,30,0,8 9,0
14001009,'1142375',1058,,891,30,,,0
14001009,'1142407',1527,,892,30,0,8 9,0
14001009,'1142438',927,,893,30,0,8 9,0
14001009,'1142459',958,,894,30,,,0
14001009,'1142460',1127,,895,30,0,8 9,0
14001009,'1142462',1557,,896,30,,,0
14001009,'1142479',1857,,897,30,,,0
14001009,'1142483',1458,,898,30,,,0
14001009,'1142505',2257,,899,30,0,8 9,0
14001009,'1142508',1857,,900,30,,,0
14001009,'1142510',1557,,901,30,,,0
14001009,'1142517',1227,,902,30,0,8 9,0
14001009,'1142538',1058,,903,30,,,0
14001009,'1142556',1427,,904,30,0,8 9,0
14001009,'1142580',1757,,905,30,,,0
14001009,'1142619',2057,,906,30,,,0
14001009,'1142627',1827,,907,30,0,8 9,0
14001009,'1142660',1627,,908,30,,,0
14001009,'1142682',757,,909,30,,,0
14001009,'1142715',1957,,910,30,,,0
14001009,'1142781',2157,,912,30,,,0
14001009,'1142787',1757,,913,30,,,0
14001009,'1142798',1327,,914,30,0,8 9,0
14001009,'1142811',1158,,915,30,,,0
14001009,'1142812',1727,,916,30,,,0
14001009,'1142840',757,,917,30,,,0
14001009,'1142842',2157,,918,30,,,0
14001009,'1142843',1258,,919,30,,,0
14001009,'1142861',1657,,920,30,,,0
