14001409,'1175733',1921,,1835,27,,,0
14001409,'1175775',1221,,1836,27,,,0
14001409,'1175776',2121,,1837,27,,,0
14001409,'1175786',2021,,1838,27,,,0
14001409,'1175790',1621,,1839,27,,,0
14001409,'1175803',1421,,1840,27,,,0
14001409,'1175809',951,,1841,27,,,0
14001409,'1175820',1521,,1842,27,,,0
14001409,'1175821',1221,,1843,27,,,0
14001409,'1175838',1151,,1844,27,,,0
14001409,'1175856',1121,,1845,27,,,0
14001409,'1175876',1621,,1846,27,,,0
14001409,'1175893',1921,,1847,27,,,0
14001409,'1175894',1751,,1848,27,,,0
14001409,'1175902',1651,,1849,27,,,0
14001409,'1175961',1321,,1850,27,,,0
14001409,'1175973',921,,1851,27,,,0
14001409,'1175975',1821,,1852,27,,,0
14001409,'1175999',851,,1854,27,,,0
14001409,'1176001',1051,,1855,27,,,0
14001409,'1176014',1121,,1856,27,,,0
14001409,'1176036',751,,1857,27,,,0
14001409,'1176047',1421,,1858,27,,,0
14001409,'1176050',2121,,1859,27,,,0
14001409,'1176071',1251,,1860,27,,,0
14001409,'1176160',1721,,1861,27,,,0
14001409,'1176250',821,,1862,27,,,0
14001409,'1176268',2221,,1863,27,,,0
14001409,'1176283',1351,,1864,27,,,0
14001409,'1176308',2221,,1866,27,,,0
14001409,'1176314',721,,1867,27,,,0
14001409,'1176393',1021,,1869,27,,,0
14001409,'1176423',821,,1870,27,,,0
14001409,'1176464',651,,1871,6,,,0
14001409,'1176476',1551,,1872,27,,,0
14001409,'1176485',1021,,1873,27,,,0
14001409,'1176522',921,,1874,27,,,0
14001409,'1176530',721,,1875,6,,,0
14001409,'1176556',1721,,1876,27,,,0
14001409,'1176558',1521,,1877,27,,,0
14001409,'1176598',2021,,1878,27,,,0
14001409,'1176631',1321,,1879,27,,,0
14001409,'1176643',1451,,1880,27,,,0
14001409,'1176681',1821,,1881,27,,,0
