11609,'1175716',1159,,1478,35,,,0
11609,'1175732',1559,,1479,35,,,0
11609,'1175756',1359,,1480,35,,,0
11609,'1175773',2059,,1481,35,,,0
11609,'1175832',1831,,1482,35,,,0
11609,'1175843',1459,,1483,35,,,0
11609,'1175850',2159,,1484,35,,,0
11609,'1175868',1259,,1485,35,,,0
11609,'1175918',1701,,1486,36,,,0
11609,'1175942',1759,,1487,35,,,0
11609,'1175949',1731,,1488,36,,,0
11609,'1175954',959,,1489,35,,,0
11609,'1175958',1559,,1490,35,,,0
11609,'1175970',1159,,1491,35,,,0
11609,'1176003',1959,,1492,35,,,0
11609,'1176080',1359,,1493,35,,,0
11609,'1176101',1859,,1494,35,,,0
11609,'1176137',1859,,1495,35,,,0
11609,'1176153',1659,,1496,35,,,0
11609,'1176239',1259,,1497,35,,,0
11609,'1176240',759,,1498,35,,,0
11609,'1176243',701,,1499,36,,,0
11609,'1176254',829,,1500,35,,,0
11609,'1176259',2059,,1501,35,,,0
11609,'1176276',859,,1502,35,,,0
11609,'1176432',731,,1503,36,,,0
11609,'1176433',1629,,1504,35,,,0
11609,'1176442',929,,1505,35,,,0
11609,'1176443',1059,,1506,35,,,0
11609,'1176475',759,,1507,35,,,0
11609,'1176603',1759,,1508,35,,,0
11609,'1176630',2159,,1509,35,,,0
11609,'1176639',1959,,1510,35,,,0
11609,'1176641',1059,,1511,35,,,0
11609,'1176646',959,,1512,35,,,0
11609,'1176652',859,,1513,35,,,0
11609,'1176685',1459,,1514,35,,,0
16009,'1175859',1246,,1588,34,0,16 17 11,0
16009,'1176087',1346,,1589,34,0,16 17 11,0
16009,'1176112',1446,,1590,34,0,16 17 11,0
16009,'1176128',1746,,1591,34,0,16 17 11,0
16009,'1176235',1046,,1593,34,0,16 17 11,0
16009,'1176236',1646,,1594,34,0,16 17 11,0
16009,'1176410',1546,,1599,34,0,16 17 11,0
16009,'1176572',946,,1602,34,0,16 17 11,0
16009,'1176585',1146,,1603,34,0,16 17 11,0
