14009,'1175812',1718,,1554,6,,,0
14009,'1175822',1018,,1555,6,,,0
14009,'1175823',1618,,1556,6,,,0
14009,'1175927',1318,,1558,6,,,0
14009,'1176135',918,,1559,6,,,0
14009,'1176326',1118,,1562,6,,,0
14009,'1176364',1418,,1563,6,,,0
14009,'1176520',1518,,1565,6,,,0
14009,'1176678',1218,,1568,6,,,0
19001109,'1175757',2148,,1930,6,,,0
19001109,'1175788',1748,,1931,6,,,0
19001109,'1175797',1348,,1932,6,,,0
19001109,'1175800',948,,1933,6,,,0
19001109,'1175846',1848,,1935,6,,,0
19001109,'1175866',1718,,1937,6,,,0
19001109,'1175873',1818,,1938,6,0,8 21,0
19001109,'1175889',1248,,1939,6,,,0
19001109,'1175976',2243,,1941,6,0,12,0
19001109,'1175990',1148,,1942,6,,,0
19001109,'1176026',1248,,1944,6,,,0
19001109,'1176086',948,,1946,6,,,0
19001109,'1176114',848,,1947,6,,,0
19001109,'1176152',718,,1948,6,,,0
19001109,'1176229',2148,,1949,6,,,0
19001109,'1176246',748,,1950,6,,,0
19001109,'1176315',648,,1951,6,,,0
19001109,'1176316',1148,,1952,6,,,0
19001109,'1176317',1648,,1953,6,,,0
19001109,'1176322',918,,1954,6,,,0
19001109,'1176337',1948,,1955,6,,,0
19001109,'1176344',1548,,1956,6,,,0
19001109,'1176353',1548,,1957,6,,,0
19001109,'1176386',648,,1958,6,,,0
19001109,'1176444',1848,,1961,6,,,0
19001109,'1176445',2048,,1962,6,,,0
19001109,'1176478',1748,,1963,6,,,0
19001109,'1176509',2243,,1964,6,0,12,0
19001109,'1176517',1448,,1965,6,,,0
19001109,'1176557',848,,1966,6,,,0
19001109,'1176559',1948,,1967,6,,,0
19001109,'1176563',818,,1968,6,,,0
19001109,'1176570',1448,,1969,6,,,0
19001109,'1176595',1648,,1972,6,,,0
19001109,'1176605',1048,,1973,6,,,0
19001109,'1176616',1048,,1974,6,,,0
19001109,'1176620',748,,1975,6,,,0
19001109,'1176668',2048,,1976,6,,,0
19001109,'1176674',1348,,1977,6,,,0
