11609,'1175716',1140,,1478,5,,,0
11609,'1175732',1540,,1479,5,,,0
11609,'1175756',1340,,1480,5,,,0
11609,'1175773',2040,,1481,5,,,0
11609,'1175832',1810,,1482,5,,,0
11609,'1175843',1440,,1483,5,,,0
11609,'1175850',2140,,1484,5,,,0
11609,'1175868',1240,,1485,5,,,0
11609,'1175918',1640,,1486,5,,,0
11609,'1175942',1740,,1487,5,,,0
11609,'1175949',1710,,1488,5,,,0
11609,'1175954',940,,1489,5,,,0
11609,'1175958',1540,,1490,5,,,0
11609,'1175970',1140,,1491,5,,,0
11609,'1176003',1940,,1492,5,,,0
11609,'1176080',1340,,1493,5,,,0
11609,'1176101',1840,,1494,5,,,0
11609,'1176137',1840,,1495,5,,,0
11609,'1176153',1640,,1496,5,,,0
11609,'1176239',1240,,1497,5,,,0
11609,'1176240',740,,1498,5,,,0
11609,'1176243',640,,1499,5,,,0
11609,'1176254',810,,1500,5,,,0
11609,'1176259',2040,,1501,5,,,0
11609,'1176276',840,,1502,5,,,0
11609,'1176432',710,,1503,5,,,0
11609,'1176433',1610,,1504,5,,,0
11609,'1176442',910,,1505,5,,,0
11609,'1176443',1040,,1506,5,,,0
11609,'1176475',740,,1507,5,,,0
11609,'1176603',1740,,1508,5,,,0
11609,'1176630',2140,,1509,5,,,0
11609,'1176639',1940,,1510,5,,,0
11609,'1176641',1040,,1511,5,,,0
11609,'1176646',940,,1512,5,,,0
11609,'1176652',840,,1513,5,,,0
11609,'1176685',1440,,1514,5,,,0
16009,'1175859',1232,,1588,5,0,16 17 11,0
16009,'1176087',1332,,1589,5,0,16 17 11,0
16009,'1176112',1432,,1590,5,0,16 17 11,0
16009,'1176128',1732,,1591,5,0,16 17 11,0
16009,'1176235',1032,,1593,5,0,16 17 11,0
16009,'1176236',1632,,1594,5,0,16 17 11,0
16009,'1176410',1532,,1599,5,0,16 17 11,0
16009,'1176572',932,,1602,5,0,16 17 11,0
16009,'1176585',1132,,1603,5,0,16 17 11,0
