14009,'1175724',1456,,1551,31,0,5 6 22,0
14009,'1175759',1256,,1552,31,0,5 6 22,0
14009,'1175767',1356,,1553,31,0,5 6 22,0
14009,'1175834',1556,,1557,31,0,5 6 22,0
14009,'1176178',1056,,1560,31,0,5 6 22,0
14009,'1176234',1809,,1561,31,0,5 6 22,0
14009,'1176418',1156,,1564,31,0,5 6 22,0
14009,'1176613',1656,,1566,31,0,5 6 22,0
14009,'1176636',956,,1567,31,0,5 6 22,0
14001009,'1175755',926,,1743,46,,,0
14001009,'1175787',1826,,1744,46,,,0
14001009,'1175798',1826,,1745,46,,,0
14001009,'1175810',726,,1747,13,,,0
14001009,'1175825',1626,,1748,46,,,0
14001009,'1175826',1324,,1749,47,,,0
14001009,'1175836',1756,,1750,46,,,0
14001009,'1175840',2026,,1751,46,,,0
14001009,'1175890',2026,,1753,46,,,0
14001009,'1175905',2126,,1754,46,,,0
14001009,'1175937',1424,,1755,47,,,0
14001009,'1175943',1726,,1756,46,,,0
14001009,'1175995',1124,,1758,47,,,0
14001009,'1176008',756,,1759,46,,,0
14001009,'1176017',826,,1760,46,,,0
14001009,'1176075',1726,,1761,46,,,0
14001009,'1176104',2226,,1762,46,,,0
14001009,'1176141',1325,,1763,47,,,0
14001009,'1176158',1525,,1764,47,,,0
14001009,'1176198',1025,,1766,47,,,0
14001009,'1176208',2226,,1767,46,,,0
14001009,'1176215',1926,,1768,46,,,0
14001009,'1176249',1125,,1770,47,,,0
14001009,'1176269',2126,,1771,46,,,0
14001009,'1176311',1024,,1774,47,,,0
14001009,'1176346',856,,1775,46,,,0
14001009,'1176365',926,,1776,46,,,0
14001009,'1176376',1626,,1777,46,,,0
14001009,'1176382',1224,,1778,47,,,0
14001009,'1176449',726,,1779,46,,,0
14001009,'1176545',826,,1781,46,,,0
14001009,'1176551',1425,,1782,47,,,0
14001009,'1176579',1656,,1783,46,,,0
14001009,'1176580',1225,,1784,47,,,0
14001009,'1176607',1926,,1785,46,,,0
14001009,'1176653',1524,,1788,47,,,0
