11009,'1175720',1202,,1460,13,0,13 14 15,0
11009,'1175910',902,,1463,13,0,13 14 15,0
11009,'1175948',1702,,1464,13,0,13 14 15,0
11009,'1176063',1502,,1465,13,0,13 14 15,0
11009,'1176079',1402,,1466,13,0,13 14 15,0
11009,'1176108',1002,,1467,13,0,13 14 15,0
11009,'1176321',1102,,1471,13,0,13 14 15,0
11009,'1176658',1602,,1476,13,0,13 14 15,0
11009,'1176675',1302,,1477,13,0,13 14 15,0
16009,'1175714',1308,,1587,23,,,0
16009,'1176136',1008,,1592,23,,,0
16009,'1176272',1408,,1595,23,,,0
16009,'1176282',908,,1596,23,,,0
16009,'1176290',1708,,1597,23,,,0
16009,'1176390',1208,,1598,23,,,0
16009,'1176528',1508,,1600,23,,,0
16009,'1176535',1608,,1601,23,,,0
16009,'1176682',1108,,1604,23,,,0
21609,'1175813',1930,,1624,25,,,0
21609,'1175831',733,,1625,26,,,0
21609,'1175857',1703,,1626,26,,,0
21609,'1175869',1733,,1627,26,,,0
21609,'1175916',1600,,1628,25,,,0
21609,'1175929',1330,,1629,25,,,0
21609,'1175966',1730,,1630,25,,,0
21609,'1175997',2130,,1631,25,,,0
21609,'1175998',930,,1632,25,,,0
21609,'1176028',1030,,1633,25,,,0
21609,'1176037',1830,,1634,25,,,0
21609,'1176041',1830,,1635,25,,,0
21609,'1176046',730,,1636,25,,,0
21609,'1176054',1633,,1637,26,,,0
21609,'1176067',703,,1638,26,,,0
21609,'1176111',1130,,1639,25,,,0
21609,'1176200',1430,,1640,25,,,0
21609,'1176207',2130,,1641,25,,,0
21609,'1176218',1130,,1642,25,,,0
21609,'1176289',1030,,1643,25,,,0
21609,'1176352',1230,,1644,25,,,0
21609,'1176395',1930,,1645,25,,,0
21609,'1176414',2030,,1646,25,,,0
21609,'1176430',1800,,1647,25,,,0
21609,'1176454',1630,,1648,25,,,0
21609,'1176460',830,,1649,25,,,0
21609,'1176467',1530,,1650,25,,,0
21609,'1176534',630,,1651,25,,,0
21609,'1176553',1230,,1652,25,,,0
21609,'1176576',930,,1653,25,,,0
21609,'1176651',830,,1654,25,,,0
21609,'1176656',1530,,1655,25,,,0
21609,'1176659',1430,,1656,25,,,0
21609,'1176663',1330,,1657,25,,,0
21609,'1176665',900,,1658,25,,,0
21609,'1176686',2030,,1659,25,,,0
21609,'1176690',800,,1660,25,,,0
19001109,'1175757',2223,,1930,37,,,0
19001109,'1175788',1823,,1931,37,,,0
19001109,'1175797',1423,,1932,37,,,0
19001109,'1175800',1023,,1933,37,,,0
19001109,'1175811',1553,,1934,13,,,0
19001109,'1175846',1923,,1935,37,,,0
19001109,'1175854',1053,,1936,13,,,0
19001109,'1175866',1753,,1937,37,,,0
19001109,'1175889',1323,,1939,37,,,0
19001109,'1175960',1253,,1940,13,,,0
19001109,'1175990',1223,,1942,37,,,0
19001109,'1176025',623,,1943,16,,,0
19001109,'1176026',1323,,1944,37,,,0
19001109,'1176076',653,,1945,13,,,0
19001109,'1176086',1023,,1946,37,,,0
19001109,'1176114',923,,1947,37,,,0
19001109,'1176152',753,,1948,37,,,0
19001109,'1176229',2223,,1949,37,,,0
19001109,'1176246',823,,1950,37,,,0
19001109,'1176315',723,,1951,37,,,0
19001109,'1176316',1223,,1952,37,,,0
19001109,'1176317',1723,,1953,37,,,0
19001109,'1176322',953,,1954,37,,,0
19001109,'1176337',2023,,1955,37,,,0
19001109,'1176344',1623,,1956,37,,,0
19001109,'1176353',1623,,1957,37,,,0
19001109,'1176386',723,,1958,37,,,0
19001109,'1176406',1453,,1959,13,,,0
19001109,'1176429',1353,,1960,13,,,0
19001109,'1176444',1923,,1961,37,,,0
19001109,'1176445',2123,,1962,37,,,0
19001109,'1176478',1823,,1963,37,,,0
19001109,'1176517',1523,,1965,37,,,0
19001109,'1176557',923,,1966,37,,,0
19001109,'1176559',2023,,1967,37,,,0
19001109,'1176563',853,,1968,37,,,0
19001109,'1176570',1523,,1969,37,,,0
19001109,'1176581',1153,,1970,13,,,0
19001109,'1176586',1653,,1971,13,,,0
19001109,'1176595',1723,,1972,37,,,0
19001109,'1176605',1123,,1973,37,,,0
19001109,'1176616',1123,,1974,37,,,0
19001109,'1176620',823,,1975,37,,,0
19001109,'1176668',2123,,1976,37,,,0
19001109,'1176674',1423,,1977,37,,,0
