16009,'1175714',1307,,1587,21,,,0
16009,'1176136',1007,,1592,21,,,0
16009,'1176272',1407,,1595,21,,,0
16009,'1176282',907,,1596,21,,,0
16009,'1176290',1707,,1597,21,,,0
16009,'1176390',1207,,1598,21,,,0
16009,'1176528',1507,,1600,21,,,0
16009,'1176535',1607,,1601,21,,,0
16009,'1176682',1107,,1604,21,,,0
21609,'1175813',1929,,1624,23,,,0
21609,'1175831',732,,1625,24,,,0
21609,'1175857',1702,,1626,24,,,0
21609,'1175869',1732,,1627,24,,,0
21609,'1175916',1559,,1628,23,,,0
21609,'1175929',1329,,1629,23,,,0
21609,'1175966',1729,,1630,23,,,0
21609,'1175997',2129,,1631,23,,,0
21609,'1175998',929,,1632,23,,,0
21609,'1176028',1029,,1633,23,,,0
21609,'1176037',1829,,1634,23,,,0
21609,'1176041',1829,,1635,23,,,0
21609,'1176046',729,,1636,23,,,0
21609,'1176054',1632,,1637,24,,,0
21609,'1176067',702,,1638,24,,,0
21609,'1176111',1129,,1639,23,,,0
21609,'1176200',1429,,1640,23,,,0
21609,'1176207',2129,,1641,23,,,0
21609,'1176218',1129,,1642,23,,,0
21609,'1176289',1029,,1643,23,,,0
21609,'1176352',1229,,1644,23,,,0
21609,'1176395',1929,,1645,23,,,0
21609,'1176414',2029,,1646,23,,,0
21609,'1176430',1759,,1647,23,,,0
21609,'1176454',1629,,1648,23,,,0
21609,'1176460',829,,1649,23,,,0
21609,'1176467',1529,,1650,23,,,0
21609,'1176534',629,,1651,23,,,0
21609,'1176553',1229,,1652,23,,,0
21609,'1176576',929,,1653,23,,,0
21609,'1176651',829,,1654,23,,,0
21609,'1176656',1529,,1655,23,,,0
21609,'1176659',1429,,1656,23,,,0
21609,'1176663',1329,,1657,23,,,0
21609,'1176665',859,,1658,23,,,0
21609,'1176686',2029,,1659,23,,,0
21609,'1176690',759,,1660,23,,,0
