12009,'1175745',1552,,1515,33,,,0
12009,'1175747',1452,,1516,33,,,0
12009,'1175827',1152,,1517,33,,,0
12009,'1175839',1805,,1518,33,,,0
12009,'1175885',1734,,1519,19,0,18 7,0
12009,'1175923',1534,,1520,19,0,18 7,0
12009,'1175952',1334,,1521,19,0,18 7,0
12009,'1175971',1034,,1522,19,0,18 7,0
12009,'1176031',1052,,1523,33,,,0
12009,'1176115',1134,,1524,19,0,18 7,0
12009,'1176149',1252,,1525,33,,,0
12009,'1176305',1634,,1526,19,0,18 7,0
12009,'1176417',1352,,1527,33,,,0
12009,'1176431',1434,,1528,19,0,18 7,0
12009,'1176471',1652,,1529,33,,,0
12009,'1176538',934,,1530,19,0,18 7,0
12009,'1176625',1234,,1531,19,0,18 7,0
12009,'1176692',952,,1532,33,,,0
14009,'1175724',1455,,1551,28,0,5 6 22,0
14009,'1175759',1255,,1552,28,0,5 6 22,0
14009,'1175767',1355,,1553,28,0,5 6 22,0
14009,'1175812',1725,,1554,14,,,0
14009,'1175822',1025,,1555,14,,,0
14009,'1175823',1625,,1556,14,,,0
14009,'1175834',1555,,1557,28,0,5 6 22,0
14009,'1175927',1325,,1558,14,,,0
14009,'1176135',925,,1559,14,,,0
14009,'1176178',1055,,1560,28,0,5 6 22,0
14009,'1176234',1808,,1561,28,0,5 6 22,0
14009,'1176326',1125,,1562,14,,,0
14009,'1176364',1425,,1563,14,,,0
14009,'1176418',1155,,1564,28,0,5 6 22,0
14009,'1176520',1525,,1565,14,,,0
14009,'1176613',1655,,1566,28,0,5 6 22,0
14009,'1176636',955,,1567,28,0,5 6 22,0
14009,'1176678',1225,,1568,14,,,0
14001009,'1175826',1323,,1749,44,,,0
14001009,'1175937',1423,,1755,44,,,0
14001009,'1175995',1123,,1758,44,,,0
14001009,'1176141',1323,,1763,44,,,0
14001009,'1176158',1523,,1764,44,,,0
14001009,'1176198',1023,,1766,44,,,0
14001009,'1176249',1123,,1770,44,,,0
14001009,'1176311',1023,,1774,44,,,0
14001009,'1176382',1223,,1778,44,,,0
14001009,'1176551',1423,,1782,44,,,0
14001009,'1176580',1223,,1784,44,,,0
14001009,'1176653',1523,,1788,44,,,0
19001109,'1175797',1353,,1932,15,,,0
19001109,'1175889',1253,,1939,15,,,0
19001109,'1175990',1153,,1942,15,,,0
19001109,'1176026',1253,,1944,15,,,0
19001109,'1176316',1153,,1952,15,,,0
19001109,'1176344',1553,,1956,15,,,0
19001109,'1176353',1553,,1957,15,,,0
19001109,'1176517',1453,,1965,15,,,0
19001109,'1176570',1453,,1969,15,,,0
19001109,'1176605',1053,,1973,15,,,0
19001109,'1176616',1053,,1974,15,,,0
19001109,'1176674',1353,,1977,15,,,0
