11009,'1175771',1443,,1461,22,,,0
11009,'1175802',1743,,1462,22,,,0
11009,'1176133',1643,,1468,22,,,0
11009,'1176140',1043,,1469,22,,,0
11009,'1176188',1243,,1470,22,,,0
11009,'1176403',1143,,1472,22,,,0
11009,'1176448',943,,1473,22,,,0
11009,'1176583',1543,,1474,22,,,0
11009,'1176618',1343,,1475,22,,,0
14001009,'1175755',853,,1743,24,,,0
14001009,'1175787',1753,,1744,24,,,0
14001009,'1175798',1753,,1745,24,,,0
14001009,'1175806',1123,,1746,24,0,8 21,0
14001009,'1175825',1553,,1748,24,,,0
14001009,'1175826',1253,,1749,24,,,0
14001009,'1175836',1723,,1750,24,,,0
14001009,'1175840',1953,,1751,24,,,0
14001009,'1175865',1023,,1752,24,0,8 21,0
14001009,'1175890',1953,,1753,24,,,0
14001009,'1175905',2053,,1754,24,,,0
14001009,'1175937',1353,,1755,24,,,0
14001009,'1175943',1653,,1756,24,,,0
14001009,'1175962',2253,,1757,24,0,8 21,0
14001009,'1175995',1053,,1758,24,,,0
14001009,'1176008',723,,1759,24,,,0
14001009,'1176017',753,,1760,24,,,0
14001009,'1176075',1653,,1761,24,,,0
14001009,'1176104',2153,,1762,24,,,0
14001009,'1176141',1253,,1763,24,,,0
14001009,'1176158',1453,,1764,24,,,0
14001009,'1176181',923,,1765,24,0,8 21,0
14001009,'1176198',953,,1766,24,,,0
14001009,'1176208',2153,,1767,24,,,0
14001009,'1176215',1853,,1768,24,,,0
14001009,'1176225',1323,,1769,24,0,8 21,0
14001009,'1176249',1053,,1770,24,,,0
14001009,'1176269',2053,,1771,24,,,0
14001009,'1176278',2253,,1772,24,0,8 21,0
14001009,'1176300',1523,,1773,24,0,8 21,0
14001009,'1176311',953,,1774,24,,,0
14001009,'1176346',823,,1775,24,,,0
14001009,'1176365',853,,1776,24,,,0
14001009,'1176376',1553,,1777,24,,,0
14001009,'1176382',1153,,1778,24,,,0
14001009,'1176449',653,,1779,24,,,0
14001009,'1176452',1223,,1780,24,0,8 21,0
14001009,'1176545',753,,1781,24,,,0
14001009,'1176551',1353,,1782,24,,,0
14001009,'1176579',1623,,1783,24,,,0
14001009,'1176580',1153,,1784,24,,,0
14001009,'1176607',1853,,1785,24,,,0
14001009,'1176612',1823,,1786,24,0,8 21,0
14001009,'1176628',1423,,1787,24,0,8 21,0
14001009,'1176653',1453,,1788,24,,,0
