13009,'1142144',1038,,747,20,,,0
13009,'1142247',1438,,748,20,,,0
13009,'1142389',1638,,749,20,,,0
13009,'1142437',1238,,753,20,,,0
13009,'1142616',938,,755,20,,,0
13009,'1142716',1738,,758,20,,,0
13009,'1142721',1338,,760,20,,,0
13009,'1142852',1138,,763,20,,,0
13009,'1142885',1538,,764,20,,,0
14001209,'1142139',1330,,921,20,,,0
14001209,'1142151',1200,,922,20,,,0
14001209,'1142158',1530,,923,20,,,0
14001209,'1142168',1430,,924,20,,,0
14001209,'1142228',1400,,925,20,,,0
14001209,'1142235',1100,,926,20,,,0
14001209,'1142256',1230,,927,20,,,0
14001209,'1142291',1700,,928,20,,,0
14001209,'1142293',1630,,929,20,,,0
14001209,'1142309',1030,,930,20,,,0
14001209,'1142370',800,,931,20,,,0
14001209,'1142374',2300,,932,20,0,8 9,0
14001209,'1142423',1130,,933,20,,,0
14001209,'1142439',800,,934,20,,,0
14001209,'1142486',830,,935,20,,,0
14001209,'1142509',1500,,936,20,,,0
14001209,'1142542',1900,,937,20,,,0
14001209,'1142545',1100,,938,20,,,0
14001209,'1142567',1000,,939,20,,,0
14001209,'1142571',1700,,940,20,,,0
14001209,'1142573',1300,,941,20,,,0
14001209,'1142591',1800,,942,20,,,0
14001209,'1142598',900,,943,20,,,0
14001209,'1142600',730,,944,20,,,0
14001209,'1142650',2200,,945,20,,,0
14001209,'1142656',1830,,946,20,0,8 9,0
14001209,'1142691',1800,,947,20,,,0
14001209,'1142694',1300,,948,20,,,0
14001209,'1142710',2200,,949,20,,,0
14001209,'1142742',700,,951,20,,,0
14001209,'1142760',930,,952,20,,,0
14001209,'1142766',1200,,953,20,,,0
14001209,'1142771',1730,,954,20,,,0
14001209,'1142778',1600,,955,20,,,0
14001209,'1142786',2100,,956,20,,,0
14001209,'1142797',2000,,957,20,,,0
14001209,'1142806',1400,,958,20,,,0
14001209,'1142815',2300,,959,20,0,8 9,0
14001209,'1142817',1600,,960,20,,,0
14001209,'1142820',1900,,961,20,,,0
14001209,'1142837',900,,962,20,,,0
14001209,'1142854',1000,,963,20,,,0
14001209,'1142855',2100,,964,20,,,0
14001209,'1142858',1500,,965,20,,,0
14001209,'1142869',2000,,966,20,,,0
