11009,'1175771',1446,,1461,27,,,0
11009,'1175802',1746,,1462,27,,,0
11009,'1176133',1646,,1468,27,,,0
11009,'1176140',1046,,1469,27,,,0
11009,'1176188',1246,,1470,27,,,0
11009,'1176403',1146,,1472,27,,,0
11009,'1176448',946,,1473,27,,,0
11009,'1176583',1546,,1474,27,,,0
11009,'1176618',1346,,1475,27,,,0
14001009,'1175755',856,,1743,29,,,0
14001009,'1175787',1756,,1744,29,,,0
14001009,'1175798',1756,,1745,29,,,0
14001009,'1175806',1126,,1746,29,0,8 21,0
14001009,'1175825',1556,,1748,29,,,0
14001009,'1175826',1257,,1749,29,,,0
14001009,'1175836',1726,,1750,29,,,0
14001009,'1175840',1956,,1751,29,,,0
14001009,'1175865',1026,,1752,29,0,8 21,0
14001009,'1175890',1956,,1753,29,,,0
14001009,'1175905',2056,,1754,29,,,0
14001009,'1175937',1357,,1755,29,,,0
14001009,'1175943',1656,,1756,29,,,0
14001009,'1175962',2256,,1757,29,0,8 21,0
14001009,'1175995',1057,,1758,29,,,0
14001009,'1176008',726,,1759,29,,,0
14001009,'1176017',756,,1760,29,,,0
14001009,'1176075',1656,,1761,29,,,0
14001009,'1176104',2156,,1762,29,,,0
14001009,'1176141',1257,,1763,29,,,0
14001009,'1176158',1457,,1764,29,,,0
14001009,'1176181',926,,1765,29,0,8 21,0
14001009,'1176198',957,,1766,29,,,0
14001009,'1176208',2156,,1767,29,,,0
14001009,'1176215',1856,,1768,29,,,0
14001009,'1176225',1326,,1769,29,0,8 21,0
14001009,'1176249',1057,,1770,29,,,0
14001009,'1176269',2056,,1771,29,,,0
14001009,'1176278',2256,,1772,29,0,8 21,0
14001009,'1176300',1526,,1773,29,0,8 21,0
14001009,'1176311',957,,1774,29,,,0
14001009,'1176346',826,,1775,29,,,0
14001009,'1176365',856,,1776,29,,,0
14001009,'1176376',1556,,1777,29,,,0
14001009,'1176382',1157,,1778,29,,,0
14001009,'1176449',656,,1779,29,,,0
14001009,'1176452',1226,,1780,29,0,8 21,0
14001009,'1176545',756,,1781,29,,,0
14001009,'1176551',1357,,1782,29,,,0
14001009,'1176579',1626,,1783,29,,,0
14001009,'1176580',1157,,1784,29,,,0
14001009,'1176607',1856,,1785,29,,,0
14001009,'1176612',1826,,1786,29,0,8 21,0
14001009,'1176628',1426,,1787,29,0,8 21,0
14001009,'1176653',1457,,1788,29,,,0
