11009,'1175771',1441,,1461,18,,,0
11009,'1175802',1741,,1462,18,,,0
11009,'1176133',1641,,1468,18,,,0
11009,'1176140',1041,,1469,18,,,0
11009,'1176188',1241,,1470,18,,,0
11009,'1176403',1141,,1472,18,,,0
11009,'1176448',941,,1473,18,,,0
11009,'1176583',1541,,1474,18,,,0
11009,'1176618',1341,,1475,18,,,0
11609,'1175716',1146,,1478,14,,,0
11609,'1175732',1546,,1479,14,,,0
11609,'1175756',1346,,1480,14,,,0
11609,'1175773',2046,,1481,14,,,0
11609,'1175832',1816,,1482,14,,,0
11609,'1175843',1446,,1483,14,,,0
11609,'1175850',2146,,1484,14,,,0
11609,'1175868',1246,,1485,14,,,0
11609,'1175918',1646,,1486,14,,,0
11609,'1175942',1746,,1487,14,,,0
11609,'1175949',1716,,1488,14,,,0
11609,'1175954',946,,1489,14,,,0
11609,'1175958',1546,,1490,14,,,0
11609,'1175970',1146,,1491,14,,,0
11609,'1176003',1946,,1492,14,,,0
11609,'1176080',1346,,1493,14,,,0
11609,'1176101',1846,,1494,14,,,0
11609,'1176137',1846,,1495,14,,,0
11609,'1176153',1646,,1496,14,,,0
11609,'1176239',1246,,1497,14,,,0
11609,'1176240',746,,1498,14,,,0
11609,'1176243',646,,1499,14,,,0
11609,'1176254',816,,1500,14,,,0
11609,'1176259',2046,,1501,14,,,0
11609,'1176276',846,,1502,14,,,0
11609,'1176432',716,,1503,14,,,0
11609,'1176433',1616,,1504,14,,,0
11609,'1176442',916,,1505,14,,,0
11609,'1176443',1046,,1506,14,,,0
11609,'1176475',746,,1507,14,,,0
11609,'1176603',1746,,1508,14,,,0
11609,'1176630',2146,,1509,14,,,0
11609,'1176639',1946,,1510,14,,,0
11609,'1176641',1046,,1511,14,,,0
11609,'1176646',946,,1512,14,,,0
11609,'1176652',846,,1513,14,,,0
11609,'1176685',1446,,1514,14,,,0
16009,'1175859',1238,,1588,14,0,16 17 11,0
16009,'1176087',1338,,1589,14,0,16 17 11,0
16009,'1176112',1438,,1590,14,0,16 17 11,0
16009,'1176128',1738,,1591,14,0,16 17 11,0
16009,'1176235',1038,,1593,14,0,16 17 11,0
16009,'1176236',1638,,1594,14,0,16 17 11,0
16009,'1176410',1538,,1599,14,0,16 17 11,0
16009,'1176572',938,,1602,14,0,16 17 11,0
16009,'1176585',1138,,1603,14,0,16 17 11,0
14001009,'1175755',851,,1743,20,,,0
14001009,'1175787',1751,,1744,20,,,0
14001009,'1175798',1751,,1745,20,,,0
14001009,'1175806',1121,,1746,20,0,8 21,0
14001009,'1175825',1551,,1748,20,,,0
14001009,'1175826',1251,,1749,20,,,0
14001009,'1175836',1721,,1750,20,,,0
14001009,'1175840',1951,,1751,20,,,0
14001009,'1175865',1021,,1752,20,0,8 21,0
14001009,'1175890',1951,,1753,20,,,0
14001009,'1175905',2051,,1754,20,,,0
14001009,'1175937',1351,,1755,20,,,0
14001009,'1175943',1651,,1756,20,,,0
14001009,'1175962',2251,,1757,20,0,8 21,0
14001009,'1175995',1051,,1758,20,,,0
14001009,'1176008',721,,1759,20,,,0
14001009,'1176017',751,,1760,20,,,0
14001009,'1176075',1651,,1761,20,,,0
14001009,'1176104',2151,,1762,20,,,0
14001009,'1176141',1251,,1763,20,,,0
14001009,'1176158',1451,,1764,20,,,0
14001009,'1176181',921,,1765,20,0,8 21,0
14001009,'1176198',951,,1766,20,,,0
14001009,'1176208',2151,,1767,20,,,0
14001009,'1176215',1851,,1768,20,,,0
14001009,'1176225',1321,,1769,20,0,8 21,0
14001009,'1176249',1051,,1770,20,,,0
14001009,'1176269',2051,,1771,20,,,0
14001009,'1176278',2251,,1772,20,0,8 21,0
14001009,'1176300',1521,,1773,20,0,8 21,0
14001009,'1176311',951,,1774,20,,,0
14001009,'1176346',821,,1775,20,,,0
14001009,'1176365',851,,1776,20,,,0
14001009,'1176376',1551,,1777,20,,,0
14001009,'1176382',1151,,1778,20,,,0
14001009,'1176449',651,,1779,20,,,0
14001009,'1176452',1221,,1780,20,0,8 21,0
14001009,'1176545',751,,1781,20,,,0
14001009,'1176551',1351,,1782,20,,,0
14001009,'1176579',1621,,1783,20,,,0
14001009,'1176580',1151,,1784,20,,,0
14001009,'1176607',1851,,1785,20,,,0
14001009,'1176612',1821,,1786,20,0,8 21,0
14001009,'1176628',1421,,1787,20,0,8 21,0
14001009,'1176653',1451,,1788,20,,,0
