11609,'1142131',1622,,692,27,,,0
11609,'1142167',952,,693,27,,,0
11609,'1142222',1252,,694,27,,,0
11609,'1142226',2052,,695,27,,,0
11609,'1142297',1252,,696,27,,,0
11609,'1142329',1052,,697,27,,,0
11609,'1142334',1822,,698,27,,,0
11609,'1142336',1752,,699,27,,,0
11609,'1142364',1752,,700,27,,,0
11609,'1142388',1352,,701,27,,,0
11609,'1142390',1152,,702,27,,,0
11609,'1142392',922,,703,27,,,0
11609,'1142399',2052,,704,27,,,0
11609,'1142441',2152,,705,27,,,0
11609,'1142450',1952,,706,27,,,0
11609,'1142454',1552,,707,27,,,0
11609,'1142465',726,,708,28,,,0
11609,'1142475',852,,709,27,,,0
11609,'1142493',1656,,710,28,,,0
11609,'1142497',1552,,711,27,,,0
11609,'1142504',1852,,712,27,,,0
11609,'1142519',656,,713,28,,,0
11609,'1142524',1352,,714,27,,,0
11609,'1142530',1152,,715,27,,,0
11609,'1142561',752,,716,27,,,0
11609,'1142586',1452,,717,27,,,0
11609,'1142593',1952,,718,27,,,0
11609,'1142599',1852,,719,27,,,0
11609,'1142608',1452,,720,27,,,0
11609,'1142624',752,,721,27,,,0
11609,'1142649',1052,,722,27,,,0
11609,'1142676',1652,,723,27,,,0
11609,'1142697',822,,724,27,,,0
11609,'1142702',952,,725,27,,,0
11609,'1142719',852,,726,27,,,0
11609,'1142857',1726,,727,28,,,0
11609,'1142878',2152,,728,27,,,0
16009,'1142161',1542,,801,25,0,16 17 11,0
16009,'1142292',1742,,804,25,0,16 17 11,0
16009,'1142319',1342,,805,25,0,16 17 11,0
16009,'1142525',1142,,806,25,0,16 17 11,0
16009,'1142684',1442,,810,25,0,16 17 11,0
16009,'1142690',942,,811,25,0,16 17 11,0
16009,'1142743',1042,,813,25,0,16 17 11,0
16009,'1142765',1642,,815,25,0,16 17 11,0
16009,'1142850',1242,,818,25,0,16 17 11,0
