20009,'1175886',1509,,1606,21,,,0
20009,'1176006',1009,,1608,21,,,0
20009,'1176032',1309,,1609,21,,,0
20009,'1176110',1609,,1610,21,,,0
20009,'1176370',1209,,1614,21,,,0
20009,'1176412',1109,,1617,21,,,0
20009,'1176469',1409,,1619,21,,,0
20009,'1176512',1709,,1620,21,,,0
20009,'1176525',909,,1621,11,,,0
19001709,'1175717',1523,,2072,43,,,0
19001709,'1175742',1123,,2073,43,,,0
19001709,'1175751',1123,,2074,43,,,0
19001709,'1175777',1153,,2075,10,,,0
19001709,'1175789',723,,2076,43,,,0
19001709,'1175830',2023,,2077,43,,,0
19001709,'1175877',1223,,2078,43,,,0
19001709,'1175947',1723,,2079,43,,,0
19001709,'1175951',753,,2080,43,,,0
19001709,'1175978',823,,2081,43,,,0
19001709,'1176042',1723,,2082,43,,,0
19001709,'1176058',1523,,2084,43,,,0
19001709,'1176065',1623,,2085,43,,,0
19001709,'1176099',1423,,2086,43,,,0
19001709,'1176116',1553,,2087,10,,,0
19001709,'1176119',1823,,2088,43,,,0
19001709,'1176120',1923,,2089,43,,,0
19001709,'1176130',1323,,2091,43,,,0
19001709,'1176156',2023,,2092,43,,,0
19001709,'1176161',1423,,2093,43,,,0
19001709,'1176166',953,,2094,43,,,0
19001709,'1176201',923,,2095,43,,,0
19001709,'1176209',1353,,2096,10,,,0
19001709,'1176252',853,,2097,43,,,0
19001709,'1176264',1453,,2098,10,,,0
19001709,'1176273',1023,,2099,43,,,0
19001709,'1176297',1253,,2100,10,,,0
19001709,'1176303',1653,,2101,43,,,0
19001709,'1176312',1753,,2102,43,,,0
19001709,'1176349',1923,,2103,43,,,0
19001709,'1176380',1053,,2104,10,,,0
19001709,'1176415',823,,2105,43,,,0
19001709,'1176420',1223,,2106,43,,,0
19001709,'1176482',1323,,2108,43,,,0
19001709,'1176513',723,,2109,43,,,0
19001709,'1176547',623,,2110,10,,,0
19001709,'1176554',1823,,2111,43,,,0
19001709,'1176592',653,,2112,43,,,0
19001709,'1176601',1623,,2113,43,,,0
19001709,'1176617',2123,,2114,43,,,0
19001709,'1176629',1023,,2115,43,,,0
19001709,'1176637',923,,2116,43,,,0
19001709,'1176655',2123,,2118,43,,,0
