14009,'1175812',1732,,1554,26,,,0
14009,'1175822',1032,,1555,26,,,0
14009,'1175823',1632,,1556,26,,,0
14009,'1175927',1332,,1558,26,,,0
14009,'1176135',932,,1559,26,,,0
14009,'1176326',1132,,1562,26,,,0
14009,'1176364',1432,,1563,26,,,0
14009,'1176520',1532,,1565,26,,,0
14009,'1176678',1232,,1568,26,,,0
19001309,'1175728',830,,1978,30,,,0
19001309,'1175734',1500,,1979,30,,,0
19001309,'1175770',2000,,1980,30,,,0
19001309,'1175814',1830,,1981,30,0,8 21,0
19001309,'1175816',1800,,1982,30,,,0
19001309,'1175833',1700,,1983,30,,,0
19001309,'1175860',1330,,1984,30,,,0
19001309,'1175862',1100,,1985,30,,,0
19001309,'1175891',1130,,1986,30,,,0
19001309,'1175892',930,,1987,30,,,0
19001309,'1175994',900,,1989,30,,,0
19001309,'1176023',800,,1990,30,,,0
19001309,'1176034',1100,,1991,30,,,0
19001309,'1176044',1400,,1992,30,,,0
19001309,'1176064',1030,,1993,30,,,0
19001309,'1176125',1700,,1994,30,,,0
19001309,'1176139',1200,,1995,30,,,0
19001309,'1176167',2200,,1996,30,,,0
19001309,'1176182',1300,,1997,30,,,0
19001309,'1176185',730,,1998,30,,,0
19001309,'1176187',1300,,1999,30,,,0
19001309,'1176196',1200,,2000,30,,,0
19001309,'1176261',1000,,2001,30,,,0
19001309,'1176277',2100,,2002,30,,,0
19001309,'1176318',1400,,2003,30,,,0
19001309,'1176331',2000,,2004,30,,,0
19001309,'1176338',1900,,2005,30,,,0
19001309,'1176348',1530,,2006,30,,,0
19001309,'1176367',1600,,2007,30,,,0
19001309,'1176387',2200,,2008,30,,,0
19001309,'1176389',800,,2009,30,,,0
19001309,'1176392',700,,2010,30,,,0
19001309,'1176394',1600,,2011,30,,,0
19001309,'1176446',1800,,2012,30,,,0
19001309,'1176462',2100,,2013,30,,,0
19001309,'1176473',1900,,2014,30,,,0
19001309,'1176527',1000,,2015,30,,,0
19001309,'1176539',1630,,2016,30,,,0
19001309,'1176543',1430,,2017,30,,,0
19001309,'1176567',900,,2019,30,,,0
19001309,'1176597',1500,,2020,30,,,0
19001309,'1176614',1230,,2021,30,,,0
19001309,'1176638',1730,,2022,30,,,0
19001309,'1176660',700,,2023,30,,,0
