14009,'1175812',1802,,1554,34,,,0
14009,'1175822',1049,,1555,34,,,0
14009,'1175823',1649,,1556,34,,,0
14009,'1175927',1349,,1558,34,,,0
14009,'1176135',949,,1559,34,,,0
14009,'1176326',1149,,1562,34,,,0
14009,'1176364',1449,,1563,34,,,0
14009,'1176520',1549,,1565,34,,,0
14009,'1176678',1249,,1568,34,,,0
14001409,'1175733',1932,,1835,40,,,0
14001409,'1175775',1232,,1836,40,,,0
14001409,'1175776',2130,,1837,40,,,0
14001409,'1175786',2030,,1838,40,,,0
14001409,'1175790',1632,,1839,40,,,0
14001409,'1175803',1432,,1840,40,,,0
14001409,'1175809',1002,,1841,40,,,0
14001409,'1175820',1532,,1842,40,,,0
14001409,'1175821',1230,,1843,40,,,0
14001409,'1175838',1202,,1844,40,,,0
14001409,'1175856',1130,,1845,40,,,0
14001409,'1175876',1630,,1846,40,,,0
14001409,'1175893',1930,,1847,40,,,0
14001409,'1175894',1802,,1848,40,,,0
14001409,'1175902',1702,,1849,40,,,0
14001409,'1175961',1332,,1850,40,,,0
14001409,'1175973',930,,1851,40,,,0
14001409,'1175975',1832,,1852,40,,,0
14001409,'1175999',902,,1854,40,,,0
14001409,'1176001',1102,,1855,40,,,0
14001409,'1176014',1132,,1856,40,,,0
14001409,'1176036',802,,1857,40,,,0
14001409,'1176047',1430,,1858,40,,,0
14001409,'1176050',2132,,1859,40,,,0
14001409,'1176071',1302,,1860,40,,,0
14001409,'1176160',1732,,1861,40,,,0
14001409,'1176250',830,,1862,40,,,0
14001409,'1176268',2232,,1863,40,,,0
14001409,'1176283',1402,,1864,40,,,0
14001409,'1176287',630,,1865,12,,,0
14001409,'1176308',2230,,1866,40,,,0
14001409,'1176314',732,,1867,40,,,0
14001409,'1176357',632,,1868,12,,,0
14001409,'1176393',1030,,1869,40,,,0
14001409,'1176423',832,,1870,40,,,0
14001409,'1176464',702,,1871,19,,,0
14001409,'1176476',1602,,1872,40,,,0
14001409,'1176485',1032,,1873,40,,,0
14001409,'1176522',932,,1874,40,,,0
14001409,'1176530',730,,1875,19,,,0
14001409,'1176556',1730,,1876,40,,,0
14001409,'1176558',1530,,1877,40,,,0
14001409,'1176598',2032,,1878,40,,,0
14001409,'1176631',1330,,1879,40,,,0
14001409,'1176643',1502,,1880,40,,,0
14001409,'1176681',1830,,1881,40,,,0
