14009,'1142164',1156,,765,39,0,5 6 7,0
14009,'1142187',1456,,767,39,0,5 6 7,0
14009,'1142323',1656,,768,39,0,5 6 7,0
14009,'1142325',1809,,769,39,0,5 6 7,0
14009,'1142341',1256,,770,39,0,5 6 7,0
14009,'1142386',956,,773,39,0,5 6 7,0
14009,'1142559',1556,,776,39,0,5 6 7,0
14009,'1142645',1356,,778,39,0,5 6 7,0
14009,'1142708',1056,,780,39,0,5 6 7,0
14001409,'1142132',1237,,967,45,,,0
14001409,'1142141',937,,968,45,,,0
14001409,'1142149',1737,,969,45,,,0
14001409,'1142155',1235,,970,45,,,0
14001409,'1142175',1335,,971,45,,,0
14001409,'1142179',1507,,972,45,,,0
14001409,'1142200',1437,,973,45,,,0
14001409,'1142203',2235,,974,45,,,0
14001409,'1142206',1935,,975,45,,,0
14001409,'1142211',807,,976,45,,,0
14001409,'1142248',707,,977,24,,,0
14001409,'1142253',1037,,978,45,,,0
14001409,'1142257',2035,,979,45,,,0
14001409,'1142272',1937,,980,45,,,0
14001409,'1142298',935,,981,45,,,0
14001409,'1142299',1735,,982,45,,,0
14001409,'1142338',1635,,983,45,,,0
14001409,'1142361',2135,,984,45,,,0
14001409,'1142371',1307,,985,45,,,0
14001409,'1142372',735,,986,24,,,0
14001409,'1142373',1807,,987,45,,,0
14001409,'1142381',2137,,988,45,,,0
14001409,'1142416',737,,989,45,,,0
14001409,'1142418',1537,,990,45,,,0
14001409,'1142456',1135,,992,45,,,0
14001409,'1142477',1207,,993,45,,,0
14001409,'1142481',1707,,994,45,,,0
14001409,'1142488',1607,,995,45,,,0
14001409,'1142526',1337,,996,45,,,0
14001409,'1142544',635,,997,17,,,0
14001409,'1142560',1535,,998,45,,,0
14001409,'1142562',1435,,999,45,,,0
14001409,'1142611',1407,,1000,45,,,0
14001409,'1142629',1007,,1001,45,,,0
14001409,'1142639',1835,,1002,45,,,0
14001409,'1142654',1637,,1003,45,,,0
14001409,'1142701',837,,1004,45,,,0
14001409,'1142714',1035,,1005,45,,,0
14001409,'1142737',637,,1006,17,,,0
14001409,'1142752',2037,,1007,45,,,0
14001409,'1142757',835,,1008,45,,,0
14001409,'1142821',2237,,1009,45,,,0
14001409,'1142851',1137,,1010,45,,,0
14001409,'1142870',1107,,1011,45,,,0
14001409,'1142874',1837,,1012,45,,,0
14001409,'1142883',907,,1013,45,,,0
