14009,'1175812',1728,,1554,21,,,0
14009,'1175822',1028,,1555,21,,,0
14009,'1175823',1628,,1556,21,,,0
14009,'1175927',1328,,1558,21,,,0
14009,'1176135',928,,1559,21,,,0
14009,'1176326',1128,,1562,21,,,0
14009,'1176364',1428,,1563,21,,,0
14009,'1176520',1528,,1565,21,,,0
14009,'1176678',1228,,1568,21,,,0
19001309,'1175728',827,,1978,25,,,0
19001309,'1175734',1457,,1979,25,,,0
19001309,'1175770',1957,,1980,25,,,0
19001309,'1175814',1827,,1981,25,0,8 21,0
19001309,'1175816',1757,,1982,25,,,0
19001309,'1175833',1657,,1983,25,,,0
19001309,'1175860',1327,,1984,25,,,0
19001309,'1175862',1057,,1985,25,,,0
19001309,'1175891',1127,,1986,25,,,0
19001309,'1175892',927,,1987,25,,,0
19001309,'1175994',857,,1989,25,,,0
19001309,'1176023',757,,1990,25,,,0
19001309,'1176034',1057,,1991,25,,,0
19001309,'1176044',1357,,1992,25,,,0
19001309,'1176064',1027,,1993,25,,,0
19001309,'1176125',1657,,1994,25,,,0
19001309,'1176139',1157,,1995,25,,,0
19001309,'1176167',2157,,1996,25,,,0
19001309,'1176182',1257,,1997,25,,,0
19001309,'1176185',727,,1998,25,,,0
19001309,'1176187',1257,,1999,25,,,0
19001309,'1176196',1157,,2000,25,,,0
19001309,'1176261',957,,2001,25,,,0
19001309,'1176277',2057,,2002,25,,,0
19001309,'1176318',1357,,2003,25,,,0
19001309,'1176331',1957,,2004,25,,,0
19001309,'1176338',1857,,2005,25,,,0
19001309,'1176348',1527,,2006,25,,,0
19001309,'1176367',1557,,2007,25,,,0
19001309,'1176387',2157,,2008,25,,,0
19001309,'1176389',757,,2009,25,,,0
19001309,'1176392',657,,2010,25,,,0
19001309,'1176394',1557,,2011,25,,,0
19001309,'1176446',1757,,2012,25,,,0
19001309,'1176462',2057,,2013,25,,,0
19001309,'1176473',1857,,2014,25,,,0
19001309,'1176527',957,,2015,25,,,0
19001309,'1176539',1627,,2016,25,,,0
19001309,'1176543',1427,,2017,25,,,0
19001309,'1176567',857,,2019,25,,,0
19001309,'1176597',1457,,2020,25,,,0
19001309,'1176614',1227,,2021,25,,,0
19001309,'1176638',1727,,2022,25,,,0
19001309,'1176660',657,,2023,25,,,0
