14009,'1175724',1450,,1551,27,0,5 6 22,0
14009,'1175759',1250,,1552,27,0,5 6 22,0
14009,'1175767',1350,,1553,27,0,5 6 22,0
14009,'1175834',1550,,1557,27,0,5 6 22,0
14009,'1176178',1050,,1560,27,0,5 6 22,0
14009,'1176234',1803,,1561,27,0,5 6 22,0
14009,'1176418',1150,,1564,27,0,5 6 22,0
14009,'1176613',1650,,1566,27,0,5 6 22,0
14009,'1176636',950,,1567,27,0,5 6 22,0
14001209,'1175718',1655,,1789,37,,,0
14001209,'1175861',1925,,1790,37,,,0
14001209,'1175900',1755,,1791,37,,,0
14001209,'1175915',2125,,1793,37,,,0
14001209,'1175917',1455,,1794,37,,,0
14001209,'1175919',2025,,1795,37,,,0
14001209,'1175938',825,,1796,37,,,0
14001209,'1175939',1825,,1797,37,,,0
14001209,'1175983',2225,,1798,37,,,0
14001209,'1176007',1325,,1799,37,,,0
14001209,'1176012',1125,,1800,37,,,0
14001209,'1176069',925,,1801,37,,,0
14001209,'1176070',1225,,1802,37,,,0
14001209,'1176091',1025,,1803,37,,,0
14001209,'1176100',725,,1804,15,,,0
14001209,'1176103',1025,,1805,37,,,0
14001209,'1176117',1225,,1806,37,,,0
14001209,'1176163',1925,,1808,37,,,0
14001209,'1176213',1125,,1809,37,,,0
14001209,'1176217',1625,,1810,37,,,0
14001209,'1176245',1825,,1811,37,,,0
14001209,'1176255',925,,1812,37,,,0
14001209,'1176275',1725,,1813,37,,,0
14001209,'1176323',1155,,1814,37,,,0
14001209,'1176343',1425,,1816,37,,,0
14001209,'1176354',1525,,1817,37,,,0
14001209,'1176378',1325,,1818,37,,,0
14001209,'1176401',755,,1819,37,,,0
14001209,'1176411',2125,,1820,37,,,0
14001209,'1176440',1525,,1821,37,,,0
14001209,'1176458',725,,1822,37,,,0
14001209,'1176470',1625,,1823,37,,,0
14001209,'1176472',1055,,1824,37,,,0
14001209,'1176483',1355,,1825,37,,,0
14001209,'1176488',1725,,1826,37,,,0
14001209,'1176515',2025,,1827,37,,,0
14001209,'1176526',955,,1828,37,,,0
14001209,'1176532',1255,,1829,37,,,0
14001209,'1176546',2225,,1830,37,,,0
14001209,'1176594',855,,1831,37,,,0
14001209,'1176599',1555,,1832,37,,,0
14001209,'1176626',825,,1833,37,,,0
14001209,'1176676',1425,,1834,37,,,0
