11009,'1175771',1438,,1461,12,,,0
11009,'1175802',1738,,1462,12,,,0
11009,'1176133',1638,,1468,12,,,0
11009,'1176140',1038,,1469,12,,,0
11009,'1176188',1238,,1470,12,,,0
11009,'1176403',1138,,1472,12,,,0
11009,'1176448',938,,1473,12,,,0
11009,'1176583',1538,,1474,12,,,0
11009,'1176618',1338,,1475,12,,,0
16009,'1175714',1300,,1587,7,,,0
16009,'1176136',1000,,1592,7,,,0
16009,'1176272',1400,,1595,7,,,0
16009,'1176282',900,,1596,7,,,0
16009,'1176290',1700,,1597,7,,,0
16009,'1176390',1200,,1598,7,,,0
16009,'1176528',1500,,1600,7,,,0
16009,'1176535',1600,,1601,7,,,0
16009,'1176682',1100,,1604,7,,,0
21609,'1175813',1920,,1624,7,,,0
21609,'1175831',720,,1625,7,,,0
21609,'1175857',1650,,1626,7,,,0
21609,'1175869',1720,,1627,7,,,0
21609,'1175916',1550,,1628,7,,,0
21609,'1175929',1320,,1629,7,,,0
21609,'1175966',1720,,1630,7,,,0
21609,'1175997',2120,,1631,7,,,0
21609,'1175998',920,,1632,7,,,0
21609,'1176028',1020,,1633,7,,,0
21609,'1176037',1820,,1634,7,,,0
21609,'1176041',1820,,1635,7,,,0
21609,'1176046',720,,1636,7,,,0
21609,'1176054',1620,,1637,7,,,0
21609,'1176067',650,,1638,7,,,0
21609,'1176111',1120,,1639,7,,,0
21609,'1176200',1420,,1640,7,,,0
21609,'1176207',2120,,1641,7,,,0
21609,'1176218',1120,,1642,7,,,0
21609,'1176289',1020,,1643,7,,,0
21609,'1176352',1220,,1644,7,,,0
21609,'1176395',1920,,1645,7,,,0
21609,'1176414',2020,,1646,7,,,0
21609,'1176430',1750,,1647,7,,,0
21609,'1176454',1620,,1648,7,,,0
21609,'1176460',820,,1649,7,,,0
21609,'1176467',1520,,1650,7,,,0
21609,'1176534',620,,1651,7,,,0
21609,'1176553',1220,,1652,7,,,0
21609,'1176576',920,,1653,7,,,0
21609,'1176651',820,,1654,7,,,0
21609,'1176656',1520,,1655,7,,,0
21609,'1176659',1420,,1656,7,,,0
21609,'1176663',1320,,1657,7,,,0
21609,'1176665',850,,1658,7,,,0
21609,'1176686',2020,,1659,7,,,0
21609,'1176690',750,,1660,7,,,0
14001009,'1175755',848,,1743,14,,,0
14001009,'1175787',1748,,1744,14,,,0
14001009,'1175798',1748,,1745,14,,,0
14001009,'1175806',1118,,1746,14,0,8 21,0
14001009,'1175825',1548,,1748,14,,,0
14001009,'1175826',1248,,1749,14,,,0
14001009,'1175836',1718,,1750,14,,,0
14001009,'1175840',1948,,1751,14,,,0
14001009,'1175865',1018,,1752,14,0,8 21,0
14001009,'1175890',1948,,1753,14,,,0
14001009,'1175905',2048,,1754,14,,,0
14001009,'1175937',1348,,1755,14,,,0
14001009,'1175943',1648,,1756,14,,,0
14001009,'1175962',2248,,1757,14,0,8 21,0
14001009,'1175995',1048,,1758,14,,,0
14001009,'1176008',718,,1759,14,,,0
14001009,'1176017',748,,1760,14,,,0
14001009,'1176075',1648,,1761,14,,,0
14001009,'1176104',2148,,1762,14,,,0
14001009,'1176141',1248,,1763,14,,,0
14001009,'1176158',1448,,1764,14,,,0
14001009,'1176181',918,,1765,14,0,8 21,0
14001009,'1176198',948,,1766,14,,,0
14001009,'1176208',2148,,1767,14,,,0
14001009,'1176215',1848,,1768,14,,,0
14001009,'1176225',1318,,1769,14,0,8 21,0
14001009,'1176249',1048,,1770,14,,,0
14001009,'1176269',2048,,1771,14,,,0
14001009,'1176278',2248,,1772,14,0,8 21,0
14001009,'1176300',1518,,1773,14,0,8 21,0
14001009,'1176311',948,,1774,14,,,0
14001009,'1176346',818,,1775,14,,,0
14001009,'1176365',848,,1776,14,,,0
14001009,'1176376',1548,,1777,14,,,0
14001009,'1176382',1148,,1778,14,,,0
14001009,'1176449',648,,1779,14,,,0
14001009,'1176452',1218,,1780,14,0,8 21,0
14001009,'1176545',748,,1781,14,,,0
14001009,'1176551',1348,,1782,14,,,0
14001009,'1176579',1618,,1783,14,,,0
14001009,'1176580',1148,,1784,14,,,0
14001009,'1176607',1848,,1785,14,,,0
14001009,'1176612',1818,,1786,14,0,8 21,0
14001009,'1176628',1418,,1787,14,0,8 21,0
14001009,'1176653',1448,,1788,14,,,0
