20009,'1175886',1509,,1606,20,,,0
20009,'1176006',1009,,1608,20,,,0
20009,'1176032',1309,,1609,20,,,0
20009,'1176110',1609,,1610,20,,,0
20009,'1176370',1209,,1614,20,,,0
20009,'1176412',1109,,1617,20,,,0
20009,'1176469',1409,,1619,20,,,0
20009,'1176512',1709,,1620,20,,,0
20009,'1176525',909,,1621,10,,,0
19001709,'1175717',1523,,2072,42,,,0
19001709,'1175742',1123,,2073,42,,,0
19001709,'1175751',1123,,2074,42,,,0
19001709,'1175777',1153,,2075,9,,,0
19001709,'1175789',723,,2076,42,,,0
19001709,'1175830',2023,,2077,42,,,0
19001709,'1175877',1223,,2078,42,,,0
19001709,'1175947',1723,,2079,42,,,0
19001709,'1175951',753,,2080,42,,,0
19001709,'1175978',823,,2081,42,,,0
19001709,'1176042',1723,,2082,42,,,0
19001709,'1176058',1523,,2084,42,,,0
19001709,'1176065',1623,,2085,42,,,0
19001709,'1176099',1423,,2086,42,,,0
19001709,'1176116',1553,,2087,9,,,0
19001709,'1176119',1823,,2088,42,,,0
19001709,'1176120',1923,,2089,42,,,0
19001709,'1176130',1323,,2091,42,,,0
19001709,'1176156',2023,,2092,42,,,0
19001709,'1176161',1423,,2093,42,,,0
19001709,'1176166',953,,2094,42,,,0
19001709,'1176201',923,,2095,42,,,0
19001709,'1176209',1353,,2096,9,,,0
19001709,'1176252',853,,2097,42,,,0
19001709,'1176264',1453,,2098,9,,,0
19001709,'1176273',1023,,2099,42,,,0
19001709,'1176297',1253,,2100,9,,,0
19001709,'1176303',1653,,2101,42,,,0
19001709,'1176312',1753,,2102,42,,,0
19001709,'1176349',1923,,2103,42,,,0
19001709,'1176380',1053,,2104,9,,,0
19001709,'1176415',823,,2105,42,,,0
19001709,'1176420',1223,,2106,42,,,0
19001709,'1176482',1323,,2108,42,,,0
19001709,'1176513',723,,2109,42,,,0
19001709,'1176547',623,,2110,9,,,0
19001709,'1176554',1823,,2111,42,,,0
19001709,'1176592',653,,2112,42,,,0
19001709,'1176601',1623,,2113,42,,,0
19001709,'1176617',2123,,2114,42,,,0
19001709,'1176629',1023,,2115,42,,,0
19001709,'1176637',923,,2116,42,,,0
19001709,'1176655',2123,,2118,42,,,0
