14009,'1175812',1800,,1554,32,,,0
14009,'1175822',1047,,1555,32,,,0
14009,'1175823',1647,,1556,32,,,0
14009,'1175927',1347,,1558,32,,,0
14009,'1176135',947,,1559,32,,,0
14009,'1176326',1147,,1562,32,,,0
14009,'1176364',1447,,1563,32,,,0
14009,'1176520',1547,,1565,32,,,0
14009,'1176678',1247,,1568,32,,,0
14001409,'1175733',1930,,1835,38,,,0
14001409,'1175775',1230,,1836,38,,,0
14001409,'1175776',2128,,1837,38,,,0
14001409,'1175786',2028,,1838,38,,,0
14001409,'1175790',1630,,1839,38,,,0
14001409,'1175803',1430,,1840,38,,,0
14001409,'1175809',1000,,1841,38,,,0
14001409,'1175820',1530,,1842,38,,,0
14001409,'1175821',1228,,1843,38,,,0
14001409,'1175838',1200,,1844,38,,,0
14001409,'1175856',1128,,1845,38,,,0
14001409,'1175876',1628,,1846,38,,,0
14001409,'1175893',1928,,1847,38,,,0
14001409,'1175894',1800,,1848,38,,,0
14001409,'1175902',1700,,1849,38,,,0
14001409,'1175961',1330,,1850,38,,,0
14001409,'1175973',928,,1851,38,,,0
14001409,'1175975',1830,,1852,38,,,0
14001409,'1175999',900,,1854,38,,,0
14001409,'1176001',1100,,1855,38,,,0
14001409,'1176014',1130,,1856,38,,,0
14001409,'1176036',800,,1857,38,,,0
14001409,'1176047',1428,,1858,38,,,0
14001409,'1176050',2130,,1859,38,,,0
14001409,'1176071',1300,,1860,38,,,0
14001409,'1176160',1730,,1861,38,,,0
14001409,'1176250',828,,1862,38,,,0
14001409,'1176268',2230,,1863,38,,,0
14001409,'1176283',1400,,1864,38,,,0
14001409,'1176287',628,,1865,10,,,0
14001409,'1176308',2228,,1866,38,,,0
14001409,'1176314',730,,1867,38,,,0
14001409,'1176357',630,,1868,10,,,0
14001409,'1176393',1028,,1869,38,,,0
14001409,'1176423',830,,1870,38,,,0
14001409,'1176464',700,,1871,17,,,0
14001409,'1176476',1600,,1872,38,,,0
14001409,'1176485',1030,,1873,38,,,0
14001409,'1176522',930,,1874,38,,,0
14001409,'1176530',728,,1875,17,,,0
14001409,'1176556',1728,,1876,38,,,0
14001409,'1176558',1528,,1877,38,,,0
14001409,'1176598',2030,,1878,38,,,0
14001409,'1176631',1328,,1879,38,,,0
14001409,'1176643',1500,,1880,38,,,0
14001409,'1176681',1828,,1881,38,,,0
