11009,'1175771',1444,,1461,25,,,0
11009,'1175802',1744,,1462,25,,,0
11009,'1176133',1644,,1468,25,,,0
11009,'1176140',1044,,1469,25,,,0
11009,'1176188',1244,,1470,25,,,0
11009,'1176403',1144,,1472,25,,,0
11009,'1176448',944,,1473,25,,,0
11009,'1176583',1544,,1474,25,,,0
11009,'1176618',1344,,1475,25,,,0
11609,'1175716',1153,,1478,29,,,0
11609,'1175732',1553,,1479,29,,,0
11609,'1175756',1353,,1480,29,,,0
11609,'1175773',2053,,1481,29,,,0
11609,'1175832',1823,,1482,29,,,0
11609,'1175843',1453,,1483,29,,,0
11609,'1175850',2153,,1484,29,,,0
11609,'1175868',1253,,1485,29,,,0
11609,'1175918',1657,,1486,30,,,0
11609,'1175942',1753,,1487,29,,,0
11609,'1175949',1727,,1488,30,,,0
11609,'1175954',953,,1489,29,,,0
11609,'1175958',1553,,1490,29,,,0
11609,'1175970',1153,,1491,29,,,0
11609,'1176003',1953,,1492,29,,,0
11609,'1176080',1353,,1493,29,,,0
11609,'1176101',1853,,1494,29,,,0
11609,'1176137',1853,,1495,29,,,0
11609,'1176153',1653,,1496,29,,,0
11609,'1176239',1253,,1497,29,,,0
11609,'1176240',753,,1498,29,,,0
11609,'1176243',657,,1499,30,,,0
11609,'1176254',823,,1500,29,,,0
11609,'1176259',2053,,1501,29,,,0
11609,'1176276',853,,1502,29,,,0
11609,'1176432',727,,1503,30,,,0
11609,'1176433',1623,,1504,29,,,0
11609,'1176442',923,,1505,29,,,0
11609,'1176443',1053,,1506,29,,,0
11609,'1176475',753,,1507,29,,,0
11609,'1176603',1753,,1508,29,,,0
11609,'1176630',2153,,1509,29,,,0
11609,'1176639',1953,,1510,29,,,0
11609,'1176641',1053,,1511,29,,,0
11609,'1176646',953,,1512,29,,,0
11609,'1176652',853,,1513,29,,,0
11609,'1176685',1453,,1514,29,,,0
16009,'1175859',1243,,1588,28,0,16 17 11,0
16009,'1176087',1343,,1589,28,0,16 17 11,0
16009,'1176112',1443,,1590,28,0,16 17 11,0
16009,'1176128',1743,,1591,28,0,16 17 11,0
16009,'1176235',1043,,1593,28,0,16 17 11,0
16009,'1176236',1643,,1594,28,0,16 17 11,0
16009,'1176410',1543,,1599,28,0,16 17 11,0
16009,'1176572',943,,1602,28,0,16 17 11,0
16009,'1176585',1143,,1603,28,0,16 17 11,0
14001009,'1175755',854,,1743,27,,,0
14001009,'1175787',1754,,1744,27,,,0
14001009,'1175798',1754,,1745,27,,,0
14001009,'1175806',1124,,1746,27,0,8 21,0
14001009,'1175825',1554,,1748,27,,,0
14001009,'1175826',1255,,1749,27,,,0
14001009,'1175836',1724,,1750,27,,,0
14001009,'1175840',1954,,1751,27,,,0
14001009,'1175865',1024,,1752,27,0,8 21,0
14001009,'1175890',1954,,1753,27,,,0
14001009,'1175905',2054,,1754,27,,,0
14001009,'1175937',1355,,1755,27,,,0
14001009,'1175943',1654,,1756,27,,,0
14001009,'1175962',2254,,1757,27,0,8 21,0
14001009,'1175995',1055,,1758,27,,,0
14001009,'1176008',724,,1759,27,,,0
14001009,'1176017',754,,1760,27,,,0
14001009,'1176075',1654,,1761,27,,,0
14001009,'1176104',2154,,1762,27,,,0
14001009,'1176141',1255,,1763,27,,,0
14001009,'1176158',1455,,1764,27,,,0
14001009,'1176181',924,,1765,27,0,8 21,0
14001009,'1176198',955,,1766,27,,,0
14001009,'1176208',2154,,1767,27,,,0
14001009,'1176215',1854,,1768,27,,,0
14001009,'1176225',1324,,1769,27,0,8 21,0
14001009,'1176249',1055,,1770,27,,,0
14001009,'1176269',2054,,1771,27,,,0
14001009,'1176278',2254,,1772,27,0,8 21,0
14001009,'1176300',1524,,1773,27,0,8 21,0
14001009,'1176311',955,,1774,27,,,0
14001009,'1176346',824,,1775,27,,,0
14001009,'1176365',854,,1776,27,,,0
14001009,'1176376',1554,,1777,27,,,0
14001009,'1176382',1155,,1778,27,,,0
14001009,'1176449',654,,1779,27,,,0
14001009,'1176452',1224,,1780,27,0,8 21,0
14001009,'1176545',754,,1781,27,,,0
14001009,'1176551',1355,,1782,27,,,0
14001009,'1176579',1624,,1783,27,,,0
14001009,'1176580',1155,,1784,27,,,0
14001009,'1176607',1854,,1785,27,,,0
14001009,'1176612',1824,,1786,27,0,8 21,0
14001009,'1176628',1424,,1787,27,0,8 21,0
14001009,'1176653',1455,,1788,27,,,0
