12009,'1175885',1812,,1519,44,0,18 7,0
12009,'1175923',1559,,1520,44,0,18 7,0
12009,'1175952',1359,,1521,44,0,18 7,0
12009,'1175971',1059,,1522,44,0,18 7,0
12009,'1176115',1159,,1524,44,0,18 7,0
12009,'1176305',1659,,1526,44,0,18 7,0
12009,'1176431',1459,,1528,44,0,18 7,0
12009,'1176538',959,,1530,44,0,18 7,0
12009,'1176625',1259,,1531,44,0,18 7,0
14001609,'1175722',1133,,1882,45,,,0
14001609,'1175752',733,,1883,45,,,0
14001609,'1175760',2033,,1884,45,,,0
14001609,'1175852',633,,1887,2,,,0
14001609,'1175908',903,,1888,45,,,0
14001609,'1175922',1233,,1889,45,,,0
14001609,'1175936',833,,1890,45,,,0
14001609,'1175986',1433,,1892,45,,,0
14001609,'1175988',1333,,1893,45,,,0
14001609,'1175989',1833,,1894,45,,,0
14001609,'1176015',933,,1896,45,,,0
14001609,'1176168',1333,,1898,45,,,0
14001609,'1176170',1603,,1899,45,,,0
14001609,'1176241',2133,,1900,45,,,0
14001609,'1176247',803,,1901,45,,,0
14001609,'1176270',2233,,1902,45,,,0
14001609,'1176280',1633,,1903,45,,,0
14001609,'1176296',1533,,1904,45,,,0
14001609,'1176309',2233,,1905,45,,,0
14001609,'1176320',1833,,1906,45,,,0
14001609,'1176381',1033,,1908,45,,,0
14001609,'1176402',2033,,1909,45,,,0
14001609,'1176421',833,,1910,45,,,0
14001609,'1176486',1803,,1911,45,,,0
14001609,'1176492',1133,,1912,45,,,0
14001609,'1176495',1933,,1913,45,,,0
14001609,'1176500',1633,,1914,45,,,0
14001609,'1176504',1733,,1915,45,,,0
14001609,'1176510',1533,,1916,45,,,0
14001609,'1176518',1703,,1917,45,,,0
14001609,'1176524',1033,,1918,45,,,0
14001609,'1176533',933,,1919,45,,,0
14001609,'1176549',703,,1920,2,,,0
14001609,'1176577',2133,,1921,45,,,0
14001609,'1176584',633,,1922,2,,,0
14001609,'1176602',1433,,1924,45,,,0
14001609,'1176610',606,,1925,2,,,0
14001609,'1176621',1933,,1926,45,,,0
14001609,'1176627',1733,,1927,45,,,0
14001609,'1176666',733,,1928,25,,,0
14001609,'1176671',1233,,1929,45,,,0
