12009,'1175885',1811,,1519,43,0,18 7,0
12009,'1175923',1558,,1520,43,0,18 7,0
12009,'1175952',1358,,1521,43,0,18 7,0
12009,'1175971',1058,,1522,43,0,18 7,0
12009,'1176115',1158,,1524,43,0,18 7,0
12009,'1176305',1658,,1526,43,0,18 7,0
12009,'1176431',1458,,1528,43,0,18 7,0
12009,'1176538',958,,1530,43,0,18 7,0
12009,'1176625',1258,,1531,43,0,18 7,0
14001609,'1175722',1132,,1882,44,,,0
14001609,'1175752',732,,1883,44,,,0
14001609,'1175760',2032,,1884,44,,,0
14001609,'1175852',632,,1887,1,,,0
14001609,'1175908',902,,1888,44,,,0
14001609,'1175922',1232,,1889,44,,,0
14001609,'1175936',832,,1890,44,,,0
14001609,'1175986',1432,,1892,44,,,0
14001609,'1175988',1332,,1893,44,,,0
14001609,'1175989',1832,,1894,44,,,0
14001609,'1176015',932,,1896,44,,,0
14001609,'1176168',1332,,1898,44,,,0
14001609,'1176170',1602,,1899,44,,,0
14001609,'1176241',2132,,1900,44,,,0
14001609,'1176247',802,,1901,44,,,0
14001609,'1176270',2232,,1902,44,,,0
14001609,'1176280',1632,,1903,44,,,0
14001609,'1176296',1532,,1904,44,,,0
14001609,'1176309',2232,,1905,44,,,0
14001609,'1176320',1832,,1906,44,,,0
14001609,'1176381',1032,,1908,44,,,0
14001609,'1176402',2032,,1909,44,,,0
14001609,'1176421',832,,1910,44,,,0
14001609,'1176486',1802,,1911,44,,,0
14001609,'1176492',1132,,1912,44,,,0
14001609,'1176495',1932,,1913,44,,,0
14001609,'1176500',1632,,1914,44,,,0
14001609,'1176504',1732,,1915,44,,,0
14001609,'1176510',1532,,1916,44,,,0
14001609,'1176518',1702,,1917,44,,,0
14001609,'1176524',1032,,1918,44,,,0
14001609,'1176533',932,,1919,44,,,0
14001609,'1176549',702,,1920,1,,,0
14001609,'1176577',2132,,1921,44,,,0
14001609,'1176584',632,,1922,1,,,0
14001609,'1176602',1432,,1924,44,,,0
14001609,'1176610',605,,1925,1,,,0
14001609,'1176621',1932,,1926,44,,,0
14001609,'1176627',1732,,1927,44,,,0
14001609,'1176666',732,,1928,24,,,0
14001609,'1176671',1232,,1929,44,,,0
