11009,'1175720',1210,,1460,29,0,13 14 15,0
11009,'1175910',910,,1463,29,0,13 14 15,0
11009,'1175948',1710,,1464,29,0,13 14 15,0
11009,'1176063',1510,,1465,29,0,13 14 15,0
11009,'1176079',1410,,1466,29,0,13 14 15,0
11009,'1176108',1010,,1467,29,0,13 14 15,0
11009,'1176321',1110,,1471,29,0,13 14 15,0
11009,'1176658',1610,,1476,29,0,13 14 15,0
11009,'1176675',1310,,1477,29,0,13 14 15,0
13009,'1175768',1414,,1533,27,0,19 15,0
13009,'1175851',1214,,1534,27,0,19 15,0
13009,'1175875',1314,,1535,27,0,19 15,0
13009,'1175888',1114,,1536,27,0,19 15,0
13009,'1176171',1514,,1538,27,0,19 15,0
13009,'1176184',914,,1539,27,0,19 15,0
13009,'1176223',1614,,1541,27,0,19 15,0
13009,'1176463',1014,,1547,27,0,19 15,0
13009,'1176497',1714,,1548,27,0,19 15,0
15009,'1175719',1731,,1569,38,0,20 15,0
15009,'1175730',1531,,1570,38,0,20 15,0
15009,'1175737',1331,,1571,38,0,20 15,0
15009,'1175828',1431,,1572,38,0,20 15,0
15009,'1175835',1031,,1573,38,0,20 15,0
15009,'1176048',1231,,1578,38,0,20 15,0
15009,'1176230',1631,,1580,38,0,20 15,0
15009,'1176301',931,,1582,38,0,20 15,0
15009,'1176568',1131,,1584,38,0,20 15,0
20009,'1175886',1516,,1606,27,,,0
20009,'1176006',1016,,1608,27,,,0
20009,'1176032',1316,,1609,27,,,0
20009,'1176110',1616,,1610,27,,,0
20009,'1176370',1216,,1614,27,,,0
20009,'1176412',1116,,1617,27,,,0
20009,'1176469',1416,,1619,27,,,0
20009,'1176512',1716,,1620,27,,,0
20009,'1176525',916,,1621,17,,,0
19001109,'1175757',2235,,1930,53,,,0
19001109,'1175788',1835,,1931,53,,,0
19001109,'1175797',1435,,1932,53,,,0
19001109,'1175800',1035,,1933,53,,,0
19001109,'1175811',1605,,1934,29,,,0
19001109,'1175846',1935,,1935,53,,,0
19001109,'1175854',1105,,1936,29,,,0
19001109,'1175866',1805,,1937,53,,,0
19001109,'1175889',1335,,1939,53,,,0
19001109,'1175960',1305,,1940,29,,,0
19001109,'1175990',1235,,1942,53,,,0
19001109,'1176025',635,,1943,32,,,0
19001109,'1176026',1335,,1944,53,,,0
19001109,'1176076',705,,1945,29,,,0
19001109,'1176086',1035,,1946,53,,,0
19001109,'1176114',935,,1947,53,,,0
19001109,'1176152',805,,1948,53,,,0
19001109,'1176229',2235,,1949,53,,,0
19001109,'1176246',835,,1950,53,,,0
19001109,'1176315',735,,1951,53,,,0
19001109,'1176316',1235,,1952,53,,,0
19001109,'1176317',1735,,1953,53,,,0
19001109,'1176322',1005,,1954,53,,,0
19001109,'1176337',2035,,1955,53,,,0
19001109,'1176344',1635,,1956,53,,,0
19001109,'1176353',1635,,1957,53,,,0
19001109,'1176386',735,,1958,53,,,0
19001109,'1176406',1505,,1959,29,,,0
19001109,'1176429',1405,,1960,29,,,0
19001109,'1176444',1935,,1961,53,,,0
19001109,'1176445',2135,,1962,53,,,0
19001109,'1176478',1835,,1963,53,,,0
19001109,'1176517',1535,,1965,53,,,0
19001109,'1176557',935,,1966,53,,,0
19001109,'1176559',2035,,1967,53,,,0
19001109,'1176563',905,,1968,53,,,0
19001109,'1176570',1535,,1969,53,,,0
19001109,'1176581',1205,,1970,29,,,0
19001109,'1176586',1705,,1971,29,,,0
19001109,'1176595',1735,,1972,53,,,0
19001109,'1176605',1135,,1973,53,,,0
19001109,'1176616',1135,,1974,53,,,0
19001109,'1176620',835,,1975,53,,,0
19001109,'1176668',2135,,1976,53,,,0
19001109,'1176674',1435,,1977,53,,,0
19001309,'1175728',905,,1978,59,,,0
19001309,'1175734',1535,,1979,59,,,0
19001309,'1175770',2035,,1980,59,,,0
19001309,'1175816',1835,,1982,59,,,0
19001309,'1175833',1735,,1983,59,,,0
19001309,'1175860',1405,,1984,59,,,0
19001309,'1175862',1135,,1985,59,,,0
19001309,'1175891',1205,,1986,59,,,0
19001309,'1175892',1005,,1987,59,,,0
19001309,'1175985',705,,1988,27,,,0
19001309,'1175994',935,,1989,59,,,0
19001309,'1176023',835,,1990,59,,,0
19001309,'1176034',1135,,1991,59,,,0
19001309,'1176044',1435,,1992,59,,,0
19001309,'1176064',1105,,1993,59,,,0
19001309,'1176125',1735,,1994,59,,,0
19001309,'1176139',1235,,1995,59,,,0
19001309,'1176167',2235,,1996,59,,,0
19001309,'1176182',1335,,1997,59,,,0
19001309,'1176185',805,,1998,59,,,0
19001309,'1176187',1335,,1999,59,,,0
19001309,'1176196',1235,,2000,59,,,0
19001309,'1176261',1035,,2001,59,,,0
19001309,'1176277',2135,,2002,59,,,0
19001309,'1176318',1435,,2003,59,,,0
19001309,'1176331',2035,,2004,59,,,0
19001309,'1176338',1935,,2005,59,,,0
19001309,'1176348',1605,,2006,59,,,0
19001309,'1176367',1635,,2007,59,,,0
19001309,'1176387',2235,,2008,59,,,0
19001309,'1176389',835,,2009,59,,,0
19001309,'1176392',735,,2010,59,,,0
19001309,'1176394',1635,,2011,59,,,0
19001309,'1176446',1835,,2012,59,,,0
19001309,'1176462',2135,,2013,59,,,0
19001309,'1176473',1935,,2014,59,,,0
19001309,'1176527',1035,,2015,59,,,0
19001309,'1176539',1705,,2016,59,,,0
19001309,'1176543',1505,,2017,59,,,0
19001309,'1176550',635,,2018,27,,,0
19001309,'1176567',935,,2019,59,,,0
19001309,'1176597',1535,,2020,59,,,0
19001309,'1176614',1305,,2021,59,,,0
19001309,'1176638',1805,,2022,59,,,0
19001309,'1176660',735,,2023,59,,,0
19001709,'1175717',1530,,2072,49,,,0
19001709,'1175742',1130,,2073,49,,,0
19001709,'1175751',1130,,2074,49,,,0
19001709,'1175777',1200,,2075,16,,,0
19001709,'1175789',730,,2076,49,,,0
19001709,'1175830',2030,,2077,49,,,0
19001709,'1175877',1230,,2078,49,,,0
19001709,'1175947',1730,,2079,49,,,0
19001709,'1175951',800,,2080,49,,,0
19001709,'1175978',830,,2081,49,,,0
19001709,'1176042',1730,,2082,49,,,0
19001709,'1176058',1530,,2084,49,,,0
19001709,'1176065',1630,,2085,49,,,0
19001709,'1176099',1430,,2086,49,,,0
19001709,'1176116',1600,,2087,16,,,0
19001709,'1176119',1830,,2088,49,,,0
19001709,'1176120',1930,,2089,49,,,0
19001709,'1176130',1330,,2091,49,,,0
19001709,'1176156',2030,,2092,49,,,0
19001709,'1176161',1430,,2093,49,,,0
19001709,'1176166',1000,,2094,49,,,0
19001709,'1176201',930,,2095,49,,,0
19001709,'1176209',1400,,2096,16,,,0
19001709,'1176252',900,,2097,49,,,0
19001709,'1176264',1500,,2098,16,,,0
19001709,'1176273',1030,,2099,49,,,0
19001709,'1176297',1300,,2100,16,,,0
19001709,'1176303',1700,,2101,49,,,0
19001709,'1176312',1800,,2102,49,,,0
19001709,'1176349',1930,,2103,49,,,0
19001709,'1176380',1100,,2104,16,,,0
19001709,'1176415',830,,2105,49,,,0
19001709,'1176420',1230,,2106,49,,,0
19001709,'1176482',1330,,2108,49,,,0
19001709,'1176513',730,,2109,49,,,0
19001709,'1176547',630,,2110,16,,,0
19001709,'1176554',1830,,2111,49,,,0
19001709,'1176592',700,,2112,49,,,0
19001709,'1176601',1630,,2113,49,,,0
19001709,'1176617',2130,,2114,49,,,0
19001709,'1176629',1030,,2115,49,,,0
19001709,'1176637',930,,2116,49,,,0
19001709,'1176655',2130,,2118,49,,,0
