11009,'1175771',1442,,1461,20,,,0
11009,'1175802',1742,,1462,20,,,0
11009,'1176133',1642,,1468,20,,,0
11009,'1176140',1042,,1469,20,,,0
11009,'1176188',1242,,1470,20,,,0
11009,'1176403',1142,,1472,20,,,0
11009,'1176448',942,,1473,20,,,0
11009,'1176583',1542,,1474,20,,,0
11009,'1176618',1342,,1475,20,,,0
14001009,'1175755',852,,1743,22,,,0
14001009,'1175787',1752,,1744,22,,,0
14001009,'1175798',1752,,1745,22,,,0
14001009,'1175806',1122,,1746,22,0,8 21,0
14001009,'1175825',1552,,1748,22,,,0
14001009,'1175826',1252,,1749,22,,,0
14001009,'1175836',1722,,1750,22,,,0
14001009,'1175840',1952,,1751,22,,,0
14001009,'1175865',1022,,1752,22,0,8 21,0
14001009,'1175890',1952,,1753,22,,,0
14001009,'1175905',2052,,1754,22,,,0
14001009,'1175937',1352,,1755,22,,,0
14001009,'1175943',1652,,1756,22,,,0
14001009,'1175962',2252,,1757,22,0,8 21,0
14001009,'1175995',1052,,1758,22,,,0
14001009,'1176008',722,,1759,22,,,0
14001009,'1176017',752,,1760,22,,,0
14001009,'1176075',1652,,1761,22,,,0
14001009,'1176104',2152,,1762,22,,,0
14001009,'1176141',1252,,1763,22,,,0
14001009,'1176158',1452,,1764,22,,,0
14001009,'1176181',922,,1765,22,0,8 21,0
14001009,'1176198',952,,1766,22,,,0
14001009,'1176208',2152,,1767,22,,,0
14001009,'1176215',1852,,1768,22,,,0
14001009,'1176225',1322,,1769,22,0,8 21,0
14001009,'1176249',1052,,1770,22,,,0
14001009,'1176269',2052,,1771,22,,,0
14001009,'1176278',2252,,1772,22,0,8 21,0
14001009,'1176300',1522,,1773,22,0,8 21,0
14001009,'1176311',952,,1774,22,,,0
14001009,'1176346',822,,1775,22,,,0
14001009,'1176365',852,,1776,22,,,0
14001009,'1176376',1552,,1777,22,,,0
14001009,'1176382',1152,,1778,22,,,0
14001009,'1176449',652,,1779,22,,,0
14001009,'1176452',1222,,1780,22,0,8 21,0
14001009,'1176545',752,,1781,22,,,0
14001009,'1176551',1352,,1782,22,,,0
14001009,'1176579',1622,,1783,22,,,0
14001009,'1176580',1152,,1784,22,,,0
14001009,'1176607',1852,,1785,22,,,0
14001009,'1176612',1822,,1786,22,0,8 21,0
14001009,'1176628',1422,,1787,22,0,8 21,0
14001009,'1176653',1452,,1788,22,,,0
