12009,'1175745',1559,,1515,39,,,0
12009,'1175747',1459,,1516,39,,,0
12009,'1175827',1159,,1517,39,,,0
12009,'1175839',1812,,1518,39,,,0
12009,'1176031',1059,,1523,39,,,0
12009,'1176149',1259,,1525,39,,,0
12009,'1176417',1359,,1527,39,,,0
12009,'1176471',1659,,1529,39,,,0
12009,'1176692',959,,1532,39,,,0
14001209,'1175718',1659,,1789,43,,,0
14001209,'1175861',1929,,1790,43,,,0
14001209,'1175900',1759,,1791,43,,,0
14001209,'1175915',2129,,1793,43,,,0
14001209,'1175917',1459,,1794,43,,,0
14001209,'1175919',2029,,1795,43,,,0
14001209,'1175938',829,,1796,43,,,0
14001209,'1175939',1829,,1797,43,,,0
14001209,'1175983',2229,,1798,43,,,0
14001209,'1176007',1329,,1799,43,,,0
14001209,'1176012',1129,,1800,43,,,0
14001209,'1176069',929,,1801,43,,,0
14001209,'1176070',1229,,1802,43,,,0
14001209,'1176091',1029,,1803,43,,,0
14001209,'1176100',729,,1804,21,,,0
14001209,'1176103',1029,,1805,43,,,0
14001209,'1176117',1229,,1806,43,,,0
14001209,'1176163',1929,,1808,43,,,0
14001209,'1176213',1129,,1809,43,,,0
14001209,'1176217',1629,,1810,43,,,0
14001209,'1176245',1829,,1811,43,,,0
14001209,'1176255',929,,1812,43,,,0
14001209,'1176275',1729,,1813,43,,,0
14001209,'1176323',1159,,1814,43,,,0
14001209,'1176343',1429,,1816,43,,,0
14001209,'1176354',1529,,1817,43,,,0
14001209,'1176378',1329,,1818,43,,,0
14001209,'1176401',759,,1819,43,,,0
14001209,'1176411',2129,,1820,43,,,0
14001209,'1176440',1529,,1821,43,,,0
14001209,'1176458',729,,1822,43,,,0
14001209,'1176470',1629,,1823,43,,,0
14001209,'1176472',1059,,1824,43,,,0
14001209,'1176483',1359,,1825,43,,,0
14001209,'1176488',1729,,1826,43,,,0
14001209,'1176515',2029,,1827,43,,,0
14001209,'1176526',959,,1828,43,,,0
14001209,'1176532',1259,,1829,43,,,0
14001209,'1176546',2229,,1830,43,,,0
14001209,'1176594',859,,1831,43,,,0
14001209,'1176599',1559,,1832,43,,,0
14001209,'1176626',829,,1833,43,,,0
14001209,'1176676',1429,,1834,43,,,0
