20009,'1175879',1509,,1605,25,0,10 11,0
20009,'1175940',1109,,1607,25,0,10 11,0
20009,'1176265',1609,,1612,25,0,10 11,0
20009,'1176319',1801,,1613,25,0,10 11,0
20009,'1176398',1409,,1615,25,0,10 11,0
20009,'1176408',1009,,1616,25,0,10 11,0
20009,'1176425',1209,,1618,25,0,10 11,0
20009,'1176552',1309,,1622,25,0,10 11,0
20009,'1176647',1709,,1623,25,0,10 11,0
19001509,'1175715',2052,,2024,12,,,0
19001509,'1175729',952,,2025,12,,,0
19001509,'1175736',2152,,2026,12,0,12,0
19001509,'1175740',752,,2027,12,,,0
19001509,'1175741',1252,,2028,12,,,0
19001509,'1175769',2252,,2029,12,0,12,0
19001509,'1175774',2152,,2030,12,0,12,0
19001509,'1175778',1722,,2031,12,,,0
19001509,'1175793',1752,,2032,12,,,0
19001509,'1175801',752,,2033,12,,,0
19001509,'1175845',1322,,2034,12,,,0
19001509,'1175897',1422,,2035,12,,,0
19001509,'1175899',1152,,2036,12,,,0
19001509,'1175907',922,,2037,12,,,0
19001509,'1175925',1552,,2038,12,,,0
19001509,'1175932',1452,,2039,12,,,0
19001509,'1175953',1522,,2040,12,,,0
19001509,'1175967',1022,,2042,12,,,0
19001509,'1175996',1622,,2043,12,,,0
19001509,'1176000',852,,2044,12,,,0
19001509,'1176049',1652,,2045,12,,,0
19001509,'1176055',1852,,2046,12,,,0
19001509,'1176057',952,,2047,12,,,0
19001509,'1176073',722,,2048,12,,,0
19001509,'1176074',652,,2049,12,,,0
19001509,'1176085',1852,,2050,12,,,0
19001509,'1176090',2052,,2051,12,,,0
19001509,'1176092',1052,,2052,12,,,0
19001509,'1176093',852,,2053,12,,,0
19001509,'1176105',1952,,2054,12,,,0
19001509,'1176238',1452,,2055,12,,,0
19001509,'1176266',1122,,2056,12,,,0
19001509,'1176293',1352,,2057,12,,,0
19001509,'1176328',1222,,2058,12,,,0
19001509,'1176335',1952,,2059,12,,,0
19001509,'1176340',1822,,2060,12,0,12,0
19001509,'1176355',1552,,2061,12,,,0
19001509,'1176358',1252,,2062,12,,,0
19001509,'1176362',1752,,2063,12,,,0
19001509,'1176426',1052,,2064,12,,,0
19001509,'1176434',2252,,2065,12,0,12,0
19001509,'1176496',1352,,2067,12,,,0
19001509,'1176536',652,,2068,12,,,0
19001509,'1176537',822,,2069,12,,,0
19001509,'1176684',1652,,2070,12,,,0
19001509,'1176689',1152,,2071,12,,,0
