12009,'1175885',1722,,1519,6,0,18 7,0
12009,'1175923',1522,,1520,6,0,18 7,0
12009,'1175952',1322,,1521,6,0,18 7,0
12009,'1175971',1022,,1522,6,0,18 7,0
12009,'1176115',1122,,1524,6,0,18 7,0
12009,'1176305',1622,,1526,6,0,18 7,0
12009,'1176431',1422,,1528,6,0,18 7,0
12009,'1176538',922,,1530,6,0,18 7,0
12009,'1176625',1222,,1531,6,0,18 7,0
19001309,'1175728',813,,1978,6,,,0
19001309,'1175734',1443,,1979,6,,,0
19001309,'1175770',1943,,1980,6,,,0
19001309,'1175814',1813,,1981,6,0,8 21,0
19001309,'1175816',1743,,1982,6,,,0
19001309,'1175833',1643,,1983,6,,,0
19001309,'1175860',1313,,1984,6,,,0
19001309,'1175862',1043,,1985,6,,,0
19001309,'1175891',1113,,1986,6,,,0
19001309,'1175892',913,,1987,6,,,0
19001309,'1175994',843,,1989,6,,,0
19001309,'1176023',743,,1990,6,,,0
19001309,'1176034',1043,,1991,6,,,0
19001309,'1176044',1343,,1992,6,,,0
19001309,'1176064',1013,,1993,6,,,0
19001309,'1176125',1643,,1994,6,,,0
19001309,'1176139',1143,,1995,6,,,0
19001309,'1176167',2143,,1996,6,,,0
19001309,'1176182',1243,,1997,6,,,0
19001309,'1176185',713,,1998,6,,,0
19001309,'1176187',1243,,1999,6,,,0
19001309,'1176196',1143,,2000,6,,,0
19001309,'1176261',943,,2001,6,,,0
19001309,'1176277',2043,,2002,6,,,0
19001309,'1176318',1343,,2003,6,,,0
19001309,'1176331',1943,,2004,6,,,0
19001309,'1176338',1843,,2005,6,,,0
19001309,'1176348',1513,,2006,6,,,0
19001309,'1176367',1543,,2007,6,,,0
19001309,'1176387',2143,,2008,6,,,0
19001309,'1176389',743,,2009,6,,,0
19001309,'1176392',643,,2010,6,,,0
19001309,'1176394',1543,,2011,6,,,0
19001309,'1176446',1743,,2012,6,,,0
19001309,'1176462',2043,,2013,6,,,0
19001309,'1176473',1843,,2014,6,,,0
19001309,'1176527',943,,2015,6,,,0
19001309,'1176539',1613,,2016,6,,,0
19001309,'1176543',1413,,2017,6,,,0
19001309,'1176567',843,,2019,6,,,0
19001309,'1176597',1443,,2020,6,,,0
19001309,'1176614',1213,,2021,6,,,0
19001309,'1176638',1713,,2022,6,,,0
19001309,'1176660',643,,2023,6,,,0
