11609,'1175716',1149,,1478,21,,,0
11609,'1175732',1549,,1479,21,,,0
11609,'1175756',1349,,1480,21,,,0
11609,'1175773',2049,,1481,21,,,0
11609,'1175832',1819,,1482,21,,,0
11609,'1175843',1449,,1483,21,,,0
11609,'1175850',2149,,1484,21,,,0
11609,'1175868',1249,,1485,21,,,0
11609,'1175918',1649,,1486,21,,,0
11609,'1175942',1749,,1487,21,,,0
11609,'1175949',1719,,1488,21,,,0
11609,'1175954',949,,1489,21,,,0
11609,'1175958',1549,,1490,21,,,0
11609,'1175970',1149,,1491,21,,,0
11609,'1176003',1949,,1492,21,,,0
11609,'1176080',1349,,1493,21,,,0
11609,'1176101',1849,,1494,21,,,0
11609,'1176137',1849,,1495,21,,,0
11609,'1176153',1649,,1496,21,,,0
11609,'1176239',1249,,1497,21,,,0
11609,'1176240',749,,1498,21,,,0
11609,'1176243',649,,1499,21,,,0
11609,'1176254',819,,1500,21,,,0
11609,'1176259',2049,,1501,21,,,0
11609,'1176276',849,,1502,21,,,0
11609,'1176432',719,,1503,21,,,0
11609,'1176433',1619,,1504,21,,,0
11609,'1176442',919,,1505,21,,,0
11609,'1176443',1049,,1506,21,,,0
11609,'1176475',749,,1507,21,,,0
11609,'1176603',1749,,1508,21,,,0
11609,'1176630',2149,,1509,21,,,0
11609,'1176639',1949,,1510,21,,,0
11609,'1176641',1049,,1511,21,,,0
11609,'1176646',949,,1512,21,,,0
11609,'1176652',849,,1513,21,,,0
11609,'1176685',1449,,1514,21,,,0
16009,'1175859',1240,,1588,22,0,16 17 11,0
16009,'1176087',1340,,1589,22,0,16 17 11,0
16009,'1176112',1440,,1590,22,0,16 17 11,0
16009,'1176128',1740,,1591,22,0,16 17 11,0
16009,'1176235',1040,,1593,22,0,16 17 11,0
16009,'1176236',1640,,1594,22,0,16 17 11,0
16009,'1176410',1540,,1599,22,0,16 17 11,0
16009,'1176572',940,,1602,22,0,16 17 11,0
16009,'1176585',1140,,1603,22,0,16 17 11,0
