13009,'1176096',1140,,1537,22,,,0
13009,'1176190',1540,,1540,22,,,0
13009,'1176224',1040,,1542,22,,,0
13009,'1176248',1740,,1543,22,,,0
13009,'1176271',1640,,1544,22,,,0
13009,'1176360',940,,1545,22,,,0
13009,'1176371',1240,,1546,22,,,0
13009,'1176623',1340,,1549,22,,,0
13009,'1176644',1440,,1550,22,,,0
14001209,'1175718',1633,,1789,22,,,0
14001209,'1175861',1903,,1790,22,,,0
14001209,'1175900',1733,,1791,22,,,0
14001209,'1175913',2303,,1792,22,0,8 21,0
14001209,'1175915',2103,,1793,22,,,0
14001209,'1175917',1433,,1794,22,,,0
14001209,'1175919',2003,,1795,22,,,0
14001209,'1175938',803,,1796,22,,,0
14001209,'1175939',1803,,1797,22,,,0
14001209,'1175983',2203,,1798,22,,,0
14001209,'1176007',1303,,1799,22,,,0
14001209,'1176012',1103,,1800,22,,,0
14001209,'1176069',903,,1801,22,,,0
14001209,'1176070',1203,,1802,22,,,0
14001209,'1176091',1003,,1803,22,,,0
14001209,'1176103',1003,,1805,22,,,0
14001209,'1176117',1203,,1806,22,,,0
14001209,'1176122',2303,,1807,22,0,8 21,0
14001209,'1176163',1903,,1808,22,,,0
14001209,'1176213',1103,,1809,22,,,0
14001209,'1176217',1603,,1810,22,,,0
14001209,'1176245',1803,,1811,22,,,0
14001209,'1176255',903,,1812,22,,,0
14001209,'1176275',1703,,1813,22,,,0
14001209,'1176323',1133,,1814,22,,,0
14001209,'1176336',1833,,1815,22,0,8 21,0
14001209,'1176343',1403,,1816,22,,,0
14001209,'1176354',1503,,1817,22,,,0
14001209,'1176378',1303,,1818,22,,,0
14001209,'1176401',733,,1819,22,,,0
14001209,'1176411',2103,,1820,22,,,0
14001209,'1176440',1503,,1821,22,,,0
14001209,'1176458',703,,1822,22,,,0
14001209,'1176470',1603,,1823,22,,,0
14001209,'1176472',1033,,1824,22,,,0
14001209,'1176483',1333,,1825,22,,,0
14001209,'1176488',1703,,1826,22,,,0
14001209,'1176515',2003,,1827,22,,,0
14001209,'1176526',933,,1828,22,,,0
14001209,'1176532',1233,,1829,22,,,0
14001209,'1176546',2203,,1830,22,,,0
14001209,'1176594',833,,1831,22,,,0
14001209,'1176599',1533,,1832,22,,,0
14001209,'1176626',803,,1833,22,,,0
14001209,'1176676',1403,,1834,22,,,0
19001109,'1175757',2208,,1930,24,,,0
19001109,'1175788',1808,,1931,24,,,0
19001109,'1175797',1406,,1932,24,,,0
19001109,'1175800',1008,,1933,24,,,0
19001109,'1175846',1908,,1935,24,,,0
19001109,'1175866',1738,,1937,24,,,0
19001109,'1175873',1838,,1938,24,0,8 21,0
19001109,'1175889',1306,,1939,24,,,0
19001109,'1175990',1206,,1942,24,,,0
19001109,'1176025',612,,1943,3,,,0
19001109,'1176026',1306,,1944,24,,,0
19001109,'1176086',1008,,1946,24,,,0
19001109,'1176114',908,,1947,24,,,0
19001109,'1176152',738,,1948,24,,,0
19001109,'1176229',2208,,1949,24,,,0
19001109,'1176246',808,,1950,24,,,0
19001109,'1176315',708,,1951,24,,,0
19001109,'1176316',1206,,1952,24,,,0
19001109,'1176317',1708,,1953,24,,,0
19001109,'1176322',938,,1954,24,,,0
19001109,'1176337',2008,,1955,24,,,0
19001109,'1176344',1606,,1956,24,,,0
19001109,'1176353',1606,,1957,24,,,0
19001109,'1176386',708,,1958,24,,,0
19001109,'1176444',1908,,1961,24,,,0
19001109,'1176445',2108,,1962,24,,,0
19001109,'1176478',1808,,1963,24,,,0
19001109,'1176517',1506,,1965,24,,,0
19001109,'1176557',908,,1966,24,,,0
19001109,'1176559',2008,,1967,24,,,0
19001109,'1176563',838,,1968,24,,,0
19001109,'1176570',1506,,1969,24,,,0
19001109,'1176595',1708,,1972,24,,,0
19001109,'1176605',1106,,1973,24,,,0
19001109,'1176616',1106,,1974,24,,,0
19001109,'1176620',808,,1975,24,,,0
19001109,'1176668',2108,,1976,24,,,0
19001109,'1176674',1406,,1977,24,,,0
19001309,'1175728',838,,1978,32,,,0
19001309,'1175734',1508,,1979,32,,,0
19001309,'1175770',2008,,1980,32,,,0
19001309,'1175814',1838,,1981,32,0,8 21,0
19001309,'1175816',1808,,1982,32,,,0
19001309,'1175833',1708,,1983,32,,,0
19001309,'1175860',1338,,1984,32,,,0
19001309,'1175862',1108,,1985,32,,,0
19001309,'1175891',1138,,1986,32,,,0
19001309,'1175892',938,,1987,32,,,0
19001309,'1175994',908,,1989,32,,,0
19001309,'1176023',808,,1990,32,,,0
19001309,'1176034',1108,,1991,32,,,0
19001309,'1176044',1408,,1992,32,,,0
19001309,'1176064',1038,,1993,32,,,0
19001309,'1176125',1708,,1994,32,,,0
19001309,'1176139',1208,,1995,32,,,0
19001309,'1176167',2208,,1996,32,,,0
19001309,'1176182',1308,,1997,32,,,0
19001309,'1176185',738,,1998,32,,,0
19001309,'1176187',1308,,1999,32,,,0
19001309,'1176196',1208,,2000,32,,,0
19001309,'1176261',1008,,2001,32,,,0
19001309,'1176277',2108,,2002,32,,,0
19001309,'1176318',1408,,2003,32,,,0
19001309,'1176331',2008,,2004,32,,,0
19001309,'1176338',1908,,2005,32,,,0
19001309,'1176348',1538,,2006,32,,,0
19001309,'1176367',1608,,2007,32,,,0
19001309,'1176387',2208,,2008,32,,,0
19001309,'1176389',808,,2009,32,,,0
19001309,'1176392',708,,2010,32,,,0
19001309,'1176394',1608,,2011,32,,,0
19001309,'1176446',1808,,2012,32,,,0
19001309,'1176462',2108,,2013,32,,,0
19001309,'1176473',1908,,2014,32,,,0
19001309,'1176527',1008,,2015,32,,,0
19001309,'1176539',1638,,2016,32,,,0
19001309,'1176543',1438,,2017,32,,,0
19001309,'1176567',908,,2019,32,,,0
19001309,'1176597',1508,,2020,32,,,0
19001309,'1176614',1238,,2021,32,,,0
19001309,'1176638',1738,,2022,32,,,0
19001309,'1176660',708,,2023,32,,,0
19001509,'1175715',2104,,2024,25,,,0
19001509,'1175729',1004,,2025,25,,,0
19001509,'1175740',804,,2027,25,,,0
19001509,'1175741',1304,,2028,25,,,0
19001509,'1175778',1734,,2031,25,,,0
19001509,'1175793',1804,,2032,25,,,0
19001509,'1175801',804,,2033,25,,,0
19001509,'1175845',1334,,2034,25,,,0
19001509,'1175897',1434,,2035,25,,,0
19001509,'1175899',1204,,2036,25,,,0
19001509,'1175907',934,,2037,25,,,0
19001509,'1175925',1604,,2038,25,,,0
19001509,'1175932',1504,,2039,25,,,0
19001509,'1175953',1534,,2040,25,,,0
19001509,'1175967',1034,,2042,25,,,0
19001509,'1175996',1634,,2043,25,,,0
19001509,'1176000',904,,2044,25,,,0
19001509,'1176049',1704,,2045,25,,,0
19001509,'1176055',1904,,2046,25,,,0
19001509,'1176057',1004,,2047,25,,,0
19001509,'1176073',734,,2048,25,,,0
19001509,'1176074',704,,2049,25,,,0
19001509,'1176085',1904,,2050,25,,,0
19001509,'1176090',2104,,2051,25,,,0
19001509,'1176092',1104,,2052,25,,,0
19001509,'1176093',904,,2053,25,,,0
19001509,'1176105',2004,,2054,25,,,0
19001509,'1176238',1504,,2055,25,,,0
19001509,'1176266',1134,,2056,25,,,0
19001509,'1176293',1404,,2057,25,,,0
19001509,'1176328',1234,,2058,25,,,0
19001509,'1176335',2004,,2059,25,,,0
19001509,'1176340',1834,,2060,25,0,12,0
19001509,'1176355',1604,,2061,25,,,0
19001509,'1176358',1304,,2062,25,,,0
19001509,'1176362',1804,,2063,25,,,0
19001509,'1176426',1104,,2064,25,,,0
19001509,'1176496',1404,,2067,25,,,0
19001509,'1176536',704,,2068,25,,,0
19001509,'1176537',834,,2069,25,,,0
19001509,'1176684',1704,,2070,25,,,0
19001509,'1176689',1204,,2071,25,,,0
19001709,'1175717',1504,,2072,33,,,0
19001709,'1175742',1104,,2073,33,,,0
19001709,'1175751',1104,,2074,33,,,0
19001709,'1175789',704,,2076,33,,,0
19001709,'1175830',2004,,2077,33,,,0
19001709,'1175877',1204,,2078,33,,,0
19001709,'1175947',1704,,2079,33,,,0
19001709,'1175951',734,,2080,33,,,0
19001709,'1175978',804,,2081,33,,,0
19001709,'1176042',1704,,2082,33,,,0
19001709,'1176052',2204,,2083,33,0,8 21,0
19001709,'1176058',1504,,2084,33,,,0
19001709,'1176065',1604,,2085,33,,,0
19001709,'1176099',1404,,2086,33,,,0
19001709,'1176119',1804,,2088,33,,,0
19001709,'1176120',1904,,2089,33,,,0
19001709,'1176124',2304,,2090,33,0,8 21,0
19001709,'1176130',1304,,2091,33,,,0
19001709,'1176156',2004,,2092,33,,,0
19001709,'1176161',1404,,2093,33,,,0
19001709,'1176166',934,,2094,33,,,0
19001709,'1176201',904,,2095,33,,,0
19001709,'1176252',834,,2097,33,,,0
19001709,'1176273',1004,,2099,33,,,0
19001709,'1176303',1634,,2101,33,,,0
19001709,'1176312',1734,,2102,33,,,0
19001709,'1176349',1904,,2103,33,,,0
19001709,'1176415',804,,2105,33,,,0
19001709,'1176420',1204,,2106,33,,,0
19001709,'1176468',2204,,2107,33,0,8 21,0
19001709,'1176482',1304,,2108,33,,,0
19001709,'1176513',704,,2109,33,,,0
19001709,'1176554',1804,,2111,33,,,0
19001709,'1176592',634,,2112,33,,,0
19001709,'1176601',1604,,2113,33,,,0
19001709,'1176617',2104,,2114,33,,,0
19001709,'1176629',1004,,2115,33,,,0
19001709,'1176637',904,,2116,33,,,0
19001709,'1176640',1834,,2117,33,0,8 21,0
19001709,'1176655',2104,,2118,33,,,0
19001709,'1176661',2304,,2119,33,0,8 21,0
