30009,'1175731',1707,,1663,18,,,0
30009,'1175895',1807,,1675,18,,,0
30009,'1175903',1507,,1676,18,,,0
30009,'1175906',1407,,1677,18,,,0
30009,'1175920',907,,1679,18,,,0
30009,'1175956',1207,,1681,18,,,0
30009,'1175968',1007,,1684,18,,,0
30009,'1176011',1507,,1687,18,,,0
30009,'1176018',937,,1688,18,,,0
30009,'1176021',1307,,1689,18,,,0
30009,'1176022',737,,1690,18,,,0
30009,'1176029',1007,,1691,18,,,0
30009,'1176062',1107,,1694,18,,,0
30009,'1176077',1107,,1695,18,,,0
30009,'1176102',1207,,1696,18,,,0
30009,'1176164',2007,,1700,18,,,0
30009,'1176165',2107,,1701,18,,,0
30009,'1176189',1807,,1704,18,,,0
30009,'1176197',837,,1705,18,,,0
30009,'1176210',2207,,1706,18,0,8 21,0
30009,'1176212',1407,,1707,18,,,0
30009,'1176214',1707,,1708,18,,,0
30009,'1176220',1037,,1709,18,0,8 21,0
30009,'1176253',1607,,1712,18,,,0
30009,'1176298',1607,,1714,18,,,0
30009,'1176304',1307,,1715,18,,,0
30009,'1176325',1637,,1716,18,,,0
30009,'1176329',1837,,1717,18,0,8 21,0
30009,'1176363',907,,1719,18,,,0
30009,'1176397',2207,,1721,18,0,8 21,0
30009,'1176439',2107,,1725,18,,,0
30009,'1176451',807,,1726,18,,,0
30009,'1176455',807,,1727,18,,,0
30009,'1176560',1907,,1737,18,,,0
30009,'1176569',1737,,1738,18,,,0
30009,'1176582',2007,,1739,18,,,0
30009,'1176588',1907,,1740,18,,,0
