11009,'1175720',1207,,1460,23,0,13 14 15,0
11009,'1175910',907,,1463,23,0,13 14 15,0
11009,'1175948',1707,,1464,23,0,13 14 15,0
11009,'1176063',1507,,1465,23,0,13 14 15,0
11009,'1176079',1407,,1466,23,0,13 14 15,0
11009,'1176108',1007,,1467,23,0,13 14 15,0
11009,'1176321',1107,,1471,23,0,13 14 15,0
11009,'1176658',1607,,1476,23,0,13 14 15,0
11009,'1176675',1307,,1477,23,0,13 14 15,0
19001109,'1175757',2230,,1930,47,,,0
19001109,'1175788',1830,,1931,47,,,0
19001109,'1175797',1430,,1932,47,,,0
19001109,'1175800',1030,,1933,47,,,0
19001109,'1175811',1600,,1934,23,,,0
19001109,'1175846',1930,,1935,47,,,0
19001109,'1175854',1100,,1936,23,,,0
19001109,'1175866',1800,,1937,47,,,0
19001109,'1175889',1330,,1939,47,,,0
19001109,'1175960',1300,,1940,23,,,0
19001109,'1175990',1230,,1942,47,,,0
19001109,'1176025',630,,1943,26,,,0
19001109,'1176026',1330,,1944,47,,,0
19001109,'1176076',700,,1945,23,,,0
19001109,'1176086',1030,,1946,47,,,0
19001109,'1176114',930,,1947,47,,,0
19001109,'1176152',800,,1948,47,,,0
19001109,'1176229',2230,,1949,47,,,0
19001109,'1176246',830,,1950,47,,,0
19001109,'1176315',730,,1951,47,,,0
19001109,'1176316',1230,,1952,47,,,0
19001109,'1176317',1730,,1953,47,,,0
19001109,'1176322',1000,,1954,47,,,0
19001109,'1176337',2030,,1955,47,,,0
19001109,'1176344',1630,,1956,47,,,0
19001109,'1176353',1630,,1957,47,,,0
19001109,'1176386',730,,1958,47,,,0
19001109,'1176406',1500,,1959,23,,,0
19001109,'1176429',1400,,1960,23,,,0
19001109,'1176444',1930,,1961,47,,,0
19001109,'1176445',2130,,1962,47,,,0
19001109,'1176478',1830,,1963,47,,,0
19001109,'1176517',1530,,1965,47,,,0
19001109,'1176557',930,,1966,47,,,0
19001109,'1176559',2030,,1967,47,,,0
19001109,'1176563',900,,1968,47,,,0
19001109,'1176570',1530,,1969,47,,,0
19001109,'1176581',1200,,1970,23,,,0
19001109,'1176586',1700,,1971,23,,,0
19001109,'1176595',1730,,1972,47,,,0
19001109,'1176605',1130,,1973,47,,,0
19001109,'1176616',1130,,1974,47,,,0
19001109,'1176620',830,,1975,47,,,0
19001109,'1176668',2130,,1976,47,,,0
19001109,'1176674',1430,,1977,47,,,0
