13009,'1176096',1129,,1537,11,,,0
13009,'1176190',1529,,1540,11,,,0
13009,'1176224',1029,,1542,11,,,0
13009,'1176248',1729,,1543,11,,,0
13009,'1176271',1629,,1544,11,,,0
13009,'1176360',929,,1545,11,,,0
13009,'1176371',1229,,1546,11,,,0
13009,'1176623',1329,,1549,11,,,0
13009,'1176644',1429,,1550,11,,,0
14001209,'1175718',1623,,1789,11,,,0
14001209,'1175861',1853,,1790,11,,,0
14001209,'1175900',1723,,1791,11,,,0
14001209,'1175913',2253,,1792,11,0,8 21,0
14001209,'1175915',2053,,1793,11,,,0
14001209,'1175917',1423,,1794,11,,,0
14001209,'1175919',1953,,1795,11,,,0
14001209,'1175938',753,,1796,11,,,0
14001209,'1175939',1753,,1797,11,,,0
14001209,'1175983',2153,,1798,11,,,0
14001209,'1176007',1253,,1799,11,,,0
14001209,'1176012',1053,,1800,11,,,0
14001209,'1176069',853,,1801,11,,,0
14001209,'1176070',1153,,1802,11,,,0
14001209,'1176091',953,,1803,11,,,0
14001209,'1176103',953,,1805,11,,,0
14001209,'1176117',1153,,1806,11,,,0
14001209,'1176122',2253,,1807,11,0,8 21,0
14001209,'1176163',1853,,1808,11,,,0
14001209,'1176213',1053,,1809,11,,,0
14001209,'1176217',1553,,1810,11,,,0
14001209,'1176245',1753,,1811,11,,,0
14001209,'1176255',853,,1812,11,,,0
14001209,'1176275',1653,,1813,11,,,0
14001209,'1176323',1123,,1814,11,,,0
14001209,'1176336',1823,,1815,11,0,8 21,0
14001209,'1176343',1353,,1816,11,,,0
14001209,'1176354',1453,,1817,11,,,0
14001209,'1176378',1253,,1818,11,,,0
14001209,'1176401',723,,1819,11,,,0
14001209,'1176411',2053,,1820,11,,,0
14001209,'1176440',1453,,1821,11,,,0
14001209,'1176458',653,,1822,11,,,0
14001209,'1176470',1553,,1823,11,,,0
14001209,'1176472',1023,,1824,11,,,0
14001209,'1176483',1323,,1825,11,,,0
14001209,'1176488',1653,,1826,11,,,0
14001209,'1176515',1953,,1827,11,,,0
14001209,'1176526',923,,1828,11,,,0
14001209,'1176532',1223,,1829,11,,,0
14001209,'1176546',2153,,1830,11,,,0
14001209,'1176594',823,,1831,11,,,0
14001209,'1176599',1523,,1832,11,,,0
14001209,'1176626',753,,1833,11,,,0
14001209,'1176676',1353,,1834,11,,,0
