12009,'1175885',1815,,1519,50,0,18 7,0
12009,'1175923',1602,,1520,50,0,18 7,0
12009,'1175952',1402,,1521,50,0,18 7,0
12009,'1175971',1102,,1522,50,0,18 7,0
12009,'1176115',1202,,1524,50,0,18 7,0
12009,'1176305',1702,,1526,50,0,18 7,0
12009,'1176431',1502,,1528,50,0,18 7,0
12009,'1176538',1002,,1530,50,0,18 7,0
12009,'1176625',1302,,1531,50,0,18 7,0
14001609,'1175722',1136,,1882,51,,,0
14001609,'1175752',736,,1883,51,,,0
14001609,'1175760',2036,,1884,51,,,0
14001609,'1175852',636,,1887,8,,,0
14001609,'1175908',906,,1888,51,,,0
14001609,'1175922',1236,,1889,51,,,0
14001609,'1175936',836,,1890,51,,,0
14001609,'1175986',1436,,1892,51,,,0
14001609,'1175988',1336,,1893,51,,,0
14001609,'1175989',1836,,1894,51,,,0
14001609,'1176015',936,,1896,51,,,0
14001609,'1176168',1336,,1898,51,,,0
14001609,'1176170',1606,,1899,51,,,0
14001609,'1176241',2136,,1900,51,,,0
14001609,'1176247',806,,1901,51,,,0
14001609,'1176270',2236,,1902,51,,,0
14001609,'1176280',1636,,1903,51,,,0
14001609,'1176296',1536,,1904,51,,,0
14001609,'1176309',2236,,1905,51,,,0
14001609,'1176320',1836,,1906,51,,,0
14001609,'1176381',1036,,1908,51,,,0
14001609,'1176402',2036,,1909,51,,,0
14001609,'1176421',836,,1910,51,,,0
14001609,'1176486',1806,,1911,51,,,0
14001609,'1176492',1136,,1912,51,,,0
14001609,'1176495',1936,,1913,51,,,0
14001609,'1176500',1636,,1914,51,,,0
14001609,'1176504',1736,,1915,51,,,0
14001609,'1176510',1536,,1916,51,,,0
14001609,'1176518',1706,,1917,51,,,0
14001609,'1176524',1036,,1918,51,,,0
14001609,'1176533',936,,1919,51,,,0
14001609,'1176549',706,,1920,8,,,0
14001609,'1176577',2136,,1921,51,,,0
14001609,'1176584',636,,1922,8,,,0
14001609,'1176602',1436,,1924,51,,,0
14001609,'1176610',609,,1925,8,,,0
14001609,'1176621',1936,,1926,51,,,0
14001609,'1176627',1736,,1927,51,,,0
14001609,'1176666',736,,1928,31,,,0
14001609,'1176671',1236,,1929,51,,,0
