20009,'1175879',1435,,1605,4,0,10 11,0
20009,'1175940',1035,,1607,4,0,10 11,0
20009,'1176265',1535,,1612,4,0,10 11,0
20009,'1176319',1735,,1613,4,0,10 11,0
20009,'1176398',1335,,1615,4,0,10 11,0
20009,'1176408',935,,1616,4,0,10 11,0
20009,'1176425',1135,,1618,4,0,10 11,0
20009,'1176552',1235,,1622,4,0,10 11,0
20009,'1176647',1635,,1623,4,0,10 11,0
14001609,'1175722',1050,,1882,6,,,0
14001609,'1175752',650,,1883,6,,,0
14001609,'1175760',1950,,1884,6,,,0
14001609,'1175799',920,,1885,6,0,8 21,0
14001609,'1175804',1020,,1886,6,0,8 21,0
14001609,'1175908',820,,1888,6,,,0
14001609,'1175922',1150,,1889,6,,,0
14001609,'1175936',750,,1890,6,,,0
14001609,'1175982',1120,,1891,6,0,8 21,0
14001609,'1175986',1350,,1892,6,,,0
14001609,'1175988',1250,,1893,6,,,0
14001609,'1175989',1750,,1894,6,,,0
14001609,'1176010',1220,,1895,6,0,8 21,0
14001609,'1176015',850,,1896,6,,,0
14001609,'1176131',1320,,1897,6,0,8 21,0
14001609,'1176168',1250,,1898,6,,,0
14001609,'1176170',1520,,1899,6,,,0
14001609,'1176241',2050,,1900,6,,,0
14001609,'1176247',720,,1901,6,,,0
14001609,'1176270',2150,,1902,6,,,0
14001609,'1176280',1550,,1903,6,,,0
14001609,'1176296',1450,,1904,6,,,0
14001609,'1176309',2150,,1905,6,,,0
14001609,'1176320',1750,,1906,6,,,0
14001609,'1176374',1820,,1907,6,0,8 21,0
14001609,'1176381',950,,1908,6,,,0
14001609,'1176402',1950,,1909,6,,,0
14001609,'1176421',750,,1910,6,,,0
14001609,'1176486',1720,,1911,6,,,0
14001609,'1176492',1050,,1912,6,,,0
14001609,'1176495',1850,,1913,6,,,0
14001609,'1176500',1550,,1914,6,,,0
14001609,'1176504',1650,,1915,6,,,0
14001609,'1176510',1450,,1916,6,,,0
14001609,'1176518',1620,,1917,6,,,0
14001609,'1176524',950,,1918,6,,,0
14001609,'1176533',850,,1919,6,,,0
14001609,'1176577',2050,,1921,6,,,0
14001609,'1176593',1420,,1923,6,0,8 21,0
14001609,'1176602',1350,,1924,6,,,0
14001609,'1176621',1850,,1926,6,,,0
14001609,'1176627',1650,,1927,6,,,0
14001609,'1176671',1150,,1929,6,,,0
