15009,'1142326',1223,,785,26,0,20 15,0
15009,'1142391',1023,,786,26,0,20 15,0
15009,'1142463',1623,,789,26,0,20 15,0
15009,'1142521',923,,791,26,0,20 15,0
15009,'1142575',1523,,792,26,0,20 15,0
15009,'1142681',1323,,794,26,0,20 15,0
15009,'1142872',1123,,798,26,0,20 15,0
15009,'1142884',1423,,799,26,0,20 15,0
15009,'1142889',1723,,800,26,0,20 15,0
14001409,'1142132',1148,,967,4,,,0
14001409,'1142141',848,,968,4,,,0
14001409,'1142149',1648,,969,4,,,0
14001409,'1142155',1148,,970,4,,,0
14001409,'1142175',1248,,971,4,,,0
14001409,'1142179',1418,,972,4,,,0
14001409,'1142200',1348,,973,4,,,0
14001409,'1142203',2148,,974,4,,,0
14001409,'1142206',1848,,975,4,,,0
14001409,'1142211',718,,976,4,,,0
14001409,'1142253',948,,978,4,,,0
14001409,'1142257',1948,,979,4,,,0
14001409,'1142272',1848,,980,4,,,0
14001409,'1142298',848,,981,4,,,0
14001409,'1142299',1648,,982,4,,,0
14001409,'1142338',1548,,983,4,,,0
14001409,'1142361',2048,,984,4,,,0
14001409,'1142371',1218,,985,4,,,0
14001409,'1142373',1718,,987,4,,,0
14001409,'1142381',2048,,988,4,,,0
14001409,'1142416',648,,989,4,,,0
14001409,'1142418',1448,,990,4,,,0
14001409,'1142421',1818,,991,4,0,8 9,0
14001409,'1142456',1048,,992,4,,,0
14001409,'1142477',1118,,993,4,,,0
14001409,'1142481',1618,,994,4,,,0
14001409,'1142488',1518,,995,4,,,0
14001409,'1142526',1248,,996,4,,,0
14001409,'1142560',1448,,998,4,,,0
14001409,'1142562',1348,,999,4,,,0
14001409,'1142611',1318,,1000,4,,,0
14001409,'1142629',918,,1001,4,,,0
14001409,'1142639',1748,,1002,4,,,0
14001409,'1142654',1548,,1003,4,,,0
14001409,'1142701',748,,1004,4,,,0
14001409,'1142714',948,,1005,4,,,0
14001409,'1142752',1948,,1007,4,,,0
14001409,'1142757',748,,1008,4,,,0
14001409,'1142821',2148,,1009,4,,,0
14001409,'1142851',1048,,1010,4,,,0
14001409,'1142870',1018,,1011,4,,,0
14001409,'1142874',1748,,1012,4,,,0
14001409,'1142883',818,,1013,4,,,0
