12009,'1175745',1523,,1515,11,,,0
12009,'1175747',1423,,1516,11,,,0
12009,'1175827',1123,,1517,11,,,0
12009,'1175839',1723,,1518,11,,,0
12009,'1176031',1023,,1523,11,,,0
12009,'1176149',1223,,1525,11,,,0
12009,'1176417',1323,,1527,11,,,0
12009,'1176471',1623,,1529,11,,,0
12009,'1176692',923,,1532,11,,,0
19001709,'1175717',1447,,2072,11,,,0
19001709,'1175742',1047,,2073,11,,,0
19001709,'1175751',1047,,2074,11,,,0
19001709,'1175789',647,,2076,11,,,0
19001709,'1175830',1947,,2077,11,,,0
19001709,'1175877',1147,,2078,11,,,0
19001709,'1175947',1647,,2079,11,,,0
19001709,'1175951',717,,2080,11,,,0
19001709,'1175978',747,,2081,11,,,0
19001709,'1176042',1647,,2082,11,,,0
19001709,'1176052',2147,,2083,11,0,8 21,0
19001709,'1176058',1447,,2084,11,,,0
19001709,'1176065',1547,,2085,11,,,0
19001709,'1176099',1347,,2086,11,,,0
19001709,'1176119',1747,,2088,11,,,0
19001709,'1176120',1847,,2089,11,,,0
19001709,'1176124',2247,,2090,11,0,8 21,0
19001709,'1176130',1247,,2091,11,,,0
19001709,'1176156',1947,,2092,11,,,0
19001709,'1176161',1347,,2093,11,,,0
19001709,'1176166',917,,2094,11,,,0
19001709,'1176201',847,,2095,11,,,0
19001709,'1176252',817,,2097,11,,,0
19001709,'1176273',947,,2099,11,,,0
19001709,'1176303',1617,,2101,11,,,0
19001709,'1176312',1717,,2102,11,,,0
19001709,'1176349',1847,,2103,11,,,0
19001709,'1176415',747,,2105,11,,,0
19001709,'1176420',1147,,2106,11,,,0
19001709,'1176468',2147,,2107,11,0,8 21,0
19001709,'1176482',1247,,2108,11,,,0
19001709,'1176513',647,,2109,11,,,0
19001709,'1176554',1747,,2111,11,,,0
19001709,'1176592',617,,2112,11,,,0
19001709,'1176601',1547,,2113,11,,,0
19001709,'1176617',2047,,2114,11,,,0
19001709,'1176629',947,,2115,11,,,0
19001709,'1176637',847,,2116,11,,,0
19001709,'1176640',1817,,2117,11,0,8 21,0
19001709,'1176655',2047,,2118,11,,,0
19001709,'1176661',2247,,2119,11,0,8 21,0
