16009,'1175714',1310,,1587,26,,,0
16009,'1176136',1010,,1592,26,,,0
16009,'1176272',1410,,1595,26,,,0
16009,'1176282',910,,1596,26,,,0
16009,'1176290',1710,,1597,26,,,0
16009,'1176390',1210,,1598,26,,,0
16009,'1176528',1510,,1600,26,,,0
16009,'1176535',1610,,1601,26,,,0
16009,'1176682',1110,,1604,26,,,0
21609,'1175813',1931,,1624,28,,,0
21609,'1175831',734,,1625,29,,,0
21609,'1175857',1704,,1626,29,,,0
21609,'1175869',1734,,1627,29,,,0
21609,'1175916',1601,,1628,28,,,0
21609,'1175929',1331,,1629,28,,,0
21609,'1175966',1731,,1630,28,,,0
21609,'1175997',2131,,1631,28,,,0
21609,'1175998',931,,1632,28,,,0
21609,'1176028',1031,,1633,28,,,0
21609,'1176037',1831,,1634,28,,,0
21609,'1176041',1831,,1635,28,,,0
21609,'1176046',731,,1636,28,,,0
21609,'1176054',1634,,1637,29,,,0
21609,'1176067',704,,1638,29,,,0
21609,'1176111',1131,,1639,28,,,0
21609,'1176200',1431,,1640,28,,,0
21609,'1176207',2131,,1641,28,,,0
21609,'1176218',1131,,1642,28,,,0
21609,'1176289',1031,,1643,28,,,0
21609,'1176352',1231,,1644,28,,,0
21609,'1176395',1931,,1645,28,,,0
21609,'1176414',2031,,1646,28,,,0
21609,'1176430',1801,,1647,28,,,0
21609,'1176454',1631,,1648,28,,,0
21609,'1176460',831,,1649,28,,,0
21609,'1176467',1531,,1650,28,,,0
21609,'1176534',631,,1651,28,,,0
21609,'1176553',1231,,1652,28,,,0
21609,'1176576',931,,1653,28,,,0
21609,'1176651',831,,1654,28,,,0
21609,'1176656',1531,,1655,28,,,0
21609,'1176659',1431,,1656,28,,,0
21609,'1176663',1331,,1657,28,,,0
21609,'1176665',901,,1658,28,,,0
21609,'1176686',2031,,1659,28,,,0
21609,'1176690',801,,1660,28,,,0
