15009,'1175719',1724,,1569,29,0,20 15,0
15009,'1175730',1524,,1570,29,0,20 15,0
15009,'1175737',1324,,1571,29,0,20 15,0
15009,'1175828',1424,,1572,29,0,20 15,0
15009,'1175835',1024,,1573,29,0,20 15,0
15009,'1176048',1224,,1578,29,0,20 15,0
15009,'1176230',1624,,1580,29,0,20 15,0
15009,'1176301',924,,1582,29,0,20 15,0
15009,'1176568',1124,,1584,29,0,20 15,0
14001409,'1175733',1848,,1835,5,,,0
14001409,'1175775',1148,,1836,5,,,0
14001409,'1175776',2048,,1837,5,,,0
14001409,'1175786',1948,,1838,5,,,0
14001409,'1175790',1548,,1839,5,,,0
14001409,'1175803',1348,,1840,5,,,0
14001409,'1175809',918,,1841,5,,,0
14001409,'1175820',1448,,1842,5,,,0
14001409,'1175821',1148,,1843,5,,,0
14001409,'1175838',1118,,1844,5,,,0
14001409,'1175856',1048,,1845,5,,,0
14001409,'1175876',1548,,1846,5,,,0
14001409,'1175893',1848,,1847,5,,,0
14001409,'1175894',1718,,1848,5,,,0
14001409,'1175902',1618,,1849,5,,,0
14001409,'1175961',1248,,1850,5,,,0
14001409,'1175973',848,,1851,5,,,0
14001409,'1175975',1748,,1852,5,,,0
14001409,'1175979',1818,,1853,5,0,8 21,0
14001409,'1175999',818,,1854,5,,,0
14001409,'1176001',1018,,1855,5,,,0
14001409,'1176014',1048,,1856,5,,,0
14001409,'1176036',718,,1857,5,,,0
14001409,'1176047',1348,,1858,5,,,0
14001409,'1176050',2048,,1859,5,,,0
14001409,'1176071',1218,,1860,5,,,0
14001409,'1176160',1648,,1861,5,,,0
14001409,'1176250',748,,1862,5,,,0
14001409,'1176268',2148,,1863,5,,,0
14001409,'1176283',1318,,1864,5,,,0
14001409,'1176308',2148,,1866,5,,,0
14001409,'1176314',648,,1867,5,,,0
14001409,'1176393',948,,1869,5,,,0
14001409,'1176423',748,,1870,5,,,0
14001409,'1176476',1518,,1872,5,,,0
14001409,'1176485',948,,1873,5,,,0
14001409,'1176522',848,,1874,5,,,0
14001409,'1176556',1648,,1876,5,,,0
14001409,'1176558',1448,,1877,5,,,0
14001409,'1176598',1948,,1878,5,,,0
14001409,'1176631',1248,,1879,5,,,0
14001409,'1176643',1418,,1880,5,,,0
14001409,'1176681',1748,,1881,5,,,0
