20009,'1142156',1230,,819,1,,,0
20009,'1142172',930,,820,1,,,0
20009,'1142208',1130,,821,1,,,0
20009,'1142244',1630,,823,1,,,0
20009,'1142328',1212,,824,30,4,,0
20009,'1142378',1330,,825,1,,,0
20009,'1142408',1612,,826,30,4,,0
20009,'1142433',1312,,827,30,4,,0
20009,'1142501',1714,,828,1,,,0
20009,'1142523',1804,,829,30,4,,0
20009,'1142550',1712,,830,30,4,,0
20009,'1142609',1430,,831,1,,,0
20009,'1142625',1012,,832,30,4,,0
20009,'1142679',1412,,833,30,4,,0
20009,'1142761',1030,,834,1,,,0
20009,'1142802',1512,,835,30,4,,0
20009,'1142825',1112,,836,30,4,,0
20009,'1142875',1530,,837,1,,,0
14001409,'1142132',1223,,967,29,,,0
14001409,'1142141',923,,968,29,,,0
14001409,'1142149',1723,,969,29,,,0
14001409,'1142155',1223,,970,29,,,0
14001409,'1142175',1323,,971,29,,,0
14001409,'1142179',1453,,972,29,,,0
14001409,'1142200',1423,,973,29,,,0
14001409,'1142203',2223,,974,29,,,0
14001409,'1142206',1923,,975,29,,,0
14001409,'1142211',753,,976,29,,,0
14001409,'1142248',653,,977,8,,,0
14001409,'1142253',1023,,978,29,,,0
14001409,'1142257',2023,,979,29,,,0
14001409,'1142272',1923,,980,29,,,0
14001409,'1142298',923,,981,29,,,0
14001409,'1142299',1723,,982,29,,,0
14001409,'1142338',1623,,983,29,,,0
14001409,'1142361',2123,,984,29,,,0
14001409,'1142371',1253,,985,29,,,0
14001409,'1142372',723,,986,8,,,0
14001409,'1142373',1753,,987,29,,,0
14001409,'1142381',2123,,988,29,,,0
14001409,'1142416',723,,989,29,,,0
14001409,'1142418',1523,,990,29,,,0
14001409,'1142456',1123,,992,29,,,0
14001409,'1142477',1153,,993,29,,,0
14001409,'1142481',1653,,994,29,,,0
14001409,'1142488',1553,,995,29,,,0
14001409,'1142526',1323,,996,29,,,0
14001409,'1142544',623,,997,1,,,0
14001409,'1142560',1523,,998,29,,,0
14001409,'1142562',1423,,999,29,,,0
14001409,'1142611',1353,,1000,29,,,0
14001409,'1142629',953,,1001,29,,,0
14001409,'1142639',1823,,1002,29,,,0
14001409,'1142654',1623,,1003,29,,,0
14001409,'1142701',823,,1004,29,,,0
14001409,'1142714',1023,,1005,29,,,0
14001409,'1142737',623,,1006,1,,,0
14001409,'1142752',2023,,1007,29,,,0
14001409,'1142757',823,,1008,29,,,0
14001409,'1142821',2223,,1009,29,,,0
14001409,'1142851',1123,,1010,29,,,0
14001409,'1142870',1053,,1011,29,,,0
14001409,'1142874',1823,,1012,29,,,0
14001409,'1142883',853,,1013,29,,,0
19001509,'1142133',1656,,1156,18,,,0
19001509,'1142153',656,,1158,18,,,0
19001509,'1142160',956,,1159,18,,,0
19001509,'1142170',1456,,1160,18,,,0
19001509,'1142181',656,,1161,18,,,0
19001509,'1142183',1556,,1162,18,,,0
19001509,'1142185',1456,,1163,18,,,0
19001509,'1142201',826,,1164,18,,,0
19001509,'1142204',1256,,1165,18,,,0
19001509,'1142207',2156,,1166,18,0,12,0
19001509,'1142217',1056,,1167,18,,,0
19001509,'1142250',2056,,1168,18,,,0
19001509,'1142261',1226,,1169,18,,,0
19001509,'1142284',1026,,1170,18,,,0
19001509,'1142295',2256,,1171,18,0,12,0
19001509,'1142302',1756,,1172,18,,,0
19001509,'1142304',1826,,1173,18,0,12,0
19001509,'1142318',926,,1174,18,,,0
19001509,'1142351',1956,,1175,18,,,0
19001509,'1142376',1756,,1176,18,,,0
19001509,'1142422',1156,,1177,18,,,0
19001509,'1142427',756,,1178,18,,,0
19001509,'1142428',1626,,1179,18,,,0
19001509,'1142440',1256,,1180,18,,,0
19001509,'1142443',1956,,1181,18,,,0
19001509,'1142474',726,,1182,18,,,0
19001509,'1142476',1326,,1183,18,,,0
19001509,'1142512',1126,,1184,18,,,0
19001509,'1142514',1556,,1185,18,,,0
19001509,'1142532',2156,,1186,18,0,12,0
19001509,'1142587',1726,,1187,18,,,0
19001509,'1142615',1856,,1188,18,,,0
19001509,'1142630',1856,,1189,18,,,0
19001509,'1142653',1656,,1190,18,,,0
19001509,'1142655',856,,1191,18,,,0
19001509,'1142675',756,,1192,18,,,0
19001509,'1142699',2256,,1193,18,0,12,0
19001509,'1142725',1526,,1194,18,,,0
19001509,'1142736',1356,,1195,18,,,0
19001509,'1142755',1056,,1196,18,,,0
19001509,'1142799',1426,,1198,18,,,0
19001509,'1142808',2056,,1199,18,,,0
19001509,'1142818',1156,,1200,18,,,0
19001509,'1142823',1356,,1201,18,,,0
19001509,'1142868',856,,1202,18,,,0
19001509,'1142879',956,,1203,18,,,0
