14009,'1175724',1424,,1551,4,0,5 6 22,0
14009,'1175759',1224,,1552,4,0,5 6 22,0
14009,'1175767',1324,,1553,4,0,5 6 22,0
14009,'1175834',1524,,1557,4,0,5 6 22,0
14009,'1176178',1024,,1560,4,0,5 6 22,0
14009,'1176234',1724,,1561,4,0,5 6 22,0
14009,'1176418',1124,,1564,4,0,5 6 22,0
14009,'1176613',1624,,1566,4,0,5 6 22,0
14009,'1176636',924,,1567,4,0,5 6 22,0
19001509,'1175715',2046,,2024,3,,,0
19001509,'1175729',946,,2025,3,,,0
19001509,'1175736',2146,,2026,3,0,12,0
19001509,'1175740',746,,2027,3,,,0
19001509,'1175741',1246,,2028,3,,,0
19001509,'1175769',2246,,2029,3,0,12,0
19001509,'1175774',2146,,2030,3,0,12,0
19001509,'1175778',1716,,2031,3,,,0
19001509,'1175793',1746,,2032,3,,,0
19001509,'1175801',746,,2033,3,,,0
19001509,'1175845',1316,,2034,3,,,0
19001509,'1175897',1416,,2035,3,,,0
19001509,'1175899',1146,,2036,3,,,0
19001509,'1175907',916,,2037,3,,,0
19001509,'1175925',1546,,2038,3,,,0
19001509,'1175932',1446,,2039,3,,,0
19001509,'1175953',1516,,2040,3,,,0
19001509,'1175967',1016,,2042,3,,,0
19001509,'1175996',1616,,2043,3,,,0
19001509,'1176000',846,,2044,3,,,0
19001509,'1176049',1646,,2045,3,,,0
19001509,'1176055',1846,,2046,3,,,0
19001509,'1176057',946,,2047,3,,,0
19001509,'1176073',716,,2048,3,,,0
19001509,'1176074',646,,2049,3,,,0
19001509,'1176085',1846,,2050,3,,,0
19001509,'1176090',2046,,2051,3,,,0
19001509,'1176092',1046,,2052,3,,,0
19001509,'1176093',846,,2053,3,,,0
19001509,'1176105',1946,,2054,3,,,0
19001509,'1176238',1446,,2055,3,,,0
19001509,'1176266',1116,,2056,3,,,0
19001509,'1176293',1346,,2057,3,,,0
19001509,'1176328',1216,,2058,3,,,0
19001509,'1176335',1946,,2059,3,,,0
19001509,'1176340',1816,,2060,3,0,12,0
19001509,'1176355',1546,,2061,3,,,0
19001509,'1176358',1246,,2062,3,,,0
19001509,'1176362',1746,,2063,3,,,0
19001509,'1176426',1046,,2064,3,,,0
19001509,'1176434',2246,,2065,3,0,12,0
19001509,'1176496',1346,,2067,3,,,0
19001509,'1176536',646,,2068,3,,,0
19001509,'1176537',816,,2069,3,,,0
19001509,'1176684',1646,,2070,3,,,0
19001509,'1176689',1146,,2071,3,,,0
