12009,'1175885',1758,17,1519,23,0,18 7,0
12009,'1175923',1545,4,1520,23,0,18 7,0
12009,'1175952',1345,4,1521,23,0,18 7,0
12009,'1175971',1045,4,1522,23,0,18 7,0
12009,'1176115',1145,4,1524,23,0,18 7,0
12009,'1176305',1645,4,1526,23,0,18 7,0
12009,'1176431',1445,4,1528,23,0,18 7,0
12009,'1176538',945,4,1530,23,0,18 7,0
12009,'1176625',1245,4,1531,23,0,18 7,0
14009,'1175812',1756,23,1554,27,,,0
14009,'1175822',1043,10,1555,27,,,0
14009,'1175823',1643,10,1556,27,,,0
14009,'1175927',1343,10,1558,27,,,0
14009,'1176135',943,10,1559,27,,,0
14009,'1176326',1143,10,1562,27,,,0
14009,'1176364',1443,10,1563,27,,,0
14009,'1176520',1543,10,1565,27,,,0
14009,'1176678',1243,10,1568,27,,,0
20009,'1175879',1508,4,1605,22,0,10 11,0
20009,'1175940',1108,4,1607,22,0,10 11,0
20009,'1176265',1608,4,1612,22,0,10 11,0
20009,'1176319',1800,44,1613,22,0,10 11,0
20009,'1176398',1408,4,1615,22,0,10 11,0
20009,'1176408',1008,4,1616,22,0,10 11,0
20009,'1176425',1208,4,1618,22,0,10 11,0
20009,'1176552',1308,4,1622,22,0,10 11,0
20009,'1176647',1708,4,1623,22,0,10 11,0
14001009,'1175755',919,,1743,37,,,0
14001009,'1175787',1819,,1744,37,,,0
14001009,'1175798',1819,,1745,37,,,0
14001009,'1175810',719,,1747,4,,,0
14001009,'1175825',1619,,1748,37,,,0
14001009,'1175826',1319,,1749,37,,,0
14001009,'1175836',1749,,1750,37,,,0
14001009,'1175840',2019,,1751,37,,,0
14001009,'1175890',2019,,1753,37,,,0
14001009,'1175905',2119,,1754,37,,,0
14001009,'1175937',1419,,1755,37,,,0
14001009,'1175943',1719,,1756,37,,,0
14001009,'1175995',1119,,1758,37,,,0
14001009,'1176008',749,,1759,37,,,0
14001009,'1176017',819,,1760,37,,,0
14001009,'1176075',1719,,1761,37,,,0
14001009,'1176104',2219,,1762,37,,,0
14001009,'1176141',1319,,1763,37,,,0
14001009,'1176158',1519,,1764,37,,,0
14001009,'1176198',1019,,1766,37,,,0
14001009,'1176208',2219,,1767,37,,,0
14001009,'1176215',1919,,1768,37,,,0
14001009,'1176249',1119,,1770,37,,,0
14001009,'1176269',2119,,1771,37,,,0
14001009,'1176311',1019,,1774,37,,,0
14001009,'1176346',849,,1775,37,,,0
14001009,'1176365',919,,1776,37,,,0
14001009,'1176376',1619,,1777,37,,,0
14001009,'1176382',1219,,1778,37,,,0
14001009,'1176449',719,,1779,37,,,0
14001009,'1176545',819,,1781,37,,,0
14001009,'1176551',1419,,1782,37,,,0
14001009,'1176579',1649,,1783,37,,,0
14001009,'1176580',1219,,1784,37,,,0
14001009,'1176607',1919,,1785,37,,,0
14001009,'1176653',1519,,1788,37,,,0
14001409,'1175733',1919,,1835,25,,,0
14001409,'1175775',1219,,1836,25,,,0
14001409,'1175776',2119,,1837,25,,,0
14001409,'1175786',2019,,1838,25,,,0
14001409,'1175790',1619,,1839,25,,,0
14001409,'1175803',1419,,1840,25,,,0
14001409,'1175809',949,,1841,25,,,0
14001409,'1175820',1519,,1842,25,,,0
14001409,'1175821',1219,,1843,25,,,0
14001409,'1175838',1149,,1844,25,,,0
14001409,'1175856',1119,,1845,25,,,0
14001409,'1175876',1619,,1846,25,,,0
14001409,'1175893',1919,,1847,25,,,0
14001409,'1175894',1749,,1848,25,,,0
14001409,'1175902',1649,,1849,25,,,0
14001409,'1175961',1319,,1850,25,,,0
14001409,'1175973',919,,1851,25,,,0
14001409,'1175975',1819,,1852,25,,,0
14001409,'1175999',849,,1854,25,,,0
14001409,'1176001',1049,,1855,25,,,0
14001409,'1176014',1119,,1856,25,,,0
14001409,'1176036',749,,1857,25,,,0
14001409,'1176047',1419,,1858,25,,,0
14001409,'1176050',2119,,1859,25,,,0
14001409,'1176071',1249,,1860,25,,,0
14001409,'1176160',1719,,1861,25,,,0
14001409,'1176250',819,,1862,25,,,0
14001409,'1176268',2219,,1863,25,,,0
14001409,'1176283',1349,,1864,25,,,0
14001409,'1176308',2219,,1866,25,,,0
14001409,'1176314',719,,1867,25,,,0
14001409,'1176393',1019,,1869,25,,,0
14001409,'1176423',819,,1870,25,,,0
14001409,'1176464',649,,1871,4,,,0
14001409,'1176476',1549,,1872,25,,,0
14001409,'1176485',1019,,1873,25,,,0
14001409,'1176522',919,,1874,25,,,0
14001409,'1176530',719,,1875,4,,,0
14001409,'1176556',1719,,1876,25,,,0
14001409,'1176558',1519,,1877,25,,,0
14001409,'1176598',2019,,1878,25,,,0
14001409,'1176631',1319,,1879,25,,,0
14001409,'1176643',1449,,1880,25,,,0
14001409,'1176681',1819,,1881,25,,,0
14001609,'1175722',1119,,1882,24,,,0
14001609,'1175752',719,,1883,24,,,0
14001609,'1175760',2019,,1884,24,,,0
14001609,'1175908',849,,1888,24,,,0
14001609,'1175922',1219,,1889,24,,,0
14001609,'1175936',819,,1890,24,,,0
14001609,'1175986',1419,,1892,24,,,0
14001609,'1175988',1319,,1893,24,,,0
14001609,'1175989',1819,,1894,24,,,0
14001609,'1176015',919,,1896,24,,,0
14001609,'1176168',1319,,1898,24,,,0
14001609,'1176170',1549,,1899,24,,,0
14001609,'1176241',2119,,1900,24,,,0
14001609,'1176247',749,,1901,24,,,0
14001609,'1176270',2219,,1902,24,,,0
14001609,'1176280',1619,,1903,24,,,0
14001609,'1176296',1519,,1904,24,,,0
14001609,'1176309',2219,,1905,24,,,0
14001609,'1176320',1819,,1906,24,,,0
14001609,'1176381',1019,,1908,24,,,0
14001609,'1176402',2019,,1909,24,,,0
14001609,'1176421',819,,1910,24,,,0
14001609,'1176486',1749,,1911,24,,,0
14001609,'1176492',1119,,1912,24,,,0
14001609,'1176495',1919,,1913,24,,,0
14001609,'1176500',1619,,1914,24,,,0
14001609,'1176504',1719,,1915,24,,,0
14001609,'1176510',1519,,1916,24,,,0
14001609,'1176518',1649,,1917,24,,,0
14001609,'1176524',1019,,1918,24,,,0
14001609,'1176533',919,,1919,24,,,0
14001609,'1176577',2119,,1921,24,,,0
14001609,'1176602',1419,,1924,24,,,0
14001609,'1176621',1919,,1926,24,,,0
14001609,'1176627',1719,,1927,24,,,0
14001609,'1176666',719,,1928,4,,,0
14001609,'1176671',1219,,1929,24,,,0
