15009,'1175719',1712,,1569,21,0,20 15,0
15009,'1175730',1512,,1570,21,0,20 15,0
15009,'1175737',1312,,1571,21,0,20 15,0
15009,'1175828',1412,,1572,21,0,20 15,0
15009,'1175835',1012,,1573,21,0,20 15,0
15009,'1176048',1212,,1578,21,0,20 15,0
15009,'1176230',1612,,1580,21,0,20 15,0
15009,'1176301',912,,1582,21,0,20 15,0
15009,'1176568',1112,,1584,21,0,20 15,0
19001509,'1175715',2132,,2024,41,,,0
19001509,'1175729',1032,,2025,41,,,0
19001509,'1175740',832,,2027,41,,,0
19001509,'1175741',1332,,2028,41,,,0
19001509,'1175778',1802,,2031,41,,,0
19001509,'1175793',1832,,2032,41,,,0
19001509,'1175801',832,,2033,41,,,0
19001509,'1175845',1402,,2034,41,,,0
19001509,'1175897',1502,,2035,41,,,0
19001509,'1175899',1232,,2036,41,,,0
19001509,'1175907',1002,,2037,41,,,0
19001509,'1175925',1632,,2038,41,,,0
19001509,'1175932',1532,,2039,41,,,0
19001509,'1175953',1602,,2040,41,,,0
19001509,'1175965',702,,2041,16,,,0
19001509,'1175967',1102,,2042,41,,,0
19001509,'1175996',1702,,2043,41,,,0
19001509,'1176000',932,,2044,41,,,0
19001509,'1176049',1732,,2045,41,,,0
19001509,'1176055',1932,,2046,41,,,0
19001509,'1176057',1032,,2047,41,,,0
19001509,'1176073',802,,2048,41,,,0
19001509,'1176074',732,,2049,41,,,0
19001509,'1176085',1932,,2050,41,,,0
19001509,'1176090',2132,,2051,41,,,0
19001509,'1176092',1132,,2052,41,,,0
19001509,'1176093',932,,2053,41,,,0
19001509,'1176105',2032,,2054,41,,,0
19001509,'1176238',1532,,2055,41,,,0
19001509,'1176266',1202,,2056,41,,,0
19001509,'1176293',1432,,2057,41,,,0
19001509,'1176328',1302,,2058,41,,,0
19001509,'1176335',2032,,2059,41,,,0
19001509,'1176355',1632,,2061,41,,,0
19001509,'1176358',1332,,2062,41,,,0
19001509,'1176362',1832,,2063,41,,,0
19001509,'1176426',1132,,2064,41,,,0
19001509,'1176450',632,,2066,16,,,0
19001509,'1176496',1432,,2067,41,,,0
19001509,'1176536',732,,2068,41,,,0
19001509,'1176537',902,,2069,41,,,0
19001509,'1176684',1732,,2070,41,,,0
19001509,'1176689',1232,,2071,41,,,0
