16009,'1175714',1304,,1587,12,,,0
16009,'1176136',1004,,1592,12,,,0
16009,'1176272',1404,,1595,12,,,0
16009,'1176282',904,,1596,12,,,0
16009,'1176290',1704,,1597,12,,,0
16009,'1176390',1204,,1598,12,,,0
16009,'1176528',1504,,1600,12,,,0
16009,'1176535',1604,,1601,12,,,0
16009,'1176682',1104,,1604,12,,,0
21609,'1175813',1924,,1624,12,,,0
21609,'1175831',724,,1625,12,,,0
21609,'1175857',1654,,1626,12,,,0
21609,'1175869',1724,,1627,12,,,0
21609,'1175916',1554,,1628,12,,,0
21609,'1175929',1324,,1629,12,,,0
21609,'1175966',1724,,1630,12,,,0
21609,'1175997',2124,,1631,12,,,0
21609,'1175998',924,,1632,12,,,0
21609,'1176028',1024,,1633,12,,,0
21609,'1176037',1824,,1634,12,,,0
21609,'1176041',1824,,1635,12,,,0
21609,'1176046',724,,1636,12,,,0
21609,'1176054',1624,,1637,12,,,0
21609,'1176067',654,,1638,12,,,0
21609,'1176111',1124,,1639,12,,,0
21609,'1176200',1424,,1640,12,,,0
21609,'1176207',2124,,1641,12,,,0
21609,'1176218',1124,,1642,12,,,0
21609,'1176289',1024,,1643,12,,,0
21609,'1176352',1224,,1644,12,,,0
21609,'1176395',1924,,1645,12,,,0
21609,'1176414',2024,,1646,12,,,0
21609,'1176430',1754,,1647,12,,,0
21609,'1176454',1624,,1648,12,,,0
21609,'1176460',824,,1649,12,,,0
21609,'1176467',1524,,1650,12,,,0
21609,'1176534',624,,1651,12,,,0
21609,'1176553',1224,,1652,12,,,0
21609,'1176576',924,,1653,12,,,0
21609,'1176651',824,,1654,12,,,0
21609,'1176656',1524,,1655,12,,,0
21609,'1176659',1424,,1656,12,,,0
21609,'1176663',1324,,1657,12,,,0
21609,'1176665',854,,1658,12,,,0
21609,'1176686',2024,,1659,12,,,0
21609,'1176690',754,,1660,12,,,0
