14009,'1175812',1729,,1554,23,,,0
14009,'1175822',1029,,1555,23,,,0
14009,'1175823',1629,,1556,23,,,0
14009,'1175927',1329,,1558,23,,,0
14009,'1176135',929,,1559,23,,,0
14009,'1176326',1129,,1562,23,,,0
14009,'1176364',1429,,1563,23,,,0
14009,'1176520',1529,,1565,23,,,0
14009,'1176678',1229,,1568,23,,,0
19001309,'1175728',828,,1978,27,,,0
19001309,'1175734',1458,,1979,27,,,0
19001309,'1175770',1958,,1980,27,,,0
19001309,'1175814',1828,,1981,27,0,8 21,0
19001309,'1175816',1758,,1982,27,,,0
19001309,'1175833',1658,,1983,27,,,0
19001309,'1175860',1328,,1984,27,,,0
19001309,'1175862',1058,,1985,27,,,0
19001309,'1175891',1128,,1986,27,,,0
19001309,'1175892',928,,1987,27,,,0
19001309,'1175994',858,,1989,27,,,0
19001309,'1176023',758,,1990,27,,,0
19001309,'1176034',1058,,1991,27,,,0
19001309,'1176044',1358,,1992,27,,,0
19001309,'1176064',1028,,1993,27,,,0
19001309,'1176125',1658,,1994,27,,,0
19001309,'1176139',1158,,1995,27,,,0
19001309,'1176167',2158,,1996,27,,,0
19001309,'1176182',1258,,1997,27,,,0
19001309,'1176185',728,,1998,27,,,0
19001309,'1176187',1258,,1999,27,,,0
19001309,'1176196',1158,,2000,27,,,0
19001309,'1176261',958,,2001,27,,,0
19001309,'1176277',2058,,2002,27,,,0
19001309,'1176318',1358,,2003,27,,,0
19001309,'1176331',1958,,2004,27,,,0
19001309,'1176338',1858,,2005,27,,,0
19001309,'1176348',1528,,2006,27,,,0
19001309,'1176367',1558,,2007,27,,,0
19001309,'1176387',2158,,2008,27,,,0
19001309,'1176389',758,,2009,27,,,0
19001309,'1176392',658,,2010,27,,,0
19001309,'1176394',1558,,2011,27,,,0
19001309,'1176446',1758,,2012,27,,,0
19001309,'1176462',2058,,2013,27,,,0
19001309,'1176473',1858,,2014,27,,,0
19001309,'1176527',958,,2015,27,,,0
19001309,'1176539',1628,,2016,27,,,0
19001309,'1176543',1428,,2017,27,,,0
19001309,'1176567',858,,2019,27,,,0
19001309,'1176597',1458,,2020,27,,,0
19001309,'1176614',1228,,2021,27,,,0
19001309,'1176638',1728,,2022,27,,,0
19001309,'1176660',658,,2023,27,,,0
