15009,'1175924',1041,,1574,8,,,0
15009,'1175955',1641,,1575,8,,,0
15009,'1176009',1441,,1576,8,,,0
15009,'1176045',941,,1577,8,,,0
15009,'1176107',1541,,1579,8,,,0
15009,'1176262',1741,,1581,8,,,0
15009,'1176306',1141,,1583,8,,,0
15009,'1176632',1341,,1585,8,,,0
15009,'1176645',1241,,1586,8,,,0
14001409,'1175733',1859,,1835,18,,,0
14001409,'1175775',1159,,1836,18,,,0
14001409,'1175776',2059,,1837,18,,,0
14001409,'1175786',1959,,1838,18,,,0
14001409,'1175790',1559,,1839,18,,,0
14001409,'1175803',1359,,1840,18,,,0
14001409,'1175809',929,,1841,18,,,0
14001409,'1175820',1459,,1842,18,,,0
14001409,'1175821',1159,,1843,18,,,0
14001409,'1175838',1129,,1844,18,,,0
14001409,'1175856',1059,,1845,18,,,0
14001409,'1175876',1559,,1846,18,,,0
14001409,'1175893',1859,,1847,18,,,0
14001409,'1175894',1729,,1848,18,,,0
14001409,'1175902',1629,,1849,18,,,0
14001409,'1175961',1259,,1850,18,,,0
14001409,'1175973',859,,1851,18,,,0
14001409,'1175975',1759,,1852,18,,,0
14001409,'1175979',1829,,1853,18,0,8 21,0
14001409,'1175999',829,,1854,18,,,0
14001409,'1176001',1029,,1855,18,,,0
14001409,'1176014',1059,,1856,18,,,0
14001409,'1176036',729,,1857,18,,,0
14001409,'1176047',1359,,1858,18,,,0
14001409,'1176050',2059,,1859,18,,,0
14001409,'1176071',1229,,1860,18,,,0
14001409,'1176160',1659,,1861,18,,,0
14001409,'1176250',759,,1862,18,,,0
14001409,'1176268',2159,,1863,18,,,0
14001409,'1176283',1329,,1864,18,,,0
14001409,'1176308',2159,,1866,18,,,0
14001409,'1176314',659,,1867,18,,,0
14001409,'1176393',959,,1869,18,,,0
14001409,'1176423',759,,1870,18,,,0
14001409,'1176476',1529,,1872,18,,,0
14001409,'1176485',959,,1873,18,,,0
14001409,'1176522',859,,1874,18,,,0
14001409,'1176556',1659,,1876,18,,,0
14001409,'1176558',1459,,1877,18,,,0
14001409,'1176598',1959,,1878,18,,,0
14001409,'1176631',1259,,1879,18,,,0
14001409,'1176643',1429,,1880,18,,,0
14001409,'1176681',1759,,1881,18,,,0
