12009,'1142213',1603,,729,44,,,0
12009,'1142229',1203,,730,44,,,0
12009,'1142312',1503,,732,44,,,0
12009,'1142331',1816,,734,44,,,0
12009,'1142543',1403,,739,44,,,0
12009,'1142637',1003,,740,44,,,0
12009,'1142666',1103,,741,44,,,0
12009,'1142669',1303,,742,44,,,0
12009,'1142712',1703,,743,44,,,0
14001209,'1142139',1403,,921,49,,,0
14001209,'1142151',1233,,922,49,,,0
14001209,'1142158',1603,,923,49,,,0
14001209,'1142168',1503,,924,49,,,0
14001209,'1142228',1433,,925,49,,,0
14001209,'1142235',1133,,926,49,,,0
14001209,'1142256',1303,,927,49,,,0
14001209,'1142291',1733,,928,49,,,0
14001209,'1142293',1703,,929,49,,,0
14001209,'1142309',1103,,930,49,,,0
14001209,'1142370',833,,931,49,,,0
14001209,'1142423',1203,,933,49,,,0
14001209,'1142439',833,,934,49,,,0
14001209,'1142486',903,,935,49,,,0
14001209,'1142509',1533,,936,49,,,0
14001209,'1142542',1933,,937,49,,,0
14001209,'1142545',1133,,938,49,,,0
14001209,'1142567',1033,,939,49,,,0
14001209,'1142571',1733,,940,49,,,0
14001209,'1142573',1333,,941,49,,,0
14001209,'1142591',1833,,942,49,,,0
14001209,'1142598',933,,943,49,,,0
14001209,'1142600',803,,944,49,,,0
14001209,'1142650',2233,,945,49,,,0
14001209,'1142691',1833,,947,49,,,0
14001209,'1142694',1333,,948,49,,,0
14001209,'1142710',2233,,949,49,,,0
14001209,'1142733',733,,950,27,,,0
14001209,'1142742',733,,951,49,,,0
14001209,'1142760',1003,,952,49,,,0
14001209,'1142766',1233,,953,49,,,0
14001209,'1142771',1803,,954,49,,,0
14001209,'1142778',1633,,955,49,,,0
14001209,'1142786',2133,,956,49,,,0
14001209,'1142797',2033,,957,49,,,0
14001209,'1142806',1433,,958,49,,,0
14001209,'1142817',1633,,960,49,,,0
14001209,'1142820',1933,,961,49,,,0
14001209,'1142837',933,,962,49,,,0
14001209,'1142854',1033,,963,49,,,0
14001209,'1142855',2133,,964,49,,,0
14001209,'1142858',1533,,965,49,,,0
14001209,'1142869',2033,,966,49,,,0
