11609,'1175716',1147,,1478,15,,,0
11609,'1175732',1547,,1479,15,,,0
11609,'1175756',1347,,1480,15,,,0
11609,'1175773',2047,,1481,15,,,0
11609,'1175832',1817,,1482,15,,,0
11609,'1175843',1447,,1483,15,,,0
11609,'1175850',2147,,1484,15,,,0
11609,'1175868',1247,,1485,15,,,0
11609,'1175918',1647,,1486,15,,,0
11609,'1175942',1747,,1487,15,,,0
11609,'1175949',1717,,1488,15,,,0
11609,'1175954',947,,1489,15,,,0
11609,'1175958',1547,,1490,15,,,0
11609,'1175970',1147,,1491,15,,,0
11609,'1176003',1947,,1492,15,,,0
11609,'1176080',1347,,1493,15,,,0
11609,'1176101',1847,,1494,15,,,0
11609,'1176137',1847,,1495,15,,,0
11609,'1176153',1647,,1496,15,,,0
11609,'1176239',1247,,1497,15,,,0
11609,'1176240',747,,1498,15,,,0
11609,'1176243',647,,1499,15,,,0
11609,'1176254',817,,1500,15,,,0
11609,'1176259',2047,,1501,15,,,0
11609,'1176276',847,,1502,15,,,0
11609,'1176432',717,,1503,15,,,0
11609,'1176433',1617,,1504,15,,,0
11609,'1176442',917,,1505,15,,,0
11609,'1176443',1047,,1506,15,,,0
11609,'1176475',747,,1507,15,,,0
11609,'1176603',1747,,1508,15,,,0
11609,'1176630',2147,,1509,15,,,0
11609,'1176639',1947,,1510,15,,,0
11609,'1176641',1047,,1511,15,,,0
11609,'1176646',947,,1512,15,,,0
11609,'1176652',847,,1513,15,,,0
11609,'1176685',1447,,1514,15,,,0
16009,'1175859',1238,,1588,16,0,16 17 11,0
16009,'1176087',1338,,1589,16,0,16 17 11,0
16009,'1176112',1438,,1590,16,0,16 17 11,0
16009,'1176128',1738,,1591,16,0,16 17 11,0
16009,'1176235',1038,,1593,16,0,16 17 11,0
16009,'1176236',1638,,1594,16,0,16 17 11,0
16009,'1176410',1538,,1599,16,0,16 17 11,0
16009,'1176572',938,,1602,16,0,16 17 11,0
16009,'1176585',1138,,1603,16,0,16 17 11,0
