11009,'1175771',1449,,1461,30,,,0
11009,'1175802',1749,,1462,30,,,0
11009,'1176133',1649,,1468,30,,,0
11009,'1176140',1049,,1469,30,,,0
11009,'1176188',1249,,1470,30,,,0
11009,'1176403',1149,,1472,30,,,0
11009,'1176448',949,,1473,30,,,0
11009,'1176583',1549,,1474,30,,,0
11009,'1176618',1349,,1475,30,,,0
20009,'1175879',1447,,1605,17,0,10 11,0
20009,'1175940',1047,,1607,17,0,10 11,0
20009,'1176265',1547,,1612,17,0,10 11,0
20009,'1176319',1747,,1613,17,0,10 11,0
20009,'1176398',1347,,1615,17,0,10 11,0
20009,'1176408',947,,1616,17,0,10 11,0
20009,'1176425',1147,,1618,17,0,10 11,0
20009,'1176552',1247,,1622,17,0,10 11,0
20009,'1176647',1647,,1623,17,0,10 11,0
14001009,'1175755',859,,1743,32,,,0
14001009,'1175787',1759,,1744,32,,,0
14001009,'1175798',1759,,1745,32,,,0
14001009,'1175806',1129,,1746,32,0,8 21,0
14001009,'1175825',1559,,1748,32,,,0
14001009,'1175826',1259,,1749,32,,,0
14001009,'1175836',1729,,1750,32,,,0
14001009,'1175840',1959,,1751,32,,,0
14001009,'1175865',1029,,1752,32,0,8 21,0
14001009,'1175890',1959,,1753,32,,,0
14001009,'1175905',2059,,1754,32,,,0
14001009,'1175937',1359,,1755,32,,,0
14001009,'1175943',1659,,1756,32,,,0
14001009,'1175962',2259,,1757,32,0,8 21,0
14001009,'1175995',1059,,1758,32,,,0
14001009,'1176008',729,,1759,32,,,0
14001009,'1176017',759,,1760,32,,,0
14001009,'1176075',1659,,1761,32,,,0
14001009,'1176104',2159,,1762,32,,,0
14001009,'1176141',1259,,1763,32,,,0
14001009,'1176158',1459,,1764,32,,,0
14001009,'1176181',929,,1765,32,0,8 21,0
14001009,'1176198',959,,1766,32,,,0
14001009,'1176208',2159,,1767,32,,,0
14001009,'1176215',1859,,1768,32,,,0
14001009,'1176225',1329,,1769,32,0,8 21,0
14001009,'1176249',1059,,1770,32,,,0
14001009,'1176269',2059,,1771,32,,,0
14001009,'1176278',2259,,1772,32,0,8 21,0
14001009,'1176300',1529,,1773,32,0,8 21,0
14001009,'1176311',959,,1774,32,,,0
14001009,'1176346',829,,1775,32,,,0
14001009,'1176365',859,,1776,32,,,0
14001009,'1176376',1559,,1777,32,,,0
14001009,'1176382',1159,,1778,32,,,0
14001009,'1176449',659,,1779,32,,,0
14001009,'1176452',1229,,1780,32,0,8 21,0
14001009,'1176545',759,,1781,32,,,0
14001009,'1176551',1359,,1782,32,,,0
14001009,'1176579',1629,,1783,32,,,0
14001009,'1176580',1159,,1784,32,,,0
14001009,'1176607',1859,,1785,32,,,0
14001009,'1176612',1829,,1786,32,0,8 21,0
14001009,'1176628',1429,,1787,32,0,8 21,0
14001009,'1176653',1459,,1788,32,,,0
14001609,'1175722',1102,,1882,19,,,0
14001609,'1175752',702,,1883,19,,,0
14001609,'1175760',2002,,1884,19,,,0
14001609,'1175799',932,,1885,19,0,8 21,0
14001609,'1175804',1032,,1886,19,0,8 21,0
14001609,'1175908',832,,1888,19,,,0
14001609,'1175922',1202,,1889,19,,,0
14001609,'1175936',802,,1890,19,,,0
14001609,'1175982',1132,,1891,19,0,8 21,0
14001609,'1175986',1402,,1892,19,,,0
14001609,'1175988',1302,,1893,19,,,0
14001609,'1175989',1802,,1894,19,,,0
14001609,'1176010',1232,,1895,19,0,8 21,0
14001609,'1176015',902,,1896,19,,,0
14001609,'1176131',1332,,1897,19,0,8 21,0
14001609,'1176168',1302,,1898,19,,,0
14001609,'1176170',1532,,1899,19,,,0
14001609,'1176241',2102,,1900,19,,,0
14001609,'1176247',732,,1901,19,,,0
14001609,'1176270',2202,,1902,19,,,0
14001609,'1176280',1602,,1903,19,,,0
14001609,'1176296',1502,,1904,19,,,0
14001609,'1176309',2202,,1905,19,,,0
14001609,'1176320',1802,,1906,19,,,0
14001609,'1176374',1832,,1907,19,0,8 21,0
14001609,'1176381',1002,,1908,19,,,0
14001609,'1176402',2002,,1909,19,,,0
14001609,'1176421',802,,1910,19,,,0
14001609,'1176486',1732,,1911,19,,,0
14001609,'1176492',1102,,1912,19,,,0
14001609,'1176495',1902,,1913,19,,,0
14001609,'1176500',1602,,1914,19,,,0
14001609,'1176504',1702,,1915,19,,,0
14001609,'1176510',1502,,1916,19,,,0
14001609,'1176518',1632,,1917,19,,,0
14001609,'1176524',1002,,1918,19,,,0
14001609,'1176533',902,,1919,19,,,0
14001609,'1176577',2102,,1921,19,,,0
14001609,'1176593',1432,,1923,19,0,8 21,0
14001609,'1176602',1402,,1924,19,,,0
14001609,'1176621',1902,,1926,19,,,0
14001609,'1176627',1702,,1927,19,,,0
14001609,'1176671',1202,,1929,19,,,0
