12009,'1175885',1737,,1519,21,0,18 7,0
12009,'1175923',1537,,1520,21,0,18 7,0
12009,'1175952',1337,,1521,21,0,18 7,0
12009,'1175971',1037,,1522,21,0,18 7,0
12009,'1176115',1137,,1524,21,0,18 7,0
12009,'1176305',1637,,1526,21,0,18 7,0
12009,'1176431',1437,,1528,21,0,18 7,0
12009,'1176538',937,,1530,21,0,18 7,0
12009,'1176625',1237,,1531,21,0,18 7,0
19001109,'1175757',2156,,1930,16,,,0
19001109,'1175788',1756,,1931,16,,,0
19001109,'1175797',1357,,1932,17,,,0
19001109,'1175800',956,,1933,16,,,0
19001109,'1175846',1856,,1935,16,,,0
19001109,'1175866',1726,,1937,16,,,0
19001109,'1175873',1826,,1938,16,0,8 21,0
19001109,'1175889',1257,,1939,17,,,0
19001109,'1175976',2251,,1941,16,0,12,0
19001109,'1175990',1157,,1942,17,,,0
19001109,'1176026',1257,,1944,17,,,0
19001109,'1176086',956,,1946,16,,,0
19001109,'1176114',856,,1947,16,,,0
19001109,'1176152',726,,1948,16,,,0
19001109,'1176229',2156,,1949,16,,,0
19001109,'1176246',756,,1950,16,,,0
19001109,'1176315',656,,1951,16,,,0
19001109,'1176316',1157,,1952,17,,,0
19001109,'1176317',1656,,1953,16,,,0
19001109,'1176322',926,,1954,16,,,0
19001109,'1176337',1956,,1955,16,,,0
19001109,'1176344',1557,,1956,17,,,0
19001109,'1176353',1557,,1957,17,,,0
19001109,'1176386',656,,1958,16,,,0
19001109,'1176444',1856,,1961,16,,,0
19001109,'1176445',2056,,1962,16,,,0
19001109,'1176478',1756,,1963,16,,,0
19001109,'1176509',2251,,1964,16,0,12,0
19001109,'1176517',1457,,1965,17,,,0
19001109,'1176557',856,,1966,16,,,0
19001109,'1176559',1956,,1967,16,,,0
19001109,'1176563',826,,1968,16,,,0
19001109,'1176570',1457,,1969,17,,,0
19001109,'1176595',1656,,1972,16,,,0
19001109,'1176605',1057,,1973,17,,,0
19001109,'1176616',1057,,1974,17,,,0
19001109,'1176620',756,,1975,16,,,0
19001109,'1176668',2056,,1976,16,,,0
19001109,'1176674',1357,,1977,17,,,0
