11009,'1142195',1621,,674,32,0,13 14 15,0
11009,'1142199',921,,675,32,0,13 14 15,0
11009,'1142242',1221,,676,32,0,13 14 15,0
11009,'1142268',1421,,677,32,0,13 14 15,0
11009,'1142289',1021,,678,32,0,13 14 15,0
11009,'1142564',1321,,683,32,0,13 14 15,0
11009,'1142626',1721,,684,32,0,13 14 15,0
11009,'1142667',1121,,685,32,0,13 14 15,0
11009,'1142728',1521,,690,32,0,13 14 15,0
11609,'1142131',1608,,692,2,,,0
11609,'1142167',938,,693,2,,,0
11609,'1142222',1238,,694,2,,,0
11609,'1142226',2038,,695,2,,,0
11609,'1142297',1238,,696,2,,,0
11609,'1142329',1038,,697,2,,,0
11609,'1142334',1808,,698,2,,,0
11609,'1142336',1738,,699,2,,,0
11609,'1142364',1738,,700,2,,,0
11609,'1142388',1338,,701,2,,,0
11609,'1142390',1138,,702,2,,,0
11609,'1142392',908,,703,2,,,0
11609,'1142399',2038,,704,2,,,0
11609,'1142441',2138,,705,2,,,0
11609,'1142450',1938,,706,2,,,0
11609,'1142454',1538,,707,2,,,0
11609,'1142465',708,,708,2,,,0
11609,'1142475',838,,709,2,,,0
11609,'1142493',1638,,710,2,,,0
11609,'1142497',1538,,711,2,,,0
11609,'1142504',1838,,712,2,,,0
11609,'1142519',638,,713,2,,,0
11609,'1142524',1338,,714,2,,,0
11609,'1142530',1138,,715,2,,,0
11609,'1142561',738,,716,2,,,0
11609,'1142586',1438,,717,2,,,0
11609,'1142593',1938,,718,2,,,0
11609,'1142599',1838,,719,2,,,0
11609,'1142608',1438,,720,2,,,0
11609,'1142624',738,,721,2,,,0
11609,'1142649',1038,,722,2,,,0
11609,'1142676',1638,,723,2,,,0
11609,'1142697',808,,724,2,,,0
11609,'1142702',938,,725,2,,,0
11609,'1142719',838,,726,2,,,0
11609,'1142857',1708,,727,2,,,0
11609,'1142878',2138,,728,2,,,0
16009,'1142161',1529,,801,2,0,16 17 11,0
16009,'1142292',1729,,804,2,0,16 17 11,0
16009,'1142319',1329,,805,2,0,16 17 11,0
16009,'1142525',1129,,806,2,0,16 17 11,0
16009,'1142684',1429,,810,2,0,16 17 11,0
16009,'1142690',929,,811,2,0,16 17 11,0
16009,'1142743',1029,,813,2,0,16 17 11,0
16009,'1142765',1629,,815,2,0,16 17 11,0
16009,'1142850',1229,,818,2,0,16 17 11,0
20009,'1142156',1326,,819,30,,,0
20009,'1142172',1026,,820,30,,,0
20009,'1142208',1226,,821,30,,,0
20009,'1142218',926,,822,20,,,0
20009,'1142244',1726,,823,30,,,0
20009,'1142378',1426,,825,30,,,0
20009,'1142609',1526,,831,30,,,0
20009,'1142761',1126,,834,30,,,0
20009,'1142875',1626,,837,30,,,0
14001009,'1142143',1339,,875,2,,,0
14001009,'1142178',639,,876,2,,,0
14001009,'1142189',839,,877,2,,,0
14001009,'1142190',709,,878,2,,,0
14001009,'1142194',1439,,879,2,,,0
14001009,'1142216',939,,880,2,,,0
14001009,'1142231',809,,881,2,,,0
14001009,'1142237',1339,,882,2,,,0
14001009,'1142279',1639,,883,2,,,0
14001009,'1142282',1239,,884,2,,,0
14001009,'1142286',839,,885,2,,,0
14001009,'1142290',1939,,886,2,,,0
14001009,'1142306',1009,,887,2,0,8 9,0
14001009,'1142344',2039,,888,2,,,0
14001009,'1142360',1139,,889,2,,,0
14001009,'1142369',2239,,890,2,0,8 9,0
14001009,'1142375',1039,,891,2,,,0
14001009,'1142407',1509,,892,2,0,8 9,0
14001009,'1142438',909,,893,2,0,8 9,0
14001009,'1142459',939,,894,2,,,0
14001009,'1142460',1109,,895,2,0,8 9,0
14001009,'1142462',1539,,896,2,,,0
14001009,'1142479',1839,,897,2,,,0
14001009,'1142483',1439,,898,2,,,0
14001009,'1142505',2239,,899,2,0,8 9,0
14001009,'1142508',1839,,900,2,,,0
14001009,'1142510',1539,,901,2,,,0
14001009,'1142517',1209,,902,2,0,8 9,0
14001009,'1142538',1039,,903,2,,,0
14001009,'1142556',1409,,904,2,0,8 9,0
14001009,'1142580',1739,,905,2,,,0
14001009,'1142619',2039,,906,2,,,0
14001009,'1142627',1809,,907,2,0,8 9,0
14001009,'1142660',1609,,908,2,,,0
14001009,'1142682',739,,909,2,,,0
14001009,'1142715',1939,,910,2,,,0
14001009,'1142781',2139,,912,2,,,0
14001009,'1142787',1739,,913,2,,,0
14001009,'1142798',1309,,914,2,0,8 9,0
14001009,'1142811',1139,,915,2,,,0
14001009,'1142812',1709,,916,2,,,0
14001009,'1142840',739,,917,2,,,0
14001009,'1142842',2139,,918,2,,,0
14001009,'1142843',1239,,919,2,,,0
14001009,'1142861',1639,,920,2,,,0
