21609,'1175813',1926,,1624,16,,,0
21609,'1175831',729,,1625,17,,,0
21609,'1175857',1659,,1626,17,,,0
21609,'1175869',1729,,1627,17,,,0
21609,'1175916',1556,,1628,16,,,0
21609,'1175929',1326,,1629,16,,,0
21609,'1175966',1726,,1630,16,,,0
21609,'1175997',2126,,1631,16,,,0
21609,'1175998',926,,1632,16,,,0
21609,'1176028',1026,,1633,16,,,0
21609,'1176037',1826,,1634,16,,,0
21609,'1176041',1826,,1635,16,,,0
21609,'1176046',726,,1636,16,,,0
21609,'1176054',1629,,1637,17,,,0
21609,'1176067',659,,1638,17,,,0
21609,'1176111',1126,,1639,16,,,0
21609,'1176200',1426,,1640,16,,,0
21609,'1176207',2126,,1641,16,,,0
21609,'1176218',1126,,1642,16,,,0
21609,'1176289',1026,,1643,16,,,0
21609,'1176352',1226,,1644,16,,,0
21609,'1176395',1926,,1645,16,,,0
21609,'1176414',2026,,1646,16,,,0
21609,'1176430',1756,,1647,16,,,0
21609,'1176454',1626,,1648,16,,,0
21609,'1176460',826,,1649,16,,,0
21609,'1176467',1526,,1650,16,,,0
21609,'1176534',626,,1651,16,,,0
21609,'1176553',1226,,1652,16,,,0
21609,'1176576',926,,1653,16,,,0
21609,'1176651',826,,1654,16,,,0
21609,'1176656',1526,,1655,16,,,0
21609,'1176659',1426,,1656,16,,,0
21609,'1176663',1326,,1657,16,,,0
21609,'1176665',856,,1658,16,,,0
21609,'1176686',2026,,1659,16,,,0
21609,'1176690',756,,1660,16,,,0
