11009,'1175771',1433,,1461,2,,,0
11009,'1175802',1733,,1462,2,,,0
11009,'1176133',1633,,1468,2,,,0
11009,'1176140',1033,,1469,2,,,0
11009,'1176188',1233,,1470,2,,,0
11009,'1176403',1133,,1472,2,,,0
11009,'1176448',933,,1473,2,,,0
11009,'1176583',1533,,1474,2,,,0
11009,'1176618',1333,,1475,2,,,0
15009,'1175924',1036,,1574,2,,,0
15009,'1175955',1636,,1575,2,,,0
15009,'1176009',1436,,1576,2,,,0
15009,'1176045',936,,1577,2,,,0
15009,'1176107',1536,,1579,2,,,0
15009,'1176262',1736,,1581,2,,,0
15009,'1176306',1136,,1583,2,,,0
15009,'1176632',1336,,1585,2,,,0
15009,'1176645',1236,,1586,2,,,0
20009,'1175879',1434,,1605,2,0,10 11,0
20009,'1175940',1034,,1607,2,0,10 11,0
20009,'1176265',1534,,1612,2,0,10 11,0
20009,'1176319',1734,,1613,2,0,10 11,0
20009,'1176398',1334,,1615,2,0,10 11,0
20009,'1176408',934,,1616,2,0,10 11,0
20009,'1176425',1134,,1618,2,0,10 11,0
20009,'1176552',1234,,1622,2,0,10 11,0
20009,'1176647',1634,,1623,2,0,10 11,0
14001009,'1175755',843,,1743,4,,,0
14001009,'1175787',1743,,1744,4,,,0
14001009,'1175798',1743,,1745,4,,,0
14001009,'1175806',1113,,1746,4,0,8 21,0
14001009,'1175825',1543,,1748,4,,,0
14001009,'1175826',1243,,1749,4,,,0
14001009,'1175836',1713,,1750,4,,,0
14001009,'1175840',1943,,1751,4,,,0
14001009,'1175865',1013,,1752,4,0,8 21,0
14001009,'1175890',1943,,1753,4,,,0
14001009,'1175905',2043,,1754,4,,,0
14001009,'1175937',1343,,1755,4,,,0
14001009,'1175943',1643,,1756,4,,,0
14001009,'1175962',2243,,1757,4,0,8 21,0
14001009,'1175995',1043,,1758,4,,,0
14001009,'1176008',713,,1759,4,,,0
14001009,'1176017',743,,1760,4,,,0
14001009,'1176075',1643,,1761,4,,,0
14001009,'1176104',2143,,1762,4,,,0
14001009,'1176141',1243,,1763,4,,,0
14001009,'1176158',1443,,1764,4,,,0
14001009,'1176181',913,,1765,4,0,8 21,0
14001009,'1176198',943,,1766,4,,,0
14001009,'1176208',2143,,1767,4,,,0
14001009,'1176215',1843,,1768,4,,,0
14001009,'1176225',1313,,1769,4,0,8 21,0
14001009,'1176249',1043,,1770,4,,,0
14001009,'1176269',2043,,1771,4,,,0
14001009,'1176278',2243,,1772,4,0,8 21,0
14001009,'1176300',1513,,1773,4,0,8 21,0
14001009,'1176311',943,,1774,4,,,0
14001009,'1176346',813,,1775,4,,,0
14001009,'1176365',843,,1776,4,,,0
14001009,'1176376',1543,,1777,4,,,0
14001009,'1176382',1143,,1778,4,,,0
14001009,'1176449',643,,1779,4,,,0
14001009,'1176452',1213,,1780,4,0,8 21,0
14001009,'1176545',743,,1781,4,,,0
14001009,'1176551',1343,,1782,4,,,0
14001009,'1176579',1613,,1783,4,,,0
14001009,'1176580',1143,,1784,4,,,0
14001009,'1176607',1843,,1785,4,,,0
14001009,'1176612',1813,,1786,4,0,8 21,0
14001009,'1176628',1413,,1787,4,0,8 21,0
14001009,'1176653',1443,,1788,4,,,0
14001609,'1175722',1048,,1882,4,,,0
14001609,'1175752',648,,1883,4,,,0
14001609,'1175760',1948,,1884,4,,,0
14001609,'1175799',918,,1885,4,0,8 21,0
14001609,'1175804',1018,,1886,4,0,8 21,0
14001609,'1175908',818,,1888,4,,,0
14001609,'1175922',1148,,1889,4,,,0
14001609,'1175936',748,,1890,4,,,0
14001609,'1175982',1118,,1891,4,0,8 21,0
14001609,'1175986',1348,,1892,4,,,0
14001609,'1175988',1248,,1893,4,,,0
14001609,'1175989',1748,,1894,4,,,0
14001609,'1176010',1218,,1895,4,0,8 21,0
14001609,'1176015',848,,1896,4,,,0
14001609,'1176131',1318,,1897,4,0,8 21,0
14001609,'1176168',1248,,1898,4,,,0
14001609,'1176170',1518,,1899,4,,,0
14001609,'1176241',2048,,1900,4,,,0
14001609,'1176247',718,,1901,4,,,0
14001609,'1176270',2148,,1902,4,,,0
14001609,'1176280',1548,,1903,4,,,0
14001609,'1176296',1448,,1904,4,,,0
14001609,'1176309',2148,,1905,4,,,0
14001609,'1176320',1748,,1906,4,,,0
14001609,'1176374',1818,,1907,4,0,8 21,0
14001609,'1176381',948,,1908,4,,,0
14001609,'1176402',1948,,1909,4,,,0
14001609,'1176421',748,,1910,4,,,0
14001609,'1176486',1718,,1911,4,,,0
14001609,'1176492',1048,,1912,4,,,0
14001609,'1176495',1848,,1913,4,,,0
14001609,'1176500',1548,,1914,4,,,0
14001609,'1176504',1648,,1915,4,,,0
14001609,'1176510',1448,,1916,4,,,0
14001609,'1176518',1618,,1917,4,,,0
14001609,'1176524',948,,1918,4,,,0
14001609,'1176533',848,,1919,4,,,0
14001609,'1176577',2048,,1921,4,,,0
14001609,'1176593',1418,,1923,4,0,8 21,0
14001609,'1176602',1348,,1924,4,,,0
14001609,'1176621',1848,,1926,4,,,0
14001609,'1176627',1648,,1927,4,,,0
14001609,'1176671',1148,,1929,4,,,0
