11009,'1175720',1158,,1460,6,0,13 14 15,0
11009,'1175910',858,,1463,6,0,13 14 15,0
11009,'1175948',1658,,1464,6,0,13 14 15,0
11009,'1176063',1458,,1465,6,0,13 14 15,0
11009,'1176079',1358,,1466,6,0,13 14 15,0
11009,'1176108',958,,1467,6,0,13 14 15,0
11009,'1176321',1058,,1471,6,0,13 14 15,0
11009,'1176658',1558,,1476,6,0,13 14 15,0
11009,'1176675',1258,,1477,6,0,13 14 15,0
16009,'1175714',1300,,1587,8,,,0
16009,'1176136',1000,,1592,8,,,0
16009,'1176272',1400,,1595,8,,,0
16009,'1176282',900,,1596,8,,,0
16009,'1176290',1700,,1597,8,,,0
16009,'1176390',1200,,1598,8,,,0
16009,'1176528',1500,,1600,8,,,0
16009,'1176535',1600,,1601,8,,,0
16009,'1176682',1100,,1604,8,,,0
21609,'1175813',1920,,1624,8,,,0
21609,'1175831',720,,1625,8,,,0
21609,'1175857',1650,,1626,8,,,0
21609,'1175869',1720,,1627,8,,,0
21609,'1175916',1550,,1628,8,,,0
21609,'1175929',1320,,1629,8,,,0
21609,'1175966',1720,,1630,8,,,0
21609,'1175997',2120,,1631,8,,,0
21609,'1175998',920,,1632,8,,,0
21609,'1176028',1020,,1633,8,,,0
21609,'1176037',1820,,1634,8,,,0
21609,'1176041',1820,,1635,8,,,0
21609,'1176046',720,,1636,8,,,0
21609,'1176054',1620,,1637,8,,,0
21609,'1176067',650,,1638,8,,,0
21609,'1176111',1120,,1639,8,,,0
21609,'1176200',1420,,1640,8,,,0
21609,'1176207',2120,,1641,8,,,0
21609,'1176218',1120,,1642,8,,,0
21609,'1176289',1020,,1643,8,,,0
21609,'1176352',1220,,1644,8,,,0
21609,'1176395',1920,,1645,8,,,0
21609,'1176414',2020,,1646,8,,,0
21609,'1176430',1750,,1647,8,,,0
21609,'1176454',1620,,1648,8,,,0
21609,'1176460',820,,1649,8,,,0
21609,'1176467',1520,,1650,8,,,0
21609,'1176534',620,,1651,8,,,0
21609,'1176553',1220,,1652,8,,,0
21609,'1176576',920,,1653,8,,,0
21609,'1176651',820,,1654,8,,,0
21609,'1176656',1520,,1655,8,,,0
21609,'1176659',1420,,1656,8,,,0
21609,'1176663',1320,,1657,8,,,0
21609,'1176665',850,,1658,8,,,0
21609,'1176686',2020,,1659,8,,,0
21609,'1176690',750,,1660,8,,,0
19001109,'1175757',2218,,1930,30,,,0
19001109,'1175788',1818,,1931,30,,,0
19001109,'1175797',1418,,1932,30,,,0
19001109,'1175800',1018,,1933,30,,,0
19001109,'1175811',1548,,1934,6,,,0
19001109,'1175846',1918,,1935,30,,,0
19001109,'1175854',1048,,1936,6,,,0
19001109,'1175866',1748,,1937,30,,,0
19001109,'1175889',1318,,1939,30,,,0
19001109,'1175960',1248,,1940,6,,,0
19001109,'1175990',1218,,1942,30,,,0
19001109,'1176025',618,,1943,9,,,0
19001109,'1176026',1318,,1944,30,,,0
19001109,'1176076',648,,1945,6,,,0
19001109,'1176086',1018,,1946,30,,,0
19001109,'1176114',918,,1947,30,,,0
19001109,'1176152',748,,1948,30,,,0
19001109,'1176229',2218,,1949,30,,,0
19001109,'1176246',818,,1950,30,,,0
19001109,'1176315',718,,1951,30,,,0
19001109,'1176316',1218,,1952,30,,,0
19001109,'1176317',1718,,1953,30,,,0
19001109,'1176322',948,,1954,30,,,0
19001109,'1176337',2018,,1955,30,,,0
19001109,'1176344',1618,,1956,30,,,0
19001109,'1176353',1618,,1957,30,,,0
19001109,'1176386',718,,1958,30,,,0
19001109,'1176406',1448,,1959,6,,,0
19001109,'1176429',1348,,1960,6,,,0
19001109,'1176444',1918,,1961,30,,,0
19001109,'1176445',2118,,1962,30,,,0
19001109,'1176478',1818,,1963,30,,,0
19001109,'1176517',1518,,1965,30,,,0
19001109,'1176557',918,,1966,30,,,0
19001109,'1176559',2018,,1967,30,,,0
19001109,'1176563',848,,1968,30,,,0
19001109,'1176570',1518,,1969,30,,,0
19001109,'1176581',1148,,1970,6,,,0
19001109,'1176586',1648,,1971,6,,,0
19001109,'1176595',1718,,1972,30,,,0
19001109,'1176605',1118,,1973,30,,,0
19001109,'1176616',1118,,1974,30,,,0
19001109,'1176620',818,,1975,30,,,0
19001109,'1176668',2118,,1976,30,,,0
19001109,'1176674',1418,,1977,30,,,0
