12009,'1175885',1733,,1519,18,0,18 7,0
12009,'1175923',1533,,1520,18,0,18 7,0
12009,'1175952',1333,,1521,18,0,18 7,0
12009,'1175971',1033,,1522,18,0,18 7,0
12009,'1176115',1133,,1524,18,0,18 7,0
12009,'1176305',1633,,1526,18,0,18 7,0
12009,'1176431',1433,,1528,18,0,18 7,0
12009,'1176538',933,,1530,18,0,18 7,0
12009,'1176625',1233,,1531,18,0,18 7,0
19001309,'1175728',823,,1978,18,,,0
19001309,'1175734',1453,,1979,18,,,0
19001309,'1175770',1953,,1980,18,,,0
19001309,'1175814',1823,,1981,18,0,8 21,0
19001309,'1175816',1753,,1982,18,,,0
19001309,'1175833',1653,,1983,18,,,0
19001309,'1175860',1323,,1984,18,,,0
19001309,'1175862',1053,,1985,18,,,0
19001309,'1175891',1123,,1986,18,,,0
19001309,'1175892',923,,1987,18,,,0
19001309,'1175994',853,,1989,18,,,0
19001309,'1176023',753,,1990,18,,,0
19001309,'1176034',1053,,1991,18,,,0
19001309,'1176044',1353,,1992,18,,,0
19001309,'1176064',1023,,1993,18,,,0
19001309,'1176125',1653,,1994,18,,,0
19001309,'1176139',1153,,1995,18,,,0
19001309,'1176167',2153,,1996,18,,,0
19001309,'1176182',1253,,1997,18,,,0
19001309,'1176185',723,,1998,18,,,0
19001309,'1176187',1253,,1999,18,,,0
19001309,'1176196',1153,,2000,18,,,0
19001309,'1176261',953,,2001,18,,,0
19001309,'1176277',2053,,2002,18,,,0
19001309,'1176318',1353,,2003,18,,,0
19001309,'1176331',1953,,2004,18,,,0
19001309,'1176338',1853,,2005,18,,,0
19001309,'1176348',1523,,2006,18,,,0
19001309,'1176367',1553,,2007,18,,,0
19001309,'1176387',2153,,2008,18,,,0
19001309,'1176389',753,,2009,18,,,0
19001309,'1176392',653,,2010,18,,,0
19001309,'1176394',1553,,2011,18,,,0
19001309,'1176446',1753,,2012,18,,,0
19001309,'1176462',2053,,2013,18,,,0
19001309,'1176473',1853,,2014,18,,,0
19001309,'1176527',953,,2015,18,,,0
19001309,'1176539',1623,,2016,18,,,0
19001309,'1176543',1423,,2017,18,,,0
19001309,'1176567',853,,2019,18,,,0
19001309,'1176597',1453,,2020,18,,,0
19001309,'1176614',1223,,2021,18,,,0
19001309,'1176638',1723,,2022,18,,,0
19001309,'1176660',653,,2023,18,,,0
