12009,'1175885',1725,,1519,11,0,18 7,0
12009,'1175923',1525,,1520,11,0,18 7,0
12009,'1175952',1325,,1521,11,0,18 7,0
12009,'1175971',1025,,1522,11,0,18 7,0
12009,'1176115',1125,,1524,11,0,18 7,0
12009,'1176305',1625,,1526,11,0,18 7,0
12009,'1176431',1425,,1528,11,0,18 7,0
12009,'1176538',925,,1530,11,0,18 7,0
12009,'1176625',1225,,1531,11,0,18 7,0
19001309,'1175728',817,,1978,11,,,0
19001309,'1175734',1447,,1979,11,,,0
19001309,'1175770',1947,,1980,11,,,0
19001309,'1175814',1817,,1981,11,0,8 21,0
19001309,'1175816',1747,,1982,11,,,0
19001309,'1175833',1647,,1983,11,,,0
19001309,'1175860',1317,,1984,11,,,0
19001309,'1175862',1047,,1985,11,,,0
19001309,'1175891',1117,,1986,11,,,0
19001309,'1175892',917,,1987,11,,,0
19001309,'1175994',847,,1989,11,,,0
19001309,'1176023',747,,1990,11,,,0
19001309,'1176034',1047,,1991,11,,,0
19001309,'1176044',1347,,1992,11,,,0
19001309,'1176064',1017,,1993,11,,,0
19001309,'1176125',1647,,1994,11,,,0
19001309,'1176139',1147,,1995,11,,,0
19001309,'1176167',2147,,1996,11,,,0
19001309,'1176182',1247,,1997,11,,,0
19001309,'1176185',717,,1998,11,,,0
19001309,'1176187',1247,,1999,11,,,0
19001309,'1176196',1147,,2000,11,,,0
19001309,'1176261',947,,2001,11,,,0
19001309,'1176277',2047,,2002,11,,,0
19001309,'1176318',1347,,2003,11,,,0
19001309,'1176331',1947,,2004,11,,,0
19001309,'1176338',1847,,2005,11,,,0
19001309,'1176348',1517,,2006,11,,,0
19001309,'1176367',1547,,2007,11,,,0
19001309,'1176387',2147,,2008,11,,,0
19001309,'1176389',747,,2009,11,,,0
19001309,'1176392',647,,2010,11,,,0
19001309,'1176394',1547,,2011,11,,,0
19001309,'1176446',1747,,2012,11,,,0
19001309,'1176462',2047,,2013,11,,,0
19001309,'1176473',1847,,2014,11,,,0
19001309,'1176527',947,,2015,11,,,0
19001309,'1176539',1617,,2016,11,,,0
19001309,'1176543',1417,,2017,11,,,0
19001309,'1176567',847,,2019,11,,,0
19001309,'1176597',1447,,2020,11,,,0
19001309,'1176614',1217,,2021,11,,,0
19001309,'1176638',1717,,2022,11,,,0
19001309,'1176660',647,,2023,11,,,0
