15009,'1175719',1714,,1569,22,0,20 15,0
15009,'1175730',1514,,1570,22,0,20 15,0
15009,'1175737',1314,,1571,22,0,20 15,0
15009,'1175828',1414,,1572,22,0,20 15,0
15009,'1175835',1014,,1573,22,0,20 15,0
15009,'1176048',1214,,1578,22,0,20 15,0
15009,'1176230',1614,,1580,22,0,20 15,0
15009,'1176301',914,,1582,22,0,20 15,0
15009,'1176568',1114,,1584,22,0,20 15,0
19001509,'1175715',2135,,2024,42,,,0
19001509,'1175729',1035,,2025,42,,,0
19001509,'1175740',835,,2027,42,,,0
19001509,'1175741',1335,,2028,42,,,0
19001509,'1175778',1805,,2031,42,,,0
19001509,'1175793',1835,,2032,42,,,0
19001509,'1175801',835,,2033,42,,,0
19001509,'1175845',1405,,2034,42,,,0
19001509,'1175897',1505,,2035,42,,,0
19001509,'1175899',1235,,2036,42,,,0
19001509,'1175907',1005,,2037,42,,,0
19001509,'1175925',1635,,2038,42,,,0
19001509,'1175932',1535,,2039,42,,,0
19001509,'1175953',1605,,2040,42,,,0
19001509,'1175965',705,,2041,17,,,0
19001509,'1175967',1105,,2042,42,,,0
19001509,'1175996',1705,,2043,42,,,0
19001509,'1176000',935,,2044,42,,,0
19001509,'1176049',1735,,2045,42,,,0
19001509,'1176055',1935,,2046,42,,,0
19001509,'1176057',1035,,2047,42,,,0
19001509,'1176073',805,,2048,42,,,0
19001509,'1176074',735,,2049,42,,,0
19001509,'1176085',1935,,2050,42,,,0
19001509,'1176090',2135,,2051,42,,,0
19001509,'1176092',1135,,2052,42,,,0
19001509,'1176093',935,,2053,42,,,0
19001509,'1176105',2035,,2054,42,,,0
19001509,'1176238',1535,,2055,42,,,0
19001509,'1176266',1205,,2056,42,,,0
19001509,'1176293',1435,,2057,42,,,0
19001509,'1176328',1305,,2058,42,,,0
19001509,'1176335',2035,,2059,42,,,0
19001509,'1176355',1635,,2061,42,,,0
19001509,'1176358',1335,,2062,42,,,0
19001509,'1176362',1835,,2063,42,,,0
19001509,'1176426',1135,,2064,42,,,0
19001509,'1176450',635,,2066,17,,,0
19001509,'1176496',1435,,2067,42,,,0
19001509,'1176536',735,,2068,42,,,0
19001509,'1176537',905,,2069,42,,,0
19001509,'1176684',1735,,2070,42,,,0
19001509,'1176689',1235,,2071,42,,,0
