14009,'1175724',1422,,1551,3,0,5 6 22,0
14009,'1175759',1222,,1552,3,0,5 6 22,0
14009,'1175767',1322,,1553,3,0,5 6 22,0
14009,'1175834',1522,,1557,3,0,5 6 22,0
14009,'1176178',1022,,1560,3,0,5 6 22,0
14009,'1176234',1722,,1561,3,0,5 6 22,0
14009,'1176418',1122,,1564,3,0,5 6 22,0
14009,'1176613',1622,,1566,3,0,5 6 22,0
14009,'1176636',922,,1567,3,0,5 6 22,0
19001509,'1175715',2045,,2024,2,,,0
19001509,'1175729',945,,2025,2,,,0
19001509,'1175736',2145,,2026,2,0,12,0
19001509,'1175740',745,,2027,2,,,0
19001509,'1175741',1245,,2028,2,,,0
19001509,'1175769',2245,,2029,2,0,12,0
19001509,'1175774',2145,,2030,2,0,12,0
19001509,'1175778',1715,,2031,2,,,0
19001509,'1175793',1745,,2032,2,,,0
19001509,'1175801',745,,2033,2,,,0
19001509,'1175845',1315,,2034,2,,,0
19001509,'1175897',1415,,2035,2,,,0
19001509,'1175899',1145,,2036,2,,,0
19001509,'1175907',915,,2037,2,,,0
19001509,'1175925',1545,,2038,2,,,0
19001509,'1175932',1445,,2039,2,,,0
19001509,'1175953',1515,,2040,2,,,0
19001509,'1175967',1015,,2042,2,,,0
19001509,'1175996',1615,,2043,2,,,0
19001509,'1176000',845,,2044,2,,,0
19001509,'1176049',1645,,2045,2,,,0
19001509,'1176055',1845,,2046,2,,,0
19001509,'1176057',945,,2047,2,,,0
19001509,'1176073',715,,2048,2,,,0
19001509,'1176074',645,,2049,2,,,0
19001509,'1176085',1845,,2050,2,,,0
19001509,'1176090',2045,,2051,2,,,0
19001509,'1176092',1045,,2052,2,,,0
19001509,'1176093',845,,2053,2,,,0
19001509,'1176105',1945,,2054,2,,,0
19001509,'1176238',1445,,2055,2,,,0
19001509,'1176266',1115,,2056,2,,,0
19001509,'1176293',1345,,2057,2,,,0
19001509,'1176328',1215,,2058,2,,,0
19001509,'1176335',1945,,2059,2,,,0
19001509,'1176340',1815,,2060,2,0,12,0
19001509,'1176355',1545,,2061,2,,,0
19001509,'1176358',1245,,2062,2,,,0
19001509,'1176362',1745,,2063,2,,,0
19001509,'1176426',1045,,2064,2,,,0
19001509,'1176434',2245,,2065,2,0,12,0
19001509,'1176496',1345,,2067,2,,,0
19001509,'1176536',645,,2068,2,,,0
19001509,'1176537',815,,2069,2,,,0
19001509,'1176684',1645,,2070,2,,,0
19001509,'1176689',1145,,2071,2,,,0
