15009,'1175719',1703,,1569,8,0,20 15,0
15009,'1175730',1503,,1570,8,0,20 15,0
15009,'1175737',1303,,1571,8,0,20 15,0
15009,'1175828',1403,,1572,8,0,20 15,0
15009,'1175835',1003,,1573,8,0,20 15,0
15009,'1176048',1203,,1578,8,0,20 15,0
15009,'1176230',1603,,1580,8,0,20 15,0
15009,'1176301',903,,1582,8,0,20 15,0
15009,'1176568',1103,,1584,8,0,20 15,0
19001509,'1175715',2120,,2024,33,,,0
19001509,'1175729',1020,,2025,33,,,0
19001509,'1175740',820,,2027,33,,,0
19001509,'1175741',1320,,2028,33,,,0
19001509,'1175778',1750,,2031,33,,,0
19001509,'1175793',1820,,2032,33,,,0
19001509,'1175801',820,,2033,33,,,0
19001509,'1175845',1350,,2034,33,,,0
19001509,'1175897',1450,,2035,33,,,0
19001509,'1175899',1220,,2036,33,,,0
19001509,'1175907',950,,2037,33,,,0
19001509,'1175925',1620,,2038,33,,,0
19001509,'1175932',1520,,2039,33,,,0
19001509,'1175953',1550,,2040,33,,,0
19001509,'1175965',650,,2041,8,,,0
19001509,'1175967',1050,,2042,33,,,0
19001509,'1175996',1650,,2043,33,,,0
19001509,'1176000',920,,2044,33,,,0
19001509,'1176049',1720,,2045,33,,,0
19001509,'1176055',1920,,2046,33,,,0
19001509,'1176057',1020,,2047,33,,,0
19001509,'1176073',750,,2048,33,,,0
19001509,'1176074',720,,2049,33,,,0
19001509,'1176085',1920,,2050,33,,,0
19001509,'1176090',2120,,2051,33,,,0
19001509,'1176092',1120,,2052,33,,,0
19001509,'1176093',920,,2053,33,,,0
19001509,'1176105',2020,,2054,33,,,0
19001509,'1176238',1520,,2055,33,,,0
19001509,'1176266',1150,,2056,33,,,0
19001509,'1176293',1420,,2057,33,,,0
19001509,'1176328',1250,,2058,33,,,0
19001509,'1176335',2020,,2059,33,,,0
19001509,'1176355',1620,,2061,33,,,0
19001509,'1176358',1320,,2062,33,,,0
19001509,'1176362',1820,,2063,33,,,0
19001509,'1176426',1120,,2064,33,,,0
19001509,'1176450',620,,2066,8,,,0
19001509,'1176496',1420,,2067,33,,,0
19001509,'1176536',720,,2068,33,,,0
19001509,'1176537',850,,2069,33,,,0
19001509,'1176684',1720,,2070,33,,,0
19001509,'1176689',1220,,2071,33,,,0
