13009,'1142394',1207,,750,17,0,19 15,0
13009,'1142420',1307,,751,17,0,19 15,0
13009,'1142430',1407,,752,17,0,19 15,0
13009,'1142453',907,,754,17,0,19 15,0
13009,'1142672',1007,,756,17,0,19 15,0
13009,'1142704',1607,,757,17,0,19 15,0
13009,'1142720',1507,,759,17,0,19 15,0
13009,'1142776',1107,,761,17,0,19 15,0
13009,'1142824',1707,,762,17,0,19 15,0
19001309,'1142135',2128,,1110,49,,,0
19001309,'1142136',1458,,1111,49,,,0
19001309,'1142154',2028,,1112,49,,,0
19001309,'1142209',1828,,1113,49,,,0
19001309,'1142233',1228,,1114,49,,,0
19001309,'1142307',728,,1115,49,,,0
19001309,'1142324',1558,,1116,49,,,0
19001309,'1142327',758,,1117,49,,,0
19001309,'1142333',1428,,1118,49,,,0
19001309,'1142337',1358,,1119,49,,,0
19001309,'1142343',1328,,1120,49,,,0
19001309,'1142352',928,,1121,49,,,0
19001309,'1142356',658,,1122,17,,,0
19001309,'1142380',2228,,1123,49,,,0
19001309,'1142387',1328,,1124,49,,,0
19001309,'1142413',828,,1125,49,,,0
19001309,'1142434',1128,,1126,49,,,0
19001309,'1142467',1658,,1127,49,,,0
19001309,'1142472',958,,1128,49,,,0
19001309,'1142498',1258,,1129,49,,,0
19001309,'1142507',1228,,1130,49,,,0
19001309,'1142516',928,,1131,49,,,0
19001309,'1142536',1028,,1132,49,,,0
19001309,'1142566',858,,1133,49,,,0
19001309,'1142577',1128,,1134,49,,,0
19001309,'1142581',1628,,1135,49,,,0
19001309,'1142617',1428,,1136,49,,,0
19001309,'1142620',1728,,1137,49,,,0
19001309,'1142622',1828,,1138,49,,,0
19001309,'1142657',728,,1139,49,,,0
19001309,'1142683',628,,1140,17,,,0
19001309,'1142741',1028,,1141,49,,,0
19001309,'1142775',1928,,1142,49,,,0
19001309,'1142779',1728,,1143,49,,,0
19001309,'1142785',2228,,1144,49,,,0
19001309,'1142804',1928,,1145,49,,,0
19001309,'1142810',1528,,1146,49,,,0
19001309,'1142819',1528,,1147,49,,,0
19001309,'1142828',1758,,1148,49,,,0
19001309,'1142835',2128,,1149,49,,,0
19001309,'1142836',1628,,1150,49,,,0
19001309,'1142848',1058,,1151,49,,,0
19001309,'1142865',1158,,1153,49,,,0
19001309,'1142877',2028,,1154,49,,,0
19001309,'1142891',828,,1155,49,,,0
