12009,'1142310',1339,,731,22,0,18 7,0
12009,'1142322',1639,,733,22,0,18 7,0
12009,'1142382',1739,,735,22,0,18 7,0
12009,'1142384',1539,,736,22,0,18 7,0
12009,'1142414',939,,737,22,0,18 7,0
12009,'1142500',1239,,738,22,0,18 7,0
12009,'1142738',1439,,744,22,0,18 7,0
12009,'1142794',1139,,745,22,0,18 7,0
12009,'1142813',1039,,746,22,0,18 7,0
19001109,'1142176',1757,,1062,17,,,0
19001109,'1142184',1827,,1063,17,0,8 9,0
19001109,'1142198',1727,,1064,17,,,0
19001109,'1142243',2157,,1067,17,,,0
19001109,'1142245',857,,1068,17,,,0
19001109,'1142246',1857,,1069,17,,,0
19001109,'1142249',1657,,1070,17,,,0
19001109,'1142251',1757,,1071,17,,,0
19001109,'1142278',1957,,1073,17,,,0
19001109,'1142283',2252,,1074,17,0,12,0
19001109,'1142294',1957,,1075,17,,,0
19001109,'1142296',2057,,1076,17,,,0
19001109,'1142339',657,,1077,17,,,0
19001109,'1142354',857,,1079,17,,,0
19001109,'1142395',827,,1080,17,,,0
19001109,'1142458',2057,,1084,17,,,0
19001109,'1142492',757,,1085,17,,,0
19001109,'1142520',1857,,1087,17,,,0
19001109,'1142539',757,,1089,17,,,0
19001109,'1142552',2157,,1090,17,,,0
19001109,'1142643',957,,1097,17,,,0
19001109,'1142674',927,,1099,17,,,0
19001109,'1142772',727,,1102,17,,,0
19001109,'1142795',2252,,1103,17,0,12,0
19001109,'1142809',1657,,1104,17,,,0
19001109,'1142814',957,,1105,17,,,0
19001109,'1142882',657,,1109,17,,,0
