13009,'1176096',1126,,1537,7,,,0
13009,'1176190',1526,,1540,7,,,0
13009,'1176224',1026,,1542,7,,,0
13009,'1176248',1726,,1543,7,,,0
13009,'1176271',1626,,1544,7,,,0
13009,'1176360',926,,1545,7,,,0
13009,'1176371',1226,,1546,7,,,0
13009,'1176623',1326,,1549,7,,,0
13009,'1176644',1426,,1550,7,,,0
14001209,'1175718',1620,,1789,7,,,0
14001209,'1175861',1850,,1790,7,,,0
14001209,'1175900',1720,,1791,7,,,0
14001209,'1175913',2250,,1792,7,0,8 21,0
14001209,'1175915',2050,,1793,7,,,0
14001209,'1175917',1420,,1794,7,,,0
14001209,'1175919',1950,,1795,7,,,0
14001209,'1175938',750,,1796,7,,,0
14001209,'1175939',1750,,1797,7,,,0
14001209,'1175983',2150,,1798,7,,,0
14001209,'1176007',1250,,1799,7,,,0
14001209,'1176012',1050,,1800,7,,,0
14001209,'1176069',850,,1801,7,,,0
14001209,'1176070',1150,,1802,7,,,0
14001209,'1176091',950,,1803,7,,,0
14001209,'1176103',950,,1805,7,,,0
14001209,'1176117',1150,,1806,7,,,0
14001209,'1176122',2250,,1807,7,0,8 21,0
14001209,'1176163',1850,,1808,7,,,0
14001209,'1176213',1050,,1809,7,,,0
14001209,'1176217',1550,,1810,7,,,0
14001209,'1176245',1750,,1811,7,,,0
14001209,'1176255',850,,1812,7,,,0
14001209,'1176275',1650,,1813,7,,,0
14001209,'1176323',1120,,1814,7,,,0
14001209,'1176336',1820,,1815,7,0,8 21,0
14001209,'1176343',1350,,1816,7,,,0
14001209,'1176354',1450,,1817,7,,,0
14001209,'1176378',1250,,1818,7,,,0
14001209,'1176401',720,,1819,7,,,0
14001209,'1176411',2050,,1820,7,,,0
14001209,'1176440',1450,,1821,7,,,0
14001209,'1176458',650,,1822,7,,,0
14001209,'1176470',1550,,1823,7,,,0
14001209,'1176472',1020,,1824,7,,,0
14001209,'1176483',1320,,1825,7,,,0
14001209,'1176488',1650,,1826,7,,,0
14001209,'1176515',1950,,1827,7,,,0
14001209,'1176526',920,,1828,7,,,0
14001209,'1176532',1220,,1829,7,,,0
14001209,'1176546',2150,,1830,7,,,0
14001209,'1176594',820,,1831,7,,,0
14001209,'1176599',1520,,1832,7,,,0
14001209,'1176626',750,,1833,7,,,0
14001209,'1176676',1350,,1834,7,,,0
