12009,'1175885',1759,,1519,25,0,18 7,0
12009,'1175923',1546,,1520,25,0,18 7,0
12009,'1175952',1346,,1521,25,0,18 7,0
12009,'1175971',1046,,1522,25,0,18 7,0
12009,'1176115',1146,,1524,25,0,18 7,0
12009,'1176305',1646,,1526,25,0,18 7,0
12009,'1176431',1446,,1528,25,0,18 7,0
12009,'1176538',946,,1530,25,0,18 7,0
12009,'1176625',1246,,1531,25,0,18 7,0
14009,'1175812',1757,,1554,29,,,0
14009,'1175822',1044,,1555,29,,,0
14009,'1175823',1644,,1556,29,,,0
14009,'1175927',1344,,1558,29,,,0
14009,'1176135',944,,1559,29,,,0
14009,'1176326',1144,,1562,29,,,0
14009,'1176364',1444,,1563,29,,,0
14009,'1176520',1544,,1565,29,,,0
14009,'1176678',1244,,1568,29,,,0
20009,'1175879',1509,,1605,24,0,10 11,0
20009,'1175940',1109,,1607,24,0,10 11,0
20009,'1176265',1609,,1612,24,0,10 11,0
20009,'1176319',1801,,1613,24,0,10 11,0
20009,'1176398',1409,,1615,24,0,10 11,0
20009,'1176408',1009,,1616,24,0,10 11,0
20009,'1176425',1209,,1618,24,0,10 11,0
20009,'1176552',1309,,1622,24,0,10 11,0
20009,'1176647',1709,,1623,24,0,10 11,0
14001609,'1175722',1120,,1882,26,,,0
14001609,'1175752',720,,1883,26,,,0
14001609,'1175760',2020,,1884,26,,,0
14001609,'1175908',850,,1888,26,,,0
14001609,'1175922',1220,,1889,26,,,0
14001609,'1175936',820,,1890,26,,,0
14001609,'1175986',1420,,1892,26,,,0
14001609,'1175988',1320,,1893,26,,,0
14001609,'1175989',1820,,1894,26,,,0
14001609,'1176015',920,,1896,26,,,0
14001609,'1176168',1320,,1898,26,,,0
14001609,'1176170',1550,,1899,26,,,0
14001609,'1176241',2120,,1900,26,,,0
14001609,'1176247',750,,1901,26,,,0
14001609,'1176270',2220,,1902,26,,,0
14001609,'1176280',1620,,1903,26,,,0
14001609,'1176296',1520,,1904,26,,,0
14001609,'1176309',2220,,1905,26,,,0
14001609,'1176320',1820,,1906,26,,,0
14001609,'1176381',1020,,1908,26,,,0
14001609,'1176402',2020,,1909,26,,,0
14001609,'1176421',820,,1910,26,,,0
14001609,'1176486',1750,,1911,26,,,0
14001609,'1176492',1120,,1912,26,,,0
14001609,'1176495',1920,,1913,26,,,0
14001609,'1176500',1620,,1914,26,,,0
14001609,'1176504',1720,,1915,26,,,0
14001609,'1176510',1520,,1916,26,,,0
14001609,'1176518',1650,,1917,26,,,0
14001609,'1176524',1020,,1918,26,,,0
14001609,'1176533',920,,1919,26,,,0
14001609,'1176577',2120,,1921,26,,,0
14001609,'1176602',1420,,1924,26,,,0
14001609,'1176621',1920,,1926,26,,,0
14001609,'1176627',1720,,1927,26,,,0
14001609,'1176666',720,,1928,6,,,0
14001609,'1176671',1220,,1929,26,,,0
