12009,'1175885',1805,,1519,38,0,18 7,0
12009,'1175923',1552,,1520,38,0,18 7,0
12009,'1175952',1352,,1521,38,0,18 7,0
12009,'1175971',1052,,1522,38,0,18 7,0
12009,'1176115',1152,,1524,38,0,18 7,0
12009,'1176305',1652,,1526,38,0,18 7,0
12009,'1176431',1452,,1528,38,0,18 7,0
12009,'1176538',952,,1530,38,0,18 7,0
12009,'1176625',1252,,1531,38,0,18 7,0
14001609,'1175722',1127,,1882,39,,,0
14001609,'1175752',727,,1883,39,,,0
14001609,'1175760',2027,,1884,39,,,0
14001609,'1175908',857,,1888,39,,,0
14001609,'1175922',1227,,1889,39,,,0
14001609,'1175936',827,,1890,39,,,0
14001609,'1175986',1427,,1892,39,,,0
14001609,'1175988',1327,,1893,39,,,0
14001609,'1175989',1827,,1894,39,,,0
14001609,'1176015',927,,1896,39,,,0
14001609,'1176168',1327,,1898,39,,,0
14001609,'1176170',1557,,1899,39,,,0
14001609,'1176241',2127,,1900,39,,,0
14001609,'1176247',757,,1901,39,,,0
14001609,'1176270',2227,,1902,39,,,0
14001609,'1176280',1627,,1903,39,,,0
14001609,'1176296',1527,,1904,39,,,0
14001609,'1176309',2227,,1905,39,,,0
14001609,'1176320',1827,,1906,39,,,0
14001609,'1176381',1027,,1908,39,,,0
14001609,'1176402',2027,,1909,39,,,0
14001609,'1176421',827,,1910,39,,,0
14001609,'1176486',1757,,1911,39,,,0
14001609,'1176492',1127,,1912,39,,,0
14001609,'1176495',1927,,1913,39,,,0
14001609,'1176500',1627,,1914,39,,,0
14001609,'1176504',1727,,1915,39,,,0
14001609,'1176510',1527,,1916,39,,,0
14001609,'1176518',1657,,1917,39,,,0
14001609,'1176524',1027,,1918,39,,,0
14001609,'1176533',927,,1919,39,,,0
14001609,'1176577',2127,,1921,39,,,0
14001609,'1176602',1427,,1924,39,,,0
14001609,'1176621',1927,,1926,39,,,0
14001609,'1176627',1727,,1927,39,,,0
14001609,'1176666',727,,1928,19,,,0
14001609,'1176671',1227,,1929,39,,,0
