11009,'1175771',1439,,1461,13,,,0
11009,'1175802',1739,,1462,13,,,0
11009,'1176133',1639,,1468,13,,,0
11009,'1176140',1039,,1469,13,,,0
11009,'1176188',1239,,1470,13,,,0
11009,'1176403',1139,,1472,13,,,0
11009,'1176448',939,,1473,13,,,0
11009,'1176583',1539,,1474,13,,,0
11009,'1176618',1339,,1475,13,,,0
14001009,'1175755',849,,1743,15,,,0
14001009,'1175787',1749,,1744,15,,,0
14001009,'1175798',1749,,1745,15,,,0
14001009,'1175806',1119,,1746,15,0,8 21,0
14001009,'1175825',1549,,1748,15,,,0
14001009,'1175826',1249,,1749,15,,,0
14001009,'1175836',1719,,1750,15,,,0
14001009,'1175840',1949,,1751,15,,,0
14001009,'1175865',1019,,1752,15,0,8 21,0
14001009,'1175890',1949,,1753,15,,,0
14001009,'1175905',2049,,1754,15,,,0
14001009,'1175937',1349,,1755,15,,,0
14001009,'1175943',1649,,1756,15,,,0
14001009,'1175962',2249,,1757,15,0,8 21,0
14001009,'1175995',1049,,1758,15,,,0
14001009,'1176008',719,,1759,15,,,0
14001009,'1176017',749,,1760,15,,,0
14001009,'1176075',1649,,1761,15,,,0
14001009,'1176104',2149,,1762,15,,,0
14001009,'1176141',1249,,1763,15,,,0
14001009,'1176158',1449,,1764,15,,,0
14001009,'1176181',919,,1765,15,0,8 21,0
14001009,'1176198',949,,1766,15,,,0
14001009,'1176208',2149,,1767,15,,,0
14001009,'1176215',1849,,1768,15,,,0
14001009,'1176225',1319,,1769,15,0,8 21,0
14001009,'1176249',1049,,1770,15,,,0
14001009,'1176269',2049,,1771,15,,,0
14001009,'1176278',2249,,1772,15,0,8 21,0
14001009,'1176300',1519,,1773,15,0,8 21,0
14001009,'1176311',949,,1774,15,,,0
14001009,'1176346',819,,1775,15,,,0
14001009,'1176365',849,,1776,15,,,0
14001009,'1176376',1549,,1777,15,,,0
14001009,'1176382',1149,,1778,15,,,0
14001009,'1176449',649,,1779,15,,,0
14001009,'1176452',1219,,1780,15,0,8 21,0
14001009,'1176545',749,,1781,15,,,0
14001009,'1176551',1349,,1782,15,,,0
14001009,'1176579',1619,,1783,15,,,0
14001009,'1176580',1149,,1784,15,,,0
14001009,'1176607',1849,,1785,15,,,0
14001009,'1176612',1819,,1786,15,0,8 21,0
14001009,'1176628',1419,,1787,15,0,8 21,0
14001009,'1176653',1449,,1788,15,,,0
