13009,'1175768',1411,,1533,23,0,19 15,0
13009,'1175851',1211,,1534,23,0,19 15,0
13009,'1175875',1311,,1535,23,0,19 15,0
13009,'1175888',1111,,1536,23,0,19 15,0
13009,'1176171',1511,,1538,23,0,19 15,0
13009,'1176184',911,,1539,23,0,19 15,0
13009,'1176223',1611,,1541,23,0,19 15,0
13009,'1176463',1011,,1547,23,0,19 15,0
13009,'1176497',1711,,1548,23,0,19 15,0
15009,'1175719',1728,,1569,34,0,20 15,0
15009,'1175730',1528,,1570,34,0,20 15,0
15009,'1175737',1328,,1571,34,0,20 15,0
15009,'1175828',1428,,1572,34,0,20 15,0
15009,'1175835',1028,,1573,34,0,20 15,0
15009,'1176048',1228,,1578,34,0,20 15,0
15009,'1176230',1628,,1580,34,0,20 15,0
15009,'1176301',928,,1582,34,0,20 15,0
15009,'1176568',1128,,1584,34,0,20 15,0
30009,'1175721',1638,,1661,17,,,0
30009,'1175727',1338,,1662,17,,,0
30009,'1175735',1438,,1664,17,,,0
30009,'1175749',1808,,1665,17,,,0
30009,'1175758',1538,,1666,17,,,0
30009,'1175761',1708,,1667,17,,,0
30009,'1175780',1838,,1669,17,,,0
30009,'1175796',938,,1670,17,,,0
30009,'1175817',1038,,1671,17,,,0
30009,'1175867',1238,,1672,17,,,0
30009,'1175878',838,,1673,17,,,0
30009,'1175911',1038,,1678,17,,,0
30009,'1175934',2138,,1680,17,,,0
30009,'1175959',738,,1682,17,,,0
30009,'1175964',908,,1683,17,,,0
30009,'1175972',1138,,1685,17,,,0
30009,'1175993',1008,,1686,17,,,0
30009,'1176061',1138,,1693,17,,,0
30009,'1176118',1838,,1697,17,,,0
30009,'1176121',1638,,1698,17,,,0
30009,'1176144',1538,,1699,17,,,0
30009,'1176232',1738,,1710,17,,,0
30009,'1176233',1938,,1711,17,,,0
30009,'1176333',1238,,1718,17,,,0
30009,'1176388',2038,,1720,17,,,0
30009,'1176404',1938,,1722,17,,,0
30009,'1176405',708,,1723,16,,,0
30009,'1176456',1738,,1728,17,,,0
30009,'1176480',938,,1730,17,,,0
30009,'1176489',738,,1731,16,,,0
30009,'1176494',808,,1732,17,,,0
30009,'1176499',1608,,1733,17,,,0
30009,'1176503',1438,,1734,17,,,0
30009,'1176511',2138,,1735,17,,,0
30009,'1176516',1338,,1736,17,,,0
30009,'1176633',838,,1741,17,,,0
30009,'1176649',2038,,1742,17,,,0
14001409,'1175733',1851,,1835,10,,,0
14001409,'1175775',1151,,1836,10,,,0
14001409,'1175776',2051,,1837,10,,,0
14001409,'1175786',1951,,1838,10,,,0
14001409,'1175790',1551,,1839,10,,,0
14001409,'1175803',1351,,1840,10,,,0
14001409,'1175809',921,,1841,10,,,0
14001409,'1175820',1451,,1842,10,,,0
14001409,'1175821',1151,,1843,10,,,0
14001409,'1175838',1121,,1844,10,,,0
14001409,'1175856',1051,,1845,10,,,0
14001409,'1175876',1551,,1846,10,,,0
14001409,'1175893',1851,,1847,10,,,0
14001409,'1175894',1721,,1848,10,,,0
14001409,'1175902',1621,,1849,10,,,0
14001409,'1175961',1251,,1850,10,,,0
14001409,'1175973',851,,1851,10,,,0
14001409,'1175975',1751,,1852,10,,,0
14001409,'1175979',1821,,1853,10,0,8 21,0
14001409,'1175999',821,,1854,10,,,0
14001409,'1176001',1021,,1855,10,,,0
14001409,'1176014',1051,,1856,10,,,0
14001409,'1176036',721,,1857,10,,,0
14001409,'1176047',1351,,1858,10,,,0
14001409,'1176050',2051,,1859,10,,,0
14001409,'1176071',1221,,1860,10,,,0
14001409,'1176160',1651,,1861,10,,,0
14001409,'1176250',751,,1862,10,,,0
14001409,'1176268',2151,,1863,10,,,0
14001409,'1176283',1321,,1864,10,,,0
14001409,'1176308',2151,,1866,10,,,0
14001409,'1176314',651,,1867,10,,,0
14001409,'1176393',951,,1869,10,,,0
14001409,'1176423',751,,1870,10,,,0
14001409,'1176476',1521,,1872,10,,,0
14001409,'1176485',951,,1873,10,,,0
14001409,'1176522',851,,1874,10,,,0
14001409,'1176556',1651,,1876,10,,,0
14001409,'1176558',1451,,1877,10,,,0
14001409,'1176598',1951,,1878,10,,,0
14001409,'1176631',1251,,1879,10,,,0
14001409,'1176643',1421,,1880,10,,,0
14001409,'1176681',1751,,1881,10,,,0
19001309,'1175728',902,,1978,55,,,0
19001309,'1175734',1532,,1979,55,,,0
19001309,'1175770',2032,,1980,55,,,0
19001309,'1175816',1832,,1982,55,,,0
19001309,'1175833',1732,,1983,55,,,0
19001309,'1175860',1402,,1984,55,,,0
19001309,'1175862',1132,,1985,55,,,0
19001309,'1175891',1202,,1986,55,,,0
19001309,'1175892',1002,,1987,55,,,0
19001309,'1175985',702,,1988,23,,,0
19001309,'1175994',932,,1989,55,,,0
19001309,'1176023',832,,1990,55,,,0
19001309,'1176034',1132,,1991,55,,,0
19001309,'1176044',1432,,1992,55,,,0
19001309,'1176064',1102,,1993,55,,,0
19001309,'1176125',1732,,1994,55,,,0
19001309,'1176139',1232,,1995,55,,,0
19001309,'1176167',2232,,1996,55,,,0
19001309,'1176182',1332,,1997,55,,,0
19001309,'1176185',802,,1998,55,,,0
19001309,'1176187',1332,,1999,55,,,0
19001309,'1176196',1232,,2000,55,,,0
19001309,'1176261',1032,,2001,55,,,0
19001309,'1176277',2132,,2002,55,,,0
19001309,'1176318',1432,,2003,55,,,0
19001309,'1176331',2032,,2004,55,,,0
19001309,'1176338',1932,,2005,55,,,0
19001309,'1176348',1602,,2006,55,,,0
19001309,'1176367',1632,,2007,55,,,0
19001309,'1176387',2232,,2008,55,,,0
19001309,'1176389',832,,2009,55,,,0
19001309,'1176392',732,,2010,55,,,0
19001309,'1176394',1632,,2011,55,,,0
19001309,'1176446',1832,,2012,55,,,0
19001309,'1176462',2132,,2013,55,,,0
19001309,'1176473',1932,,2014,55,,,0
19001309,'1176527',1032,,2015,55,,,0
19001309,'1176539',1702,,2016,55,,,0
19001309,'1176543',1502,,2017,55,,,0
19001309,'1176550',632,,2018,23,,,0
19001309,'1176567',932,,2019,55,,,0
19001309,'1176597',1532,,2020,55,,,0
19001309,'1176614',1302,,2021,55,,,0
19001309,'1176638',1802,,2022,55,,,0
19001309,'1176660',732,,2023,55,,,0
