11009,'1175771',1442,,1461,21,,,0
11009,'1175802',1742,,1462,21,,,0
11009,'1176133',1642,,1468,21,,,0
11009,'1176140',1042,,1469,21,,,0
11009,'1176188',1242,,1470,21,,,0
11009,'1176403',1142,,1472,21,,,0
11009,'1176448',942,,1473,21,,,0
11009,'1176583',1542,,1474,21,,,0
11009,'1176618',1342,,1475,21,,,0
14001009,'1175755',852,,1743,23,,,0
14001009,'1175787',1752,,1744,23,,,0
14001009,'1175798',1752,,1745,23,,,0
14001009,'1175806',1122,,1746,23,0,8 21,0
14001009,'1175825',1552,,1748,23,,,0
14001009,'1175826',1252,,1749,23,,,0
14001009,'1175836',1722,,1750,23,,,0
14001009,'1175840',1952,,1751,23,,,0
14001009,'1175865',1022,,1752,23,0,8 21,0
14001009,'1175890',1952,,1753,23,,,0
14001009,'1175905',2052,,1754,23,,,0
14001009,'1175937',1352,,1755,23,,,0
14001009,'1175943',1652,,1756,23,,,0
14001009,'1175962',2252,,1757,23,0,8 21,0
14001009,'1175995',1052,,1758,23,,,0
14001009,'1176008',722,,1759,23,,,0
14001009,'1176017',752,,1760,23,,,0
14001009,'1176075',1652,,1761,23,,,0
14001009,'1176104',2152,,1762,23,,,0
14001009,'1176141',1252,,1763,23,,,0
14001009,'1176158',1452,,1764,23,,,0
14001009,'1176181',922,,1765,23,0,8 21,0
14001009,'1176198',952,,1766,23,,,0
14001009,'1176208',2152,,1767,23,,,0
14001009,'1176215',1852,,1768,23,,,0
14001009,'1176225',1322,,1769,23,0,8 21,0
14001009,'1176249',1052,,1770,23,,,0
14001009,'1176269',2052,,1771,23,,,0
14001009,'1176278',2252,,1772,23,0,8 21,0
14001009,'1176300',1522,,1773,23,0,8 21,0
14001009,'1176311',952,,1774,23,,,0
14001009,'1176346',822,,1775,23,,,0
14001009,'1176365',852,,1776,23,,,0
14001009,'1176376',1552,,1777,23,,,0
14001009,'1176382',1152,,1778,23,,,0
14001009,'1176449',652,,1779,23,,,0
14001009,'1176452',1222,,1780,23,0,8 21,0
14001009,'1176545',752,,1781,23,,,0
14001009,'1176551',1352,,1782,23,,,0
14001009,'1176579',1622,,1783,23,,,0
14001009,'1176580',1152,,1784,23,,,0
14001009,'1176607',1852,,1785,23,,,0
14001009,'1176612',1822,,1786,23,0,8 21,0
14001009,'1176628',1422,,1787,23,0,8 21,0
14001009,'1176653',1452,,1788,23,,,0
