16009,'1175714',1313,,1587,29,,,0
16009,'1176136',1013,,1592,29,,,0
16009,'1176272',1413,,1595,29,,,0
16009,'1176282',913,,1596,29,,,0
16009,'1176290',1713,,1597,29,,,0
16009,'1176390',1213,,1598,29,,,0
16009,'1176528',1513,,1600,29,,,0
16009,'1176535',1613,,1601,29,,,0
16009,'1176682',1113,,1604,29,,,0
21609,'1175813',1933,,1624,31,,,0
21609,'1175831',735,,1625,32,,,0
21609,'1175857',1705,,1626,32,,,0
21609,'1175869',1735,,1627,32,,,0
21609,'1175916',1603,,1628,31,,,0
21609,'1175929',1333,,1629,31,,,0
21609,'1175966',1733,,1630,31,,,0
21609,'1175997',2133,,1631,31,,,0
21609,'1175998',933,,1632,31,,,0
21609,'1176028',1033,,1633,31,,,0
21609,'1176037',1833,,1634,31,,,0
21609,'1176041',1833,,1635,31,,,0
21609,'1176046',733,,1636,31,,,0
21609,'1176054',1635,,1637,32,,,0
21609,'1176067',705,,1638,32,,,0
21609,'1176111',1133,,1639,31,,,0
21609,'1176200',1433,,1640,31,,,0
21609,'1176207',2133,,1641,31,,,0
21609,'1176218',1133,,1642,31,,,0
21609,'1176289',1033,,1643,31,,,0
21609,'1176352',1233,,1644,31,,,0
21609,'1176395',1933,,1645,31,,,0
21609,'1176414',2033,,1646,31,,,0
21609,'1176430',1803,,1647,31,,,0
21609,'1176454',1633,,1648,31,,,0
21609,'1176460',833,,1649,31,,,0
21609,'1176467',1533,,1650,31,,,0
21609,'1176534',633,,1651,31,,,0
21609,'1176553',1233,,1652,31,,,0
21609,'1176576',933,,1653,31,,,0
21609,'1176651',833,,1654,31,,,0
21609,'1176656',1533,,1655,31,,,0
21609,'1176659',1433,,1656,31,,,0
21609,'1176663',1333,,1657,31,,,0
21609,'1176665',903,,1658,31,,,0
21609,'1176686',2033,,1659,31,,,0
21609,'1176690',803,,1660,31,,,0
