15009,'1175719',1659,,1569,5,0,20 15,0
15009,'1175730',1459,,1570,5,0,20 15,0
15009,'1175737',1259,,1571,5,0,20 15,0
15009,'1175828',1359,,1572,5,0,20 15,0
15009,'1175835',959,,1573,5,0,20 15,0
15009,'1176048',1159,,1578,5,0,20 15,0
15009,'1176230',1559,,1580,5,0,20 15,0
15009,'1176301',859,,1582,5,0,20 15,0
15009,'1176568',1059,,1584,5,0,20 15,0
19001509,'1175715',2118,,2024,30,,,0
19001509,'1175729',1018,,2025,30,,,0
19001509,'1175740',818,,2027,30,,,0
19001509,'1175741',1318,,2028,30,,,0
19001509,'1175778',1748,,2031,30,,,0
19001509,'1175793',1818,,2032,30,,,0
19001509,'1175801',818,,2033,30,,,0
19001509,'1175845',1348,,2034,30,,,0
19001509,'1175897',1448,,2035,30,,,0
19001509,'1175899',1218,,2036,30,,,0
19001509,'1175907',948,,2037,30,,,0
19001509,'1175925',1618,,2038,30,,,0
19001509,'1175932',1518,,2039,30,,,0
19001509,'1175953',1548,,2040,30,,,0
19001509,'1175965',648,,2041,5,,,0
19001509,'1175967',1048,,2042,30,,,0
19001509,'1175996',1648,,2043,30,,,0
19001509,'1176000',918,,2044,30,,,0
19001509,'1176049',1718,,2045,30,,,0
19001509,'1176055',1918,,2046,30,,,0
19001509,'1176057',1018,,2047,30,,,0
19001509,'1176073',748,,2048,30,,,0
19001509,'1176074',718,,2049,30,,,0
19001509,'1176085',1918,,2050,30,,,0
19001509,'1176090',2118,,2051,30,,,0
19001509,'1176092',1118,,2052,30,,,0
19001509,'1176093',918,,2053,30,,,0
19001509,'1176105',2018,,2054,30,,,0
19001509,'1176238',1518,,2055,30,,,0
19001509,'1176266',1148,,2056,30,,,0
19001509,'1176293',1418,,2057,30,,,0
19001509,'1176328',1248,,2058,30,,,0
19001509,'1176335',2018,,2059,30,,,0
19001509,'1176355',1618,,2061,30,,,0
19001509,'1176358',1318,,2062,30,,,0
19001509,'1176362',1818,,2063,30,,,0
19001509,'1176426',1118,,2064,30,,,0
19001509,'1176450',618,,2066,5,,,0
19001509,'1176496',1418,,2067,30,,,0
19001509,'1176536',718,,2068,30,,,0
19001509,'1176537',848,,2069,30,,,0
19001509,'1176684',1718,,2070,30,,,0
19001509,'1176689',1218,,2071,30,,,0
