14009,'1175724',1502,,1551,40,0,5 6 22,0
14009,'1175759',1302,,1552,40,0,5 6 22,0
14009,'1175767',1402,,1553,40,0,5 6 22,0
14009,'1175834',1602,,1557,40,0,5 6 22,0
14009,'1176178',1102,,1560,40,0,5 6 22,0
14009,'1176234',1815,,1561,40,0,5 6 22,0
14009,'1176418',1202,,1564,40,0,5 6 22,0
14009,'1176613',1702,,1566,40,0,5 6 22,0
14009,'1176636',1002,,1567,40,0,5 6 22,0
14001009,'1175755',933,,1743,55,,,0
14001009,'1175787',1833,,1744,55,,,0
14001009,'1175798',1833,,1745,55,,,0
14001009,'1175810',733,,1747,22,,,0
14001009,'1175825',1633,,1748,55,,,0
14001009,'1175826',1328,,1749,56,,,0
14001009,'1175836',1803,,1750,55,,,0
14001009,'1175840',2033,,1751,55,,,0
14001009,'1175890',2033,,1753,55,,,0
14001009,'1175905',2133,,1754,55,,,0
14001009,'1175937',1428,,1755,56,,,0
14001009,'1175943',1733,,1756,55,,,0
14001009,'1175995',1128,,1758,56,,,0
14001009,'1176008',803,,1759,55,,,0
14001009,'1176017',833,,1760,55,,,0
14001009,'1176075',1733,,1761,55,,,0
14001009,'1176104',2233,,1762,55,,,0
14001009,'1176141',1331,,1763,56,,,0
14001009,'1176158',1531,,1764,56,,,0
14001009,'1176198',1031,,1766,56,,,0
14001009,'1176208',2233,,1767,55,,,0
14001009,'1176215',1933,,1768,55,,,0
14001009,'1176249',1131,,1770,56,,,0
14001009,'1176269',2133,,1771,55,,,0
14001009,'1176311',1028,,1774,56,,,0
14001009,'1176346',903,,1775,55,,,0
14001009,'1176365',933,,1776,55,,,0
14001009,'1176376',1633,,1777,55,,,0
14001009,'1176382',1228,,1778,56,,,0
14001009,'1176449',733,,1779,55,,,0
14001009,'1176545',833,,1781,55,,,0
14001009,'1176551',1431,,1782,56,,,0
14001009,'1176579',1703,,1783,55,,,0
14001009,'1176580',1231,,1784,56,,,0
14001009,'1176607',1933,,1785,55,,,0
14001009,'1176653',1528,,1788,56,,,0
