20009,'1142328',1210,,824,27,0,10 11,0
20009,'1142408',1610,,826,27,0,10 11,0
20009,'1142433',1310,,827,27,0,10 11,0
20009,'1142523',1802,,829,27,0,10 11,0
20009,'1142550',1710,,830,27,0,10 11,0
20009,'1142625',1010,,832,27,0,10 11,0
20009,'1142679',1410,,833,27,0,10 11,0
20009,'1142802',1510,,835,27,0,10 11,0
20009,'1142825',1110,,836,27,0,10 11,0
19001509,'1142133',1654,,1156,15,,,0
19001509,'1142153',654,,1158,15,,,0
19001509,'1142160',954,,1159,15,,,0
19001509,'1142170',1454,,1160,15,,,0
19001509,'1142181',654,,1161,15,,,0
19001509,'1142183',1554,,1162,15,,,0
19001509,'1142185',1454,,1163,15,,,0
19001509,'1142201',824,,1164,15,,,0
19001509,'1142204',1254,,1165,15,,,0
19001509,'1142207',2154,,1166,15,0,12,0
19001509,'1142217',1054,,1167,15,,,0
19001509,'1142250',2054,,1168,15,,,0
19001509,'1142261',1224,,1169,15,,,0
19001509,'1142284',1024,,1170,15,,,0
19001509,'1142295',2254,,1171,15,0,12,0
19001509,'1142302',1754,,1172,15,,,0
19001509,'1142304',1824,,1173,15,0,12,0
19001509,'1142318',924,,1174,15,,,0
19001509,'1142351',1954,,1175,15,,,0
19001509,'1142376',1754,,1176,15,,,0
19001509,'1142422',1154,,1177,15,,,0
19001509,'1142427',754,,1178,15,,,0
19001509,'1142428',1624,,1179,15,,,0
19001509,'1142440',1254,,1180,15,,,0
19001509,'1142443',1954,,1181,15,,,0
19001509,'1142474',724,,1182,15,,,0
19001509,'1142476',1324,,1183,15,,,0
19001509,'1142512',1124,,1184,15,,,0
19001509,'1142514',1554,,1185,15,,,0
19001509,'1142532',2154,,1186,15,0,12,0
19001509,'1142587',1724,,1187,15,,,0
19001509,'1142615',1854,,1188,15,,,0
19001509,'1142630',1854,,1189,15,,,0
19001509,'1142653',1654,,1190,15,,,0
19001509,'1142655',854,,1191,15,,,0
19001509,'1142675',754,,1192,15,,,0
19001509,'1142699',2254,,1193,15,0,12,0
19001509,'1142725',1524,,1194,15,,,0
19001509,'1142736',1354,,1195,15,,,0
19001509,'1142755',1054,,1196,15,,,0
19001509,'1142799',1424,,1198,15,,,0
19001509,'1142808',2054,,1199,15,,,0
19001509,'1142818',1154,,1200,15,,,0
19001509,'1142823',1354,,1201,15,,,0
19001509,'1142868',854,,1202,15,,,0
19001509,'1142879',954,,1203,15,,,0
