12009,'1175885',1802,,1519,30,0,18 7,0
12009,'1175923',1549,,1520,30,0,18 7,0
12009,'1175952',1349,,1521,30,0,18 7,0
12009,'1175971',1049,,1522,30,0,18 7,0
12009,'1176115',1149,,1524,30,0,18 7,0
12009,'1176305',1649,,1526,30,0,18 7,0
12009,'1176431',1449,,1528,30,0,18 7,0
12009,'1176538',949,,1530,30,0,18 7,0
12009,'1176625',1249,,1531,30,0,18 7,0
14001609,'1175722',1123,,1882,31,,,0
14001609,'1175752',723,,1883,31,,,0
14001609,'1175760',2023,,1884,31,,,0
14001609,'1175908',853,,1888,31,,,0
14001609,'1175922',1223,,1889,31,,,0
14001609,'1175936',823,,1890,31,,,0
14001609,'1175986',1423,,1892,31,,,0
14001609,'1175988',1323,,1893,31,,,0
14001609,'1175989',1823,,1894,31,,,0
14001609,'1176015',923,,1896,31,,,0
14001609,'1176168',1323,,1898,31,,,0
14001609,'1176170',1553,,1899,31,,,0
14001609,'1176241',2123,,1900,31,,,0
14001609,'1176247',753,,1901,31,,,0
14001609,'1176270',2223,,1902,31,,,0
14001609,'1176280',1623,,1903,31,,,0
14001609,'1176296',1523,,1904,31,,,0
14001609,'1176309',2223,,1905,31,,,0
14001609,'1176320',1823,,1906,31,,,0
14001609,'1176381',1023,,1908,31,,,0
14001609,'1176402',2023,,1909,31,,,0
14001609,'1176421',823,,1910,31,,,0
14001609,'1176486',1753,,1911,31,,,0
14001609,'1176492',1123,,1912,31,,,0
14001609,'1176495',1923,,1913,31,,,0
14001609,'1176500',1623,,1914,31,,,0
14001609,'1176504',1723,,1915,31,,,0
14001609,'1176510',1523,,1916,31,,,0
14001609,'1176518',1653,,1917,31,,,0
14001609,'1176524',1023,,1918,31,,,0
14001609,'1176533',923,,1919,31,,,0
14001609,'1176577',2123,,1921,31,,,0
14001609,'1176602',1423,,1924,31,,,0
14001609,'1176621',1923,,1926,31,,,0
14001609,'1176627',1723,,1927,31,,,0
14001609,'1176666',723,,1928,11,,,0
14001609,'1176671',1223,,1929,31,,,0
