20009,'1175879',1440,,1605,10,0,10 11,0
20009,'1175940',1040,,1607,10,0,10 11,0
20009,'1176265',1540,,1612,10,0,10 11,0
20009,'1176319',1740,,1613,10,0,10 11,0
20009,'1176398',1340,,1615,10,0,10 11,0
20009,'1176408',940,,1616,10,0,10 11,0
20009,'1176425',1140,,1618,10,0,10 11,0
20009,'1176552',1240,,1622,10,0,10 11,0
20009,'1176647',1640,,1623,10,0,10 11,0
14001609,'1175722',1054,,1882,12,,,0
14001609,'1175752',654,,1883,12,,,0
14001609,'1175760',1954,,1884,12,,,0
14001609,'1175799',924,,1885,12,0,8 21,0
14001609,'1175804',1024,,1886,12,0,8 21,0
14001609,'1175908',824,,1888,12,,,0
14001609,'1175922',1154,,1889,12,,,0
14001609,'1175936',754,,1890,12,,,0
14001609,'1175982',1124,,1891,12,0,8 21,0
14001609,'1175986',1354,,1892,12,,,0
14001609,'1175988',1254,,1893,12,,,0
14001609,'1175989',1754,,1894,12,,,0
14001609,'1176010',1224,,1895,12,0,8 21,0
14001609,'1176015',854,,1896,12,,,0
14001609,'1176131',1324,,1897,12,0,8 21,0
14001609,'1176168',1254,,1898,12,,,0
14001609,'1176170',1524,,1899,12,,,0
14001609,'1176241',2054,,1900,12,,,0
14001609,'1176247',724,,1901,12,,,0
14001609,'1176270',2154,,1902,12,,,0
14001609,'1176280',1554,,1903,12,,,0
14001609,'1176296',1454,,1904,12,,,0
14001609,'1176309',2154,,1905,12,,,0
14001609,'1176320',1754,,1906,12,,,0
14001609,'1176374',1824,,1907,12,0,8 21,0
14001609,'1176381',954,,1908,12,,,0
14001609,'1176402',1954,,1909,12,,,0
14001609,'1176421',754,,1910,12,,,0
14001609,'1176486',1724,,1911,12,,,0
14001609,'1176492',1054,,1912,12,,,0
14001609,'1176495',1854,,1913,12,,,0
14001609,'1176500',1554,,1914,12,,,0
14001609,'1176504',1654,,1915,12,,,0
14001609,'1176510',1454,,1916,12,,,0
14001609,'1176518',1624,,1917,12,,,0
14001609,'1176524',954,,1918,12,,,0
14001609,'1176533',854,,1919,12,,,0
14001609,'1176577',2054,,1921,12,,,0
14001609,'1176593',1424,,1923,12,0,8 21,0
14001609,'1176602',1354,,1924,12,,,0
14001609,'1176621',1854,,1926,12,,,0
14001609,'1176627',1654,,1927,12,,,0
14001609,'1176671',1154,,1929,12,,,0
