14009,'1142177',1059,,766,36,,,0
14009,'1142342',1559,,771,36,,,0
14009,'1142362',1359,,772,36,,,0
14009,'1142406',959,,774,36,,,0
14009,'1142444',1259,,775,36,,,0
14009,'1142613',1812,,777,36,,,0
14009,'1142687',1659,,779,36,,,0
14009,'1142827',1459,,781,36,,,0
14009,'1142830',1159,,782,36,,,0
14001009,'1142143',1425,,875,52,,,0
14001009,'1142178',730,,876,51,,,0
14001009,'1142189',930,,877,51,,,0
14001009,'1142190',800,,878,51,,,0
14001009,'1142194',1525,,879,52,,,0
14001009,'1142216',1025,,880,52,,,0
14001009,'1142231',900,,881,51,,,0
14001009,'1142237',1428,,882,52,,,0
14001009,'1142279',1730,,883,51,,,0
14001009,'1142282',1325,,884,52,,,0
14001009,'1142286',930,,885,51,,,0
14001009,'1142290',2030,,886,51,,,0
14001009,'1142344',2130,,888,51,,,0
14001009,'1142360',1225,,889,52,,,0
14001009,'1142375',1125,,891,52,,,0
14001009,'1142459',1028,,894,52,,,0
14001009,'1142462',1630,,896,51,,,0
14001009,'1142479',1930,,897,51,,,0
14001009,'1142483',1528,,898,52,,,0
14001009,'1142508',1930,,900,51,,,0
14001009,'1142510',1630,,901,51,,,0
14001009,'1142538',1128,,903,52,,,0
14001009,'1142580',1830,,905,51,,,0
14001009,'1142619',2130,,906,51,,,0
14001009,'1142660',1700,,908,51,,,0
14001009,'1142682',830,,909,51,,,0
14001009,'1142715',2030,,910,51,,,0
14001009,'1142724',730,,911,18,,,0
14001009,'1142781',2230,,912,51,,,0
14001009,'1142787',1830,,913,51,,,0
14001009,'1142811',1228,,915,52,,,0
14001009,'1142812',1800,,916,51,,,0
14001009,'1142840',830,,917,51,,,0
14001009,'1142842',2230,,918,51,,,0
14001009,'1142843',1328,,919,52,,,0
14001009,'1142861',1730,,920,51,,,0
