12009,'1175885',1727,,1519,13,0,18 7,0
12009,'1175923',1527,,1520,13,0,18 7,0
12009,'1175952',1327,,1521,13,0,18 7,0
12009,'1175971',1027,,1522,13,0,18 7,0
12009,'1176115',1127,,1524,13,0,18 7,0
12009,'1176305',1627,,1526,13,0,18 7,0
12009,'1176431',1427,,1528,13,0,18 7,0
12009,'1176538',927,,1530,13,0,18 7,0
12009,'1176625',1227,,1531,13,0,18 7,0
19001309,'1175728',818,,1978,13,,,0
19001309,'1175734',1448,,1979,13,,,0
19001309,'1175770',1948,,1980,13,,,0
19001309,'1175814',1818,,1981,13,0,8 21,0
19001309,'1175816',1748,,1982,13,,,0
19001309,'1175833',1648,,1983,13,,,0
19001309,'1175860',1318,,1984,13,,,0
19001309,'1175862',1048,,1985,13,,,0
19001309,'1175891',1118,,1986,13,,,0
19001309,'1175892',918,,1987,13,,,0
19001309,'1175994',848,,1989,13,,,0
19001309,'1176023',748,,1990,13,,,0
19001309,'1176034',1048,,1991,13,,,0
19001309,'1176044',1348,,1992,13,,,0
19001309,'1176064',1018,,1993,13,,,0
19001309,'1176125',1648,,1994,13,,,0
19001309,'1176139',1148,,1995,13,,,0
19001309,'1176167',2148,,1996,13,,,0
19001309,'1176182',1248,,1997,13,,,0
19001309,'1176185',718,,1998,13,,,0
19001309,'1176187',1248,,1999,13,,,0
19001309,'1176196',1148,,2000,13,,,0
19001309,'1176261',948,,2001,13,,,0
19001309,'1176277',2048,,2002,13,,,0
19001309,'1176318',1348,,2003,13,,,0
19001309,'1176331',1948,,2004,13,,,0
19001309,'1176338',1848,,2005,13,,,0
19001309,'1176348',1518,,2006,13,,,0
19001309,'1176367',1548,,2007,13,,,0
19001309,'1176387',2148,,2008,13,,,0
19001309,'1176389',748,,2009,13,,,0
19001309,'1176392',648,,2010,13,,,0
19001309,'1176394',1548,,2011,13,,,0
19001309,'1176446',1748,,2012,13,,,0
19001309,'1176462',2048,,2013,13,,,0
19001309,'1176473',1848,,2014,13,,,0
19001309,'1176527',948,,2015,13,,,0
19001309,'1176539',1618,,2016,13,,,0
19001309,'1176543',1418,,2017,13,,,0
19001309,'1176567',848,,2019,13,,,0
19001309,'1176597',1448,,2020,13,,,0
19001309,'1176614',1218,,2021,13,,,0
19001309,'1176638',1718,,2022,13,,,0
19001309,'1176660',648,,2023,13,,,0
