16009,'1175714',1306,,1587,18,,,0
16009,'1176136',1006,,1592,18,,,0
16009,'1176272',1406,,1595,18,,,0
16009,'1176282',906,,1596,18,,,0
16009,'1176290',1706,,1597,18,,,0
16009,'1176390',1206,,1598,18,,,0
16009,'1176528',1506,,1600,18,,,0
16009,'1176535',1606,,1601,18,,,0
16009,'1176682',1106,,1604,18,,,0
21609,'1175813',1928,,1624,20,,,0
21609,'1175831',731,,1625,21,,,0
21609,'1175857',1701,,1626,21,,,0
21609,'1175869',1731,,1627,21,,,0
21609,'1175916',1558,,1628,20,,,0
21609,'1175929',1328,,1629,20,,,0
21609,'1175966',1728,,1630,20,,,0
21609,'1175997',2128,,1631,20,,,0
21609,'1175998',928,,1632,20,,,0
21609,'1176028',1028,,1633,20,,,0
21609,'1176037',1828,,1634,20,,,0
21609,'1176041',1828,,1635,20,,,0
21609,'1176046',728,,1636,20,,,0
21609,'1176054',1631,,1637,21,,,0
21609,'1176067',701,,1638,21,,,0
21609,'1176111',1128,,1639,20,,,0
21609,'1176200',1428,,1640,20,,,0
21609,'1176207',2128,,1641,20,,,0
21609,'1176218',1128,,1642,20,,,0
21609,'1176289',1028,,1643,20,,,0
21609,'1176352',1228,,1644,20,,,0
21609,'1176395',1928,,1645,20,,,0
21609,'1176414',2028,,1646,20,,,0
21609,'1176430',1758,,1647,20,,,0
21609,'1176454',1628,,1648,20,,,0
21609,'1176460',828,,1649,20,,,0
21609,'1176467',1528,,1650,20,,,0
21609,'1176534',628,,1651,20,,,0
21609,'1176553',1228,,1652,20,,,0
21609,'1176576',928,,1653,20,,,0
21609,'1176651',828,,1654,20,,,0
21609,'1176656',1528,,1655,20,,,0
21609,'1176659',1428,,1656,20,,,0
21609,'1176663',1328,,1657,20,,,0
21609,'1176665',858,,1658,20,,,0
21609,'1176686',2028,,1659,20,,,0
21609,'1176690',758,,1660,20,,,0
