13009,'1175768',1403,,1533,12,0,19 15,0
13009,'1175851',1203,,1534,12,0,19 15,0
13009,'1175875',1303,,1535,12,0,19 15,0
13009,'1175888',1103,,1536,12,0,19 15,0
13009,'1176171',1503,,1538,12,0,19 15,0
13009,'1176184',903,,1539,12,0,19 15,0
13009,'1176223',1603,,1541,12,0,19 15,0
13009,'1176463',1003,,1547,12,0,19 15,0
13009,'1176497',1703,,1548,12,0,19 15,0
19001309,'1175728',854,,1978,44,,,0
19001309,'1175734',1524,,1979,44,,,0
19001309,'1175770',2024,,1980,44,,,0
19001309,'1175816',1824,,1982,44,,,0
19001309,'1175833',1724,,1983,44,,,0
19001309,'1175860',1354,,1984,44,,,0
19001309,'1175862',1124,,1985,44,,,0
19001309,'1175891',1154,,1986,44,,,0
19001309,'1175892',954,,1987,44,,,0
19001309,'1175985',654,,1988,12,,,0
19001309,'1175994',924,,1989,44,,,0
19001309,'1176023',824,,1990,44,,,0
19001309,'1176034',1124,,1991,44,,,0
19001309,'1176044',1424,,1992,44,,,0
19001309,'1176064',1054,,1993,44,,,0
19001309,'1176125',1724,,1994,44,,,0
19001309,'1176139',1224,,1995,44,,,0
19001309,'1176167',2224,,1996,44,,,0
19001309,'1176182',1324,,1997,44,,,0
19001309,'1176185',754,,1998,44,,,0
19001309,'1176187',1324,,1999,44,,,0
19001309,'1176196',1224,,2000,44,,,0
19001309,'1176261',1024,,2001,44,,,0
19001309,'1176277',2124,,2002,44,,,0
19001309,'1176318',1424,,2003,44,,,0
19001309,'1176331',2024,,2004,44,,,0
19001309,'1176338',1924,,2005,44,,,0
19001309,'1176348',1554,,2006,44,,,0
19001309,'1176367',1624,,2007,44,,,0
19001309,'1176387',2224,,2008,44,,,0
19001309,'1176389',824,,2009,44,,,0
19001309,'1176392',724,,2010,44,,,0
19001309,'1176394',1624,,2011,44,,,0
19001309,'1176446',1824,,2012,44,,,0
19001309,'1176462',2124,,2013,44,,,0
19001309,'1176473',1924,,2014,44,,,0
19001309,'1176527',1024,,2015,44,,,0
19001309,'1176539',1654,,2016,44,,,0
19001309,'1176543',1454,,2017,44,,,0
19001309,'1176550',624,,2018,12,,,0
19001309,'1176567',924,,2019,44,,,0
19001309,'1176597',1524,,2020,44,,,0
19001309,'1176614',1254,,2021,44,,,0
19001309,'1176638',1754,,2022,44,,,0
19001309,'1176660',724,,2023,44,,,0
