13009,'1176096',1136,,1537,18,,,0
13009,'1176190',1536,,1540,18,,,0
13009,'1176224',1036,,1542,18,,,0
13009,'1176248',1736,,1543,18,,,0
13009,'1176271',1636,,1544,18,,,0
13009,'1176360',936,,1545,18,,,0
13009,'1176371',1236,,1546,18,,,0
13009,'1176623',1336,,1549,18,,,0
13009,'1176644',1436,,1550,18,,,0
14001209,'1175718',1627,,1789,18,,,0
14001209,'1175861',1857,,1790,18,,,0
14001209,'1175900',1727,,1791,18,,,0
14001209,'1175913',2257,,1792,18,0,8 21,0
14001209,'1175915',2057,,1793,18,,,0
14001209,'1175917',1427,,1794,18,,,0
14001209,'1175919',1957,,1795,18,,,0
14001209,'1175938',757,,1796,18,,,0
14001209,'1175939',1757,,1797,18,,,0
14001209,'1175983',2157,,1798,18,,,0
14001209,'1176007',1257,,1799,18,,,0
14001209,'1176012',1057,,1800,18,,,0
14001209,'1176069',857,,1801,18,,,0
14001209,'1176070',1157,,1802,18,,,0
14001209,'1176091',957,,1803,18,,,0
14001209,'1176103',957,,1805,18,,,0
14001209,'1176117',1157,,1806,18,,,0
14001209,'1176122',2257,,1807,18,0,8 21,0
14001209,'1176163',1857,,1808,18,,,0
14001209,'1176213',1057,,1809,18,,,0
14001209,'1176217',1557,,1810,18,,,0
14001209,'1176245',1757,,1811,18,,,0
14001209,'1176255',857,,1812,18,,,0
14001209,'1176275',1657,,1813,18,,,0
14001209,'1176323',1127,,1814,18,,,0
14001209,'1176336',1827,,1815,18,0,8 21,0
14001209,'1176343',1357,,1816,18,,,0
14001209,'1176354',1457,,1817,18,,,0
14001209,'1176378',1257,,1818,18,,,0
14001209,'1176401',727,,1819,18,,,0
14001209,'1176411',2057,,1820,18,,,0
14001209,'1176440',1457,,1821,18,,,0
14001209,'1176458',657,,1822,18,,,0
14001209,'1176470',1557,,1823,18,,,0
14001209,'1176472',1027,,1824,18,,,0
14001209,'1176483',1327,,1825,18,,,0
14001209,'1176488',1657,,1826,18,,,0
14001209,'1176515',1957,,1827,18,,,0
14001209,'1176526',927,,1828,18,,,0
14001209,'1176532',1227,,1829,18,,,0
14001209,'1176546',2157,,1830,18,,,0
14001209,'1176594',827,,1831,18,,,0
14001209,'1176599',1527,,1832,18,,,0
14001209,'1176626',757,,1833,18,,,0
14001209,'1176676',1357,,1834,18,,,0
