12009,'1175885',1728,,1519,14,0,18 7,0
12009,'1175923',1528,,1520,14,0,18 7,0
12009,'1175952',1328,,1521,14,0,18 7,0
12009,'1175971',1028,,1522,14,0,18 7,0
12009,'1176115',1128,,1524,14,0,18 7,0
12009,'1176305',1628,,1526,14,0,18 7,0
12009,'1176431',1428,,1528,14,0,18 7,0
12009,'1176538',928,,1530,14,0,18 7,0
12009,'1176625',1228,,1531,14,0,18 7,0
19001309,'1175728',819,,1978,14,,,0
19001309,'1175734',1449,,1979,14,,,0
19001309,'1175770',1949,,1980,14,,,0
19001309,'1175814',1819,,1981,14,0,8 21,0
19001309,'1175816',1749,,1982,14,,,0
19001309,'1175833',1649,,1983,14,,,0
19001309,'1175860',1319,,1984,14,,,0
19001309,'1175862',1049,,1985,14,,,0
19001309,'1175891',1119,,1986,14,,,0
19001309,'1175892',919,,1987,14,,,0
19001309,'1175994',849,,1989,14,,,0
19001309,'1176023',749,,1990,14,,,0
19001309,'1176034',1049,,1991,14,,,0
19001309,'1176044',1349,,1992,14,,,0
19001309,'1176064',1019,,1993,14,,,0
19001309,'1176125',1649,,1994,14,,,0
19001309,'1176139',1149,,1995,14,,,0
19001309,'1176167',2149,,1996,14,,,0
19001309,'1176182',1249,,1997,14,,,0
19001309,'1176185',719,,1998,14,,,0
19001309,'1176187',1249,,1999,14,,,0
19001309,'1176196',1149,,2000,14,,,0
19001309,'1176261',949,,2001,14,,,0
19001309,'1176277',2049,,2002,14,,,0
19001309,'1176318',1349,,2003,14,,,0
19001309,'1176331',1949,,2004,14,,,0
19001309,'1176338',1849,,2005,14,,,0
19001309,'1176348',1519,,2006,14,,,0
19001309,'1176367',1549,,2007,14,,,0
19001309,'1176387',2149,,2008,14,,,0
19001309,'1176389',749,,2009,14,,,0
19001309,'1176392',649,,2010,14,,,0
19001309,'1176394',1549,,2011,14,,,0
19001309,'1176446',1749,,2012,14,,,0
19001309,'1176462',2049,,2013,14,,,0
19001309,'1176473',1849,,2014,14,,,0
19001309,'1176527',949,,2015,14,,,0
19001309,'1176539',1619,,2016,14,,,0
19001309,'1176543',1419,,2017,14,,,0
19001309,'1176567',849,,2019,14,,,0
19001309,'1176597',1449,,2020,14,,,0
19001309,'1176614',1219,,2021,14,,,0
19001309,'1176638',1719,,2022,14,,,0
19001309,'1176660',649,,2023,14,,,0
