13009,'1176096',1139,,1537,21,,,0
13009,'1176190',1539,,1540,21,,,0
13009,'1176224',1039,,1542,21,,,0
13009,'1176248',1739,,1543,21,,,0
13009,'1176271',1639,,1544,21,,,0
13009,'1176360',939,,1545,21,,,0
13009,'1176371',1239,,1546,21,,,0
13009,'1176623',1339,,1549,21,,,0
13009,'1176644',1439,,1550,21,,,0
30009,'1175731',1711,,1663,21,,,0
30009,'1175895',1811,,1675,21,,,0
30009,'1175903',1511,,1676,21,,,0
30009,'1175906',1411,,1677,21,,,0
30009,'1175920',911,,1679,21,,,0
30009,'1175956',1211,,1681,21,,,0
30009,'1175968',1011,,1684,21,,,0
30009,'1176011',1511,,1687,21,,,0
30009,'1176018',941,,1688,21,,,0
30009,'1176021',1311,,1689,21,,,0
30009,'1176022',741,,1690,21,,,0
30009,'1176029',1011,,1691,21,,,0
30009,'1176062',1111,,1694,21,,,0
30009,'1176077',1111,,1695,21,,,0
30009,'1176102',1211,,1696,21,,,0
30009,'1176164',2011,,1700,21,,,0
30009,'1176165',2111,,1701,21,,,0
30009,'1176189',1811,,1704,21,,,0
30009,'1176197',841,,1705,21,,,0
30009,'1176210',2211,,1706,21,0,8 21,0
30009,'1176212',1411,,1707,21,,,0
30009,'1176214',1711,,1708,21,,,0
30009,'1176220',1041,,1709,21,0,8 21,0
30009,'1176253',1611,,1712,21,,,0
30009,'1176298',1611,,1714,21,,,0
30009,'1176304',1311,,1715,21,,,0
30009,'1176325',1641,,1716,21,,,0
30009,'1176329',1841,,1717,21,0,8 21,0
30009,'1176363',911,,1719,21,,,0
30009,'1176397',2211,,1721,21,0,8 21,0
30009,'1176439',2111,,1725,21,,,0
30009,'1176451',811,,1726,21,,,0
30009,'1176455',811,,1727,21,,,0
30009,'1176560',1911,,1737,21,,,0
30009,'1176569',1741,,1738,21,,,0
30009,'1176582',2011,,1739,21,,,0
30009,'1176588',1911,,1740,21,,,0
14001209,'1175718',1631,,1789,21,,,0
14001209,'1175861',1901,,1790,21,,,0
14001209,'1175900',1731,,1791,21,,,0
14001209,'1175913',2301,,1792,21,0,8 21,0
14001209,'1175915',2101,,1793,21,,,0
14001209,'1175917',1431,,1794,21,,,0
14001209,'1175919',2001,,1795,21,,,0
14001209,'1175938',801,,1796,21,,,0
14001209,'1175939',1801,,1797,21,,,0
14001209,'1175983',2201,,1798,21,,,0
14001209,'1176007',1301,,1799,21,,,0
14001209,'1176012',1101,,1800,21,,,0
14001209,'1176069',901,,1801,21,,,0
14001209,'1176070',1201,,1802,21,,,0
14001209,'1176091',1001,,1803,21,,,0
14001209,'1176103',1001,,1805,21,,,0
14001209,'1176117',1201,,1806,21,,,0
14001209,'1176122',2301,,1807,21,0,8 21,0
14001209,'1176163',1901,,1808,21,,,0
14001209,'1176213',1101,,1809,21,,,0
14001209,'1176217',1601,,1810,21,,,0
14001209,'1176245',1801,,1811,21,,,0
14001209,'1176255',901,,1812,21,,,0
14001209,'1176275',1701,,1813,21,,,0
14001209,'1176323',1131,,1814,21,,,0
14001209,'1176336',1831,,1815,21,0,8 21,0
14001209,'1176343',1401,,1816,21,,,0
14001209,'1176354',1501,,1817,21,,,0
14001209,'1176378',1301,,1818,21,,,0
14001209,'1176401',731,,1819,21,,,0
14001209,'1176411',2101,,1820,21,,,0
14001209,'1176440',1501,,1821,21,,,0
14001209,'1176458',701,,1822,21,,,0
14001209,'1176470',1601,,1823,21,,,0
14001209,'1176472',1031,,1824,21,,,0
14001209,'1176483',1331,,1825,21,,,0
14001209,'1176488',1701,,1826,21,,,0
14001209,'1176515',2001,,1827,21,,,0
14001209,'1176526',931,,1828,21,,,0
14001209,'1176532',1231,,1829,21,,,0
14001209,'1176546',2201,,1830,21,,,0
14001209,'1176594',831,,1831,21,,,0
14001209,'1176599',1531,,1832,21,,,0
14001209,'1176626',801,,1833,21,,,0
14001209,'1176676',1401,,1834,21,,,0
