14001609,'1142130',1846,,1014,2,,,0
14001609,'1142152',1546,,1015,2,,,0
14001609,'1142186',1846,,1016,2,,,0
14001609,'1142197',746,,1017,2,,,0
14001609,'1142215',2146,,1018,2,,,0
14001609,'1142219',1946,,1019,2,,,0
14001609,'1142224',1316,,1020,2,0,8 9,0
14001609,'1142234',1646,,1021,2,,,0
14001609,'1142239',1016,,1022,2,0,8 9,0
14001609,'1142240',816,,1023,2,,,0
14001609,'1142262',1446,,1025,2,,,0
14001609,'1142288',1746,,1027,2,,,0
14001609,'1142308',1816,,1028,2,0,8 9,0
14001609,'1142311',846,,1029,2,,,0
14001609,'1142313',1246,,1030,2,,,0
14001609,'1142401',1046,,1032,2,,,0
14001609,'1142452',1346,,1033,2,,,0
14001609,'1142468',1246,,1034,2,,,0
14001609,'1142473',1116,,1035,2,0,8 9,0
14001609,'1142480',1616,,1036,2,,,0
14001609,'1142540',646,,1038,2,,,0
14001609,'1142548',1646,,1039,2,,,0
14001609,'1142594',946,,1040,2,,,0
14001609,'1142614',1346,,1041,2,,,0
14001609,'1142631',846,,1042,2,,,0
14001609,'1142633',1746,,1043,2,,,0
14001609,'1142638',1716,,1044,2,,,0
14001609,'1142644',746,,1045,2,,,0
14001609,'1142658',2046,,1046,2,,,0
14001609,'1142677',946,,1047,2,,,0
14001609,'1142688',1146,,1048,2,,,0
14001609,'1142696',1946,,1049,2,,,0
14001609,'1142711',716,,1050,2,,,0
14001609,'1142717',1216,,1051,2,0,8 9,0
14001609,'1142739',1046,,1052,2,,,0
14001609,'1142758',2046,,1053,2,,,0
14001609,'1142803',916,,1054,2,0,8 9,0
14001609,'1142832',2146,,1055,2,,,0
14001609,'1142833',1516,,1056,2,,,0
14001609,'1142864',1446,,1057,2,,,0
14001609,'1142866',1546,,1058,2,,,0
14001609,'1142886',1416,,1060,2,0,8 9,0
14001609,'1142888',1146,,1061,2,,,0
