11009,'1142335',1537,,679,9,,,0
11009,'1142379',1037,,680,9,,,0
11009,'1142419',1437,,681,9,,,0
11009,'1142541',937,,682,9,,,0
11009,'1142671',1337,,686,9,,,0
11009,'1142693',1737,,687,9,,,0
11009,'1142705',1137,,688,9,,,0
11009,'1142723',1237,,689,9,,,0
11009,'1142862',1637,,691,9,,,0
14001009,'1142143',1347,,875,11,,,0
14001009,'1142178',647,,876,11,,,0
14001009,'1142189',847,,877,11,,,0
14001009,'1142190',717,,878,11,,,0
14001009,'1142194',1447,,879,11,,,0
14001009,'1142216',947,,880,11,,,0
14001009,'1142231',817,,881,11,,,0
14001009,'1142237',1347,,882,11,,,0
14001009,'1142279',1647,,883,11,,,0
14001009,'1142282',1247,,884,11,,,0
14001009,'1142286',847,,885,11,,,0
14001009,'1142290',1947,,886,11,,,0
14001009,'1142306',1017,,887,11,0,8 9,0
14001009,'1142344',2047,,888,11,,,0
14001009,'1142360',1147,,889,11,,,0
14001009,'1142369',2247,,890,11,0,8 9,0
14001009,'1142375',1047,,891,11,,,0
14001009,'1142407',1517,,892,11,0,8 9,0
14001009,'1142438',917,,893,11,0,8 9,0
14001009,'1142459',947,,894,11,,,0
14001009,'1142460',1117,,895,11,0,8 9,0
14001009,'1142462',1547,,896,11,,,0
14001009,'1142479',1847,,897,11,,,0
14001009,'1142483',1447,,898,11,,,0
14001009,'1142505',2247,,899,11,0,8 9,0
14001009,'1142508',1847,,900,11,,,0
14001009,'1142510',1547,,901,11,,,0
14001009,'1142517',1217,,902,11,0,8 9,0
14001009,'1142538',1047,,903,11,,,0
14001009,'1142556',1417,,904,11,0,8 9,0
14001009,'1142580',1747,,905,11,,,0
14001009,'1142619',2047,,906,11,,,0
14001009,'1142627',1817,,907,11,0,8 9,0
14001009,'1142660',1617,,908,11,,,0
14001009,'1142682',747,,909,11,,,0
14001009,'1142715',1947,,910,11,,,0
14001009,'1142781',2147,,912,11,,,0
14001009,'1142787',1747,,913,11,,,0
14001009,'1142798',1317,,914,11,0,8 9,0
14001009,'1142811',1147,,915,11,,,0
14001009,'1142812',1717,,916,11,,,0
14001009,'1142840',747,,917,11,,,0
14001009,'1142842',2147,,918,11,,,0
14001009,'1142843',1247,,919,11,,,0
14001009,'1142861',1647,,920,11,,,0
