15009,'1175719',1709,,1569,17,0,20 15,0
15009,'1175730',1509,,1570,17,0,20 15,0
15009,'1175737',1309,,1571,17,0,20 15,0
15009,'1175828',1409,,1572,17,0,20 15,0
15009,'1175835',1009,,1573,17,0,20 15,0
15009,'1176048',1209,,1578,17,0,20 15,0
15009,'1176230',1609,,1580,17,0,20 15,0
15009,'1176301',909,,1582,17,0,20 15,0
15009,'1176568',1109,,1584,17,0,20 15,0
30009,'1178820',1701,,2120,11,0,23 24 2 25,0
30009,'1178822',1401,,2122,14,0,23 24 2 26,0
30009,'1178823',801,,2123,14,0,23 24 2 26,0
30009,'1178824',901,,2124,14,0,23 24 2 26,0
30009,'1178825',1501,,2125,14,0,23 24 2 26,0
30009,'1178826',1531,,2126,11,0,23 24 2 25,0
30009,'1178827',1031,,2127,11,0,23 24 2 25,0
30009,'1178828',1031,,2128,11,0,23 24 2 25,0
30009,'1178829',701,,2129,10,0,23 24 2 25,0
30009,'1178830',1001,,2130,11,0,23 24 2 25,0
30009,'1178831',731,,2131,10,0,23 24 2 25,0
30009,'1178832',1031,,2132,14,0,8 9 2 26,0
30009,'1178833',1001,,2133,14,0,23 24 2 26,0
30009,'1178834',831,,2134,14,0,23 24 2 26,0
30009,'1178835',931,,2135,11,0,23 24 2 25,0
30009,'1178836',1831,,2136,11,0,23 24 2 25,0
30009,'1178837',1801,,2137,14,0,23 24 2 26,0
30009,'1178839',1201,,2139,14,0,23 24 2 26,0
30009,'1178840',2031,,2140,11,0,23 24 2 25,0
30009,'1178841',1131,,2141,11,0,23 24 2 25,0
30009,'1178842',1301,,2142,14,0,23 24 2 26,0
30009,'1178843',1631,,2143,11,0,23 24 2 25,0
30009,'1178844',731,,2144,14,0,23 24 2 26,0
30009,'1178845',831,,2145,11,0,23 24 2 25,0
30009,'1178846',1431,,2146,11,0,23 24 2 25,0
30009,'1178847',1801,,2147,11,0,23 24 2 25,0
30009,'1178849',1731,,2149,14,0,23 24 2 26,0
30009,'1178850',1001,,2150,14,0,23 24 2 26,0
30009,'1178851',901,,2151,14,0,23 24 2 26,0
30009,'1178852',2131,,2152,11,0,23 24 2 25,0
30009,'1178853',2001,,2153,14,0,23 24 2 26,0
30009,'1178854',1931,,2154,11,0,23 24 2 25,0
30009,'1178855',1501,,2155,14,0,23 24 2 26,0
30009,'1178856',2101,,2156,14,0,23 24 2 26,0
30009,'1178857',801,,2157,11,0,23 24 2 25,0
30009,'1178858',1901,,2158,14,0,23 24 2 26,0
30009,'1178859',1601,,2159,14,0,23 24 2 26,0
30009,'1178860',831,,2160,11,0,23 24 2 25,0
30009,'1178861',1231,,2161,11,0,23 24 2 25,0
30009,'1178862',1801,,2162,14,0,23 24 2 26,0
30009,'1178863',1331,,2163,11,0,23 24 2 25,0
30009,'1178864',1101,,2164,14,0,23 24 2 26,0
30009,'1178865',1531,,2165,11,0,23 24 2 25,0
30009,'1178866',2201,,2166,14,0,8 9 2 26,0
30009,'1178867',2101,,2167,14,0,23 24 2 26,0
30009,'1178868',1731,,2168,11,0,23 24 2 25,0
30009,'1178869',1731,,2169,11,0,23 24 2 25,0
30009,'1178870',1901,,2170,14,0,23 24 2 26,0
30009,'1178872',1401,,2172,14,0,23 24 2 26,0
30009,'1178873',1331,,2173,11,0,23 24 2 25,0
30009,'1178875',1201,,2175,14,0,23 24 2 26,0
30009,'1178877',2001,,2177,14,0,23 24 2 26,0
30009,'1178878',1631,,2178,14,0,23 24 2 26,0
30009,'1178879',1601,,2179,14,0,23 24 2 26,0
30009,'1178880',1131,,2180,11,0,23 24 2 25,0
30009,'1178881',1231,,2181,11,0,23 24 2 25,0
30009,'1178882',1831,,2182,11,0,23 24 2 25,0
30009,'1178883',1431,,2183,11,0,23 24 2 25,0
30009,'1178884',901,,2184,11,0,23 24 2 25,0
30009,'1178885',1931,,2185,11,0,23 24 2 25,0
30009,'1178886',931,,2186,11,0,23 24 2 25,0
30009,'1178887',2031,,2187,11,0,23 24 2 25,0
30009,'1178888',1101,,2188,14,0,23 24 2 26,0
30009,'1178889',1301,,2189,14,0,23 24 2 26,0
30009,'1178890',931,,2190,14,0,23 24 2 26,0
30009,'1178891',2201,,2191,14,0,8 9 2 26,0
30009,'1178892',1701,,2192,14,0,23 24 2 26,0
30009,'1178894',801,,2194,14,0,23 24 2 26,0
30009,'1178896',731,,2196,11,0,23 24 2 25,0
30009,'1178897',2131,,2197,11,0,23 24 2 25,0
30009,'1178898',1631,,2198,11,0,23 24 2 25,0
30009,'1178899',1601,,2199,11,0,23 24 2 25,0
30009,'1178900',1831,,2200,14,0,8 9 2 26,0
30009,'1178901',1701,,2201,14,0,23 24 2 26,0
