19001109,'1142212',1316,,1065,26,,,0
19001109,'1142241',1646,,1066,2,,,0
19001109,'1142263',616,,1072,5,,,0
19001109,'1142345',1216,,1078,26,,,0
19001109,'1142412',1416,,1081,26,,,0
19001109,'1142429',646,,1082,2,,,0
19001109,'1142436',1146,,1083,2,,,0
19001109,'1142503',1416,,1086,26,,,0
19001109,'1142533',1246,,1088,2,,,0
19001109,'1142554',1516,,1091,26,,,0
19001109,'1142579',1546,,1092,2,,,0
19001109,'1142582',1346,,1093,2,,,0
19001109,'1142583',1116,,1094,26,,,0
19001109,'1142588',1216,,1095,26,,,0
19001109,'1142606',1046,,1096,2,,,0
19001109,'1142664',1516,,1098,26,,,0
19001109,'1142729',1446,,1100,2,,,0
19001109,'1142756',1616,,1101,26,,,0
19001109,'1142845',1116,,1106,26,,,0
19001109,'1142860',1316,,1107,26,,,0
19001109,'1142880',1616,,1108,26,,,0
19001109,'1175791',2116,,1347,26,,,0
19001109,'1175792',1916,,1348,26,,,0
19001109,'1175853',1916,,1349,26,,,0
19001109,'1175887',1746,,1350,26,,,0
19001109,'1175950',716,,1351,26,,,0
19001109,'1175987',816,,1352,26,,,0
19001109,'1175992',1816,,1353,26,,,0
19001109,'1176020',716,,1354,26,,,0
19001109,'1176179',1816,,1355,26,,,0
19001109,'1176193',2016,,1356,26,,,0
19001109,'1176227',2116,,1357,26,,,0
19001109,'1176244',1716,,1358,26,,,0
19001109,'1176256',846,,1359,26,,,0
19001109,'1176310',916,,1360,26,,,0
19001109,'1176359',2016,,1361,26,,,0
19001109,'1176413',946,,1363,26,,,0
19001109,'1176424',1016,,1364,26,,,0
19001109,'1176436',1016,,1365,26,,,0
19001109,'1176437',916,,1366,26,,,0
19001109,'1176477',1716,,1368,26,,,0
19001109,'1176498',746,,1369,26,,,0
19001109,'1176505',2216,,1370,26,,,0
19001109,'1176514',816,,1371,26,,,0
19001109,'1176571',2216,,1372,26,,,0
19001709,'1142303',1346,,1211,2,,,0
19001709,'1142346',1546,,1214,2,,,0
19001709,'1142490',1146,,1221,2,,,0
19001709,'1142572',1046,,1231,2,,,0
19001709,'1142636',616,,1236,2,,,0
19001709,'1142727',1446,,1242,2,,,0
19001709,'1142751',1246,,1245,2,,,0
19001709,'1175723',916,,1419,35,,,0
19001709,'1175748',946,,1420,35,,,0
19001709,'1175763',1116,,1421,35,,,0
19001709,'1175781',1016,,1422,35,,,0
19001709,'1175795',746,,1423,35,,,0
19001709,'1175819',2116,,1424,35,,,0
19001709,'1175858',1916,,1425,35,,,0
19001709,'1175912',1816,,1427,35,,,0
19001709,'1175946',2116,,1428,35,,,0
19001709,'1176002',1416,,1429,35,,,0
19001709,'1176147',2016,,1431,35,,,0
19001709,'1176151',1516,,1432,35,,,0
19001709,'1176162',1216,,1433,35,,,0
19001709,'1176204',1616,,1434,35,,,0
19001709,'1176288',816,,1435,35,,,0
19001709,'1176339',1716,,1436,35,,,0
19001709,'1176366',716,,1437,35,,,0
19001709,'1176369',1616,,1438,35,,,0
19001709,'1176400',1116,,1439,35,,,0
19001709,'1176416',1916,,1440,35,,,0
19001709,'1176419',916,,1441,35,,,0
19001709,'1176422',1516,,1442,35,,,0
19001709,'1176428',1646,,1443,35,,,0
19001709,'1176461',1746,,1444,35,,,0
19001709,'1176465',2016,,1445,35,,,0
19001709,'1176481',1416,,1447,35,,,0
19001709,'1176493',646,,1448,35,,,0
19001709,'1176540',1016,,1449,35,,,0
19001709,'1176561',1716,,1450,35,,,0
19001709,'1176587',816,,1451,35,,,0
19001709,'1176600',1316,,1452,35,,,0
19001709,'1176606',1316,,1453,35,,,0
19001709,'1176634',716,,1454,35,,,0
19001709,'1176635',846,,1455,35,,,0
19001709,'1176664',1216,,1457,35,,,0
19001709,'1176670',1816,,1458,35,,,0
