14001209,'1175718',1701,,1789,46,,,0
14001209,'1175861',1931,,1790,46,,,0
14001209,'1175900',1801,,1791,46,,,0
14001209,'1175915',2131,,1793,46,,,0
14001209,'1175917',1501,,1794,46,,,0
14001209,'1175919',2031,,1795,46,,,0
14001209,'1175938',831,,1796,46,,,0
14001209,'1175939',1831,,1797,46,,,0
14001209,'1175983',2231,,1798,46,,,0
14001209,'1176007',1331,,1799,46,,,0
14001209,'1176012',1131,,1800,46,,,0
14001209,'1176069',931,,1801,46,,,0
14001209,'1176070',1231,,1802,46,,,0
14001209,'1176091',1031,,1803,46,,,0
14001209,'1176100',731,,1804,24,,,0
14001209,'1176103',1031,,1805,46,,,0
14001209,'1176117',1231,,1806,46,,,0
14001209,'1176163',1931,,1808,46,,,0
14001209,'1176213',1131,,1809,46,,,0
14001209,'1176217',1631,,1810,46,,,0
14001209,'1176245',1831,,1811,46,,,0
14001209,'1176255',931,,1812,46,,,0
14001209,'1176275',1731,,1813,46,,,0
14001209,'1176323',1201,,1814,46,,,0
14001209,'1176343',1431,,1816,46,,,0
14001209,'1176354',1531,,1817,46,,,0
14001209,'1176378',1331,,1818,46,,,0
14001209,'1176401',801,,1819,46,,,0
14001209,'1176411',2131,,1820,46,,,0
14001209,'1176440',1531,,1821,46,,,0
14001209,'1176458',731,,1822,46,,,0
14001209,'1176470',1631,,1823,46,,,0
14001209,'1176472',1101,,1824,46,,,0
14001209,'1176483',1401,,1825,46,,,0
14001209,'1176488',1731,,1826,46,,,0
14001209,'1176515',2031,,1827,46,,,0
14001209,'1176526',1001,,1828,46,,,0
14001209,'1176532',1301,,1829,46,,,0
14001209,'1176546',2231,,1830,46,,,0
14001209,'1176594',901,,1831,46,,,0
14001209,'1176599',1601,,1832,46,,,0
14001209,'1176626',831,,1833,46,,,0
14001209,'1176676',1431,,1834,46,,,0
