19001309,'1142849',1829,,1152,29,0,8 21,0
19001309,'1175725',659,,1374,29,,,0
19001309,'1175746',1259,,1375,29,,,0
19001309,'1175750',2159,,1376,29,,,0
19001309,'1175772',2059,,1378,29,,,0
19001309,'1175824',1959,,1379,29,,,0
19001309,'1175844',659,,1380,29,,,0
19001309,'1175930',1759,,1381,29,,,0
19001309,'1175941',1459,,1382,29,,,0
19001309,'1175974',1629,,1383,29,,,0
19001309,'1176027',1159,,1384,29,,,0
19001309,'1176051',1329,,1385,29,,,0
19001309,'1176056',1529,,1386,29,,,0
19001309,'1176072',859,,1387,29,,,0
19001309,'1176088',829,,1388,29,,,0
19001309,'1176113',959,,1389,29,,,0
19001309,'1176123',1459,,1390,29,,,0
19001309,'1176150',1659,,1391,29,,,0
19001309,'1176155',1729,,1392,29,,,0
19001309,'1176191',1859,,1393,29,,,0
19001309,'1176203',1959,,1394,29,,,0
19001309,'1176205',759,,1395,29,,,0
19001309,'1176216',729,,1396,29,,,0
19001309,'1176219',1559,,1397,29,,,0
19001309,'1176231',1259,,1398,29,,,0
19001309,'1176237',1159,,1399,29,,,0
19001309,'1176251',859,,1400,29,,,0
19001309,'1176267',1859,,1401,29,,,0
19001309,'1176327',2159,,1403,29,,,0
19001309,'1176330',1059,,1404,29,,,0
19001309,'1176347',1359,,1405,29,,,0
19001309,'1176350',1359,,1406,29,,,0
19001309,'1176372',929,,1407,29,,,0
19001309,'1176377',2059,,1408,29,,,0
19001309,'1176385',959,,1409,29,,,0
19001309,'1176484',1559,,1410,29,,,0
19001309,'1176487',1229,,1411,29,,,0
19001309,'1176502',1429,,1412,29,,,0
19001309,'1176565',1059,,1413,29,,,0
19001309,'1176609',1659,,1414,29,,,0
19001309,'1176622',1759,,1415,29,,,0
19001309,'1176667',759,,1416,29,,,0
19001309,'1176691',1129,,1417,29,,,0
19001309,'1176694',1029,,1418,29,,,0
