12009,'1142310',1401,,731,47,0,18 7,0
12009,'1142322',1701,,733,47,0,18 7,0
12009,'1142382',1814,,735,47,0,18 7,0
12009,'1142384',1601,,736,47,0,18 7,0
12009,'1142414',1001,,737,47,0,18 7,0
12009,'1142500',1301,,738,47,0,18 7,0
12009,'1142738',1501,,744,47,0,18 7,0
12009,'1142794',1201,,745,47,0,18 7,0
12009,'1142813',1101,,746,47,0,18 7,0
14001609,'1142130',1935,,1014,48,,,0
14001609,'1142152',1635,,1015,48,,,0
14001609,'1142186',1935,,1016,48,,,0
14001609,'1142197',835,,1017,48,,,0
14001609,'1142215',2235,,1018,48,,,0
14001609,'1142219',2035,,1019,48,,,0
14001609,'1142234',1735,,1021,48,,,0
14001609,'1142240',905,,1023,48,,,0
14001609,'1142254',705,,1024,5,,,0
14001609,'1142262',1535,,1025,48,,,0
14001609,'1142276',735,,1026,28,,,0
14001609,'1142288',1835,,1027,48,,,0
14001609,'1142311',935,,1029,48,,,0
14001609,'1142313',1335,,1030,48,,,0
14001609,'1142349',635,,1031,5,,,0
14001609,'1142401',1135,,1032,48,,,0
14001609,'1142452',1435,,1033,48,,,0
14001609,'1142468',1335,,1034,48,,,0
14001609,'1142480',1705,,1036,48,,,0
14001609,'1142487',608,,1037,5,,,0
14001609,'1142540',735,,1038,48,,,0
14001609,'1142548',1735,,1039,48,,,0
14001609,'1142594',1035,,1040,48,,,0
14001609,'1142614',1435,,1041,48,,,0
14001609,'1142631',935,,1042,48,,,0
14001609,'1142633',1835,,1043,48,,,0
14001609,'1142638',1805,,1044,48,,,0
14001609,'1142644',835,,1045,48,,,0
14001609,'1142658',2135,,1046,48,,,0
14001609,'1142677',1035,,1047,48,,,0
14001609,'1142688',1235,,1048,48,,,0
14001609,'1142696',2035,,1049,48,,,0
14001609,'1142711',805,,1050,48,,,0
14001609,'1142739',1135,,1052,48,,,0
14001609,'1142758',2135,,1053,48,,,0
14001609,'1142832',2235,,1055,48,,,0
14001609,'1142833',1605,,1056,48,,,0
14001609,'1142864',1535,,1057,48,,,0
14001609,'1142866',1635,,1058,48,,,0
14001609,'1142881',635,,1059,5,,,0
14001609,'1142888',1235,,1061,48,,,0
