14009,'1083726',1650,,92,26,,,0
14009,'1083733',1250,,93,26,,,0
14009,'1083894',950,,95,26,,,0
14009,'1083982',1450,,98,26,,,0
14009,'1084115',1550,,100,26,,,0
14009,'1084147',1150,,101,26,,,0
14009,'1084174',1050,,104,26,,,0
14009,'1084272',1803,,105,26,,,0
14009,'1084375',1350,,109,26,,,0
14001209,'1083697',1754,,248,36,,,0
14001209,'1083724',854,,250,36,,,0
14001209,'1083738',2224,,251,36,,,0
14001209,'1083756',1224,,252,36,,,0
14001209,'1083770',1524,,253,36,,,0
14001209,'1083781',1524,,254,36,,,0
14001209,'1083804',1024,,255,36,,,0
14001209,'1083812',1554,,256,36,,,0
14001209,'1083825',1424,,257,36,,,0
14001209,'1083828',924,,258,36,,,0
14001209,'1083832',1824,,259,36,,,0
14001209,'1083836',1654,,260,36,,,0
14001209,'1083837',1724,,261,36,,,0
14001209,'1083842',1054,,262,36,,,0
14001209,'1083858',1924,,263,36,,,0
14001209,'1083876',1124,,264,36,,,0
14001209,'1083895',2224,,265,36,,,0
14001209,'1083906',1454,,266,36,,,0
14001209,'1083907',1224,,267,36,,,0
14001209,'1083916',2124,,268,36,,,0
14001209,'1083935',1424,,269,36,,,0
14001209,'1083976',1124,,270,36,,,0
14001209,'1083988',1324,,271,36,,,0
14001209,'1083993',1154,,272,36,,,0
14001209,'1084000',1024,,273,36,,,0
14001209,'1084037',1824,,275,36,,,0
14001209,'1084075',1354,,276,36,,,0
14001209,'1084086',724,,277,36,,,0
14001209,'1084089',2024,,278,36,,,0
14001209,'1084099',1924,,279,36,,,0
14001209,'1084198',1624,,281,36,,,0
14001209,'1084227',1254,,282,36,,,0
14001209,'1084231',954,,283,36,,,0
14001209,'1084254',824,,284,36,,,0
14001209,'1084265',754,,285,36,,,0
14001209,'1084270',2124,,286,36,,,0
14001209,'1084287',1724,,287,36,,,0
14001209,'1084309',724,,288,14,,,0
14001209,'1084310',1624,,289,36,,,0
14001209,'1084331',824,,290,36,,,0
14001209,'1084345',924,,291,36,,,0
14001209,'1084350',1324,,292,36,,,0
14001209,'1084370',2024,,293,36,,,0
