13009,'1176096',1128,,1537,10,,,0
13009,'1176190',1528,,1540,10,,,0
13009,'1176224',1028,,1542,10,,,0
13009,'1176248',1728,,1543,10,,,0
13009,'1176271',1628,,1544,10,,,0
13009,'1176360',928,,1545,10,,,0
13009,'1176371',1228,,1546,10,,,0
13009,'1176623',1328,,1549,10,,,0
13009,'1176644',1428,,1550,10,,,0
14001209,'1175718',1622,,1789,10,,,0
14001209,'1175861',1852,,1790,10,,,0
14001209,'1175900',1722,,1791,10,,,0
14001209,'1175913',2252,,1792,10,0,8 21,0
14001209,'1175915',2052,,1793,10,,,0
14001209,'1175917',1422,,1794,10,,,0
14001209,'1175919',1952,,1795,10,,,0
14001209,'1175938',752,,1796,10,,,0
14001209,'1175939',1752,,1797,10,,,0
14001209,'1175983',2152,,1798,10,,,0
14001209,'1176007',1252,,1799,10,,,0
14001209,'1176012',1052,,1800,10,,,0
14001209,'1176069',852,,1801,10,,,0
14001209,'1176070',1152,,1802,10,,,0
14001209,'1176091',952,,1803,10,,,0
14001209,'1176103',952,,1805,10,,,0
14001209,'1176117',1152,,1806,10,,,0
14001209,'1176122',2252,,1807,10,0,8 21,0
14001209,'1176163',1852,,1808,10,,,0
14001209,'1176213',1052,,1809,10,,,0
14001209,'1176217',1552,,1810,10,,,0
14001209,'1176245',1752,,1811,10,,,0
14001209,'1176255',852,,1812,10,,,0
14001209,'1176275',1652,,1813,10,,,0
14001209,'1176323',1122,,1814,10,,,0
14001209,'1176336',1822,,1815,10,0,8 21,0
14001209,'1176343',1352,,1816,10,,,0
14001209,'1176354',1452,,1817,10,,,0
14001209,'1176378',1252,,1818,10,,,0
14001209,'1176401',722,,1819,10,,,0
14001209,'1176411',2052,,1820,10,,,0
14001209,'1176440',1452,,1821,10,,,0
14001209,'1176458',652,,1822,10,,,0
14001209,'1176470',1552,,1823,10,,,0
14001209,'1176472',1022,,1824,10,,,0
14001209,'1176483',1322,,1825,10,,,0
14001209,'1176488',1652,,1826,10,,,0
14001209,'1176515',1952,,1827,10,,,0
14001209,'1176526',922,,1828,10,,,0
14001209,'1176532',1222,,1829,10,,,0
14001209,'1176546',2152,,1830,10,,,0
14001209,'1176594',822,,1831,10,,,0
14001209,'1176599',1522,,1832,10,,,0
14001209,'1176626',752,,1833,10,,,0
14001209,'1176676',1352,,1834,10,,,0
