13009,'1175753',956,,1270,3,0,19 15,0
13009,'1175782',1156,,1271,3,0,19 15,0
13009,'1175783',856,,1272,3,0,19 15,0
13009,'1176089',1056,,1273,3,0,19 15,0
13009,'1176177',1256,,1274,3,0,19 15,0
13009,'1176441',1656,,1275,3,0,19 15,0
13009,'1176507',1456,,1276,3,0,19 15,0
13009,'1176529',1556,,1277,3,0,19 15,0
13009,'1176679',1356,,1278,3,0,19 15,0
20009,'1175726',1201,,1297,21,0,10 11,0
20009,'1175784',1601,,1298,21,0,10 11,0
20009,'1175818',1401,,1299,21,0,10 11,0
20009,'1175944',1753,,1300,21,0,10 11,0
20009,'1175945',1101,,1301,21,0,10 11,0
20009,'1176098',1501,,1302,21,0,10 11,0
20009,'1176169',1701,,1303,21,0,10 11,0
20009,'1176242',1001,,1304,21,0,10 11,0
20009,'1176491',1301,,1305,21,0,10 11,0
14001009,'1142143',1416,,875,36,,,0
14001009,'1142178',716,,876,36,,,0
14001009,'1142189',916,,877,36,,,0
14001009,'1142190',746,,878,36,,,0
14001009,'1142194',1516,,879,36,,,0
14001009,'1142216',1016,,880,36,,,0
14001009,'1142231',846,,881,36,,,0
14001009,'1142237',1416,,882,36,,,0
14001009,'1142279',1716,,883,36,,,0
14001009,'1142282',1316,,884,36,,,0
14001009,'1142286',916,,885,36,,,0
14001009,'1142290',2016,,886,36,,,0
14001009,'1142344',2116,,888,36,,,0
14001009,'1142360',1216,,889,36,,,0
14001009,'1142375',1116,,891,36,,,0
14001009,'1142459',1016,,894,36,,,0
14001009,'1142462',1616,,896,36,,,0
14001009,'1142479',1916,,897,36,,,0
14001009,'1142483',1516,,898,36,,,0
14001009,'1142508',1916,,900,36,,,0
14001009,'1142510',1616,,901,36,,,0
14001009,'1142538',1116,,903,36,,,0
14001009,'1142580',1816,,905,36,,,0
14001009,'1142619',2116,,906,36,,,0
14001009,'1142660',1646,,908,36,,,0
14001009,'1142682',816,,909,36,,,0
14001009,'1142715',2016,,910,36,,,0
14001009,'1142724',716,,911,3,,,0
14001009,'1142781',2216,,912,36,,,0
14001009,'1142787',1816,,913,36,,,0
14001009,'1142811',1216,,915,36,,,0
14001009,'1142812',1746,,916,36,,,0
14001009,'1142840',816,,917,36,,,0
14001009,'1142842',2216,,918,36,,,0
14001009,'1142843',1316,,919,36,,,0
14001009,'1142861',1716,,920,36,,,0
14001209,'1142139',1346,,921,25,,,0
14001209,'1142151',1216,,922,25,,,0
14001209,'1142158',1546,,923,25,,,0
14001209,'1142168',1446,,924,25,,,0
14001209,'1142228',1416,,925,25,,,0
14001209,'1142235',1116,,926,25,,,0
14001209,'1142256',1246,,927,25,,,0
14001209,'1142291',1716,,928,25,,,0
14001209,'1142293',1646,,929,25,,,0
14001209,'1142309',1046,,930,25,,,0
14001209,'1142370',816,,931,25,,,0
14001209,'1142423',1146,,933,25,,,0
14001209,'1142439',816,,934,25,,,0
14001209,'1142486',846,,935,25,,,0
14001209,'1142509',1516,,936,25,,,0
14001209,'1142542',1916,,937,25,,,0
14001209,'1142545',1116,,938,25,,,0
14001209,'1142567',1016,,939,25,,,0
14001209,'1142571',1716,,940,25,,,0
14001209,'1142573',1316,,941,25,,,0
14001209,'1142591',1816,,942,25,,,0
14001209,'1142598',916,,943,25,,,0
14001209,'1142600',746,,944,25,,,0
14001209,'1142650',2216,,945,25,,,0
14001209,'1142691',1816,,947,25,,,0
14001209,'1142694',1316,,948,25,,,0
14001209,'1142710',2216,,949,25,,,0
14001209,'1142733',716,,950,3,,,0
14001209,'1142742',716,,951,25,,,0
14001209,'1142760',946,,952,25,,,0
14001209,'1142766',1216,,953,25,,,0
14001209,'1142771',1746,,954,25,,,0
14001209,'1142778',1616,,955,25,,,0
14001209,'1142786',2116,,956,25,,,0
14001209,'1142797',2016,,957,25,,,0
14001209,'1142806',1416,,958,25,,,0
14001209,'1142817',1616,,960,25,,,0
14001209,'1142820',1916,,961,25,,,0
14001209,'1142837',916,,962,25,,,0
14001209,'1142854',1016,,963,25,,,0
14001209,'1142855',2116,,964,25,,,0
14001209,'1142858',1516,,965,25,,,0
14001209,'1142869',2016,,966,25,,,0
14001409,'1142132',1216,,967,24,,,0
14001409,'1142141',916,,968,24,,,0
14001409,'1142149',1716,,969,24,,,0
14001409,'1142155',1216,,970,24,,,0
14001409,'1142175',1316,,971,24,,,0
14001409,'1142179',1446,,972,24,,,0
14001409,'1142200',1416,,973,24,,,0
14001409,'1142203',2216,,974,24,,,0
14001409,'1142206',1916,,975,24,,,0
14001409,'1142211',746,,976,24,,,0
14001409,'1142248',646,,977,3,,,0
14001409,'1142253',1016,,978,24,,,0
14001409,'1142257',2016,,979,24,,,0
14001409,'1142272',1916,,980,24,,,0
14001409,'1142298',916,,981,24,,,0
14001409,'1142299',1716,,982,24,,,0
14001409,'1142338',1616,,983,24,,,0
14001409,'1142361',2116,,984,24,,,0
14001409,'1142371',1246,,985,24,,,0
14001409,'1142372',716,,986,3,,,0
14001409,'1142373',1746,,987,24,,,0
14001409,'1142381',2116,,988,24,,,0
14001409,'1142416',716,,989,24,,,0
14001409,'1142418',1516,,990,24,,,0
14001409,'1142456',1116,,992,24,,,0
14001409,'1142477',1146,,993,24,,,0
14001409,'1142481',1646,,994,24,,,0
14001409,'1142488',1546,,995,24,,,0
14001409,'1142526',1316,,996,24,,,0
14001409,'1142560',1516,,998,24,,,0
14001409,'1142562',1416,,999,24,,,0
14001409,'1142611',1346,,1000,24,,,0
14001409,'1142629',946,,1001,24,,,0
14001409,'1142639',1816,,1002,24,,,0
14001409,'1142654',1616,,1003,24,,,0
14001409,'1142701',816,,1004,24,,,0
14001409,'1142714',1016,,1005,24,,,0
14001409,'1142752',2016,,1007,24,,,0
14001409,'1142757',816,,1008,24,,,0
14001409,'1142821',2216,,1009,24,,,0
14001409,'1142851',1116,,1010,24,,,0
14001409,'1142870',1046,,1011,24,,,0
14001409,'1142874',1816,,1012,24,,,0
14001409,'1142883',846,,1013,24,,,0
14001609,'1175743',716,,1306,23,,,0
14001609,'1175762',816,,1307,23,,,0
14001609,'1175785',1016,,1308,23,,,0
14001609,'1175815',746,,1309,23,,,0
14001609,'1175849',916,,1310,23,,,0
14001609,'1175881',916,,1311,23,,,0
14001609,'1175882',716,,1312,3,,,0
14001609,'1175901',1316,,1313,23,,,0
14001609,'1175909',846,,1314,23,,,0
14001609,'1175926',1216,,1315,23,,,0
14001609,'1175981',1746,,1316,23,,,0
14001609,'1176005',2216,,1317,23,,,0
14001609,'1176019',1916,,1318,23,,,0
14001609,'1176030',1416,,1319,23,,,0
14001609,'1176078',1716,,1321,23,,,0
14001609,'1176081',2016,,1322,23,,,0
14001609,'1176129',1516,,1323,23,,,0
14001609,'1176134',2116,,1325,23,,,0
14001609,'1176154',2116,,1326,23,,,0
14001609,'1176172',1616,,1327,23,,,0
14001609,'1176186',1646,,1328,23,,,0
14001609,'1176192',2216,,1329,23,,,0
14001609,'1176206',1316,,1330,23,,,0
14001609,'1176260',1416,,1331,23,,,0
14001609,'1176285',1816,,1332,23,,,0
14001609,'1176332',1816,,1334,23,,,0
14001609,'1176457',1116,,1335,23,,,0
14001609,'1176506',1916,,1336,23,,,0
14001609,'1176531',2016,,1337,23,,,0
14001609,'1176542',1546,,1338,23,,,0
14001609,'1176555',1216,,1339,23,,,0
14001609,'1176566',1116,,1340,23,,,0
14001609,'1176590',1016,,1341,23,,,0
14001609,'1176615',1516,,1342,23,,,0
14001609,'1176650',1616,,1343,23,,,0
14001609,'1176683',1716,,1344,23,,,0
14001609,'1176688',816,,1345,23,,,0
19001309,'1175725',716,,1374,35,,,0
19001309,'1175746',1316,,1375,35,,,0
19001309,'1175750',2216,,1376,35,,,0
19001309,'1175754',616,,1377,3,,,0
19001309,'1175772',2116,,1378,35,,,0
19001309,'1175824',2016,,1379,35,,,0
19001309,'1175844',716,,1380,35,,,0
19001309,'1175930',1816,,1381,35,,,0
19001309,'1175941',1516,,1382,35,,,0
19001309,'1175974',1646,,1383,35,,,0
19001309,'1176027',1216,,1384,35,,,0
19001309,'1176051',1346,,1385,35,,,0
19001309,'1176056',1546,,1386,35,,,0
19001309,'1176072',916,,1387,35,,,0
19001309,'1176088',846,,1388,35,,,0
19001309,'1176113',1016,,1389,35,,,0
19001309,'1176123',1516,,1390,35,,,0
19001309,'1176150',1716,,1391,35,,,0
19001309,'1176155',1746,,1392,35,,,0
19001309,'1176191',1916,,1393,35,,,0
19001309,'1176203',2016,,1394,35,,,0
19001309,'1176205',816,,1395,35,,,0
19001309,'1176216',746,,1396,35,,,0
19001309,'1176219',1616,,1397,35,,,0
19001309,'1176231',1316,,1398,35,,,0
19001309,'1176237',1216,,1399,35,,,0
19001309,'1176251',916,,1400,35,,,0
19001309,'1176267',1916,,1401,35,,,0
19001309,'1176294',646,,1402,3,,,0
19001309,'1176327',2216,,1403,35,,,0
19001309,'1176330',1116,,1404,35,,,0
19001309,'1176347',1416,,1405,35,,,0
19001309,'1176350',1416,,1406,35,,,0
19001309,'1176372',946,,1407,35,,,0
19001309,'1176377',2116,,1408,35,,,0
19001309,'1176385',1016,,1409,35,,,0
19001309,'1176484',1616,,1410,35,,,0
19001309,'1176487',1246,,1411,35,,,0
19001309,'1176502',1446,,1412,35,,,0
19001309,'1176565',1116,,1413,35,,,0
19001309,'1176609',1716,,1414,35,,,0
19001309,'1176622',1816,,1415,35,,,0
19001309,'1176667',816,,1416,35,,,0
19001309,'1176691',1146,,1417,35,,,0
19001309,'1176694',1046,,1418,35,,,0
