14001409,'1142132',1241,,967,47,,,0
14001409,'1142141',941,,968,47,,,0
14001409,'1142149',1741,,969,47,,,0
14001409,'1142155',1239,,970,47,,,0
14001409,'1142175',1339,,971,47,,,0
14001409,'1142179',1511,,972,47,,,0
14001409,'1142200',1441,,973,47,,,0
14001409,'1142203',2239,,974,47,,,0
14001409,'1142206',1939,,975,47,,,0
14001409,'1142211',811,,976,47,,,0
14001409,'1142248',711,,977,26,,,0
14001409,'1142253',1041,,978,47,,,0
14001409,'1142257',2039,,979,47,,,0
14001409,'1142272',1941,,980,47,,,0
14001409,'1142298',939,,981,47,,,0
14001409,'1142299',1739,,982,47,,,0
14001409,'1142338',1639,,983,47,,,0
14001409,'1142361',2139,,984,47,,,0
14001409,'1142371',1311,,985,47,,,0
14001409,'1142372',739,,986,26,,,0
14001409,'1142373',1811,,987,47,,,0
14001409,'1142381',2141,,988,47,,,0
14001409,'1142416',741,,989,47,,,0
14001409,'1142418',1541,,990,47,,,0
14001409,'1142456',1139,,992,47,,,0
14001409,'1142477',1211,,993,47,,,0
14001409,'1142481',1711,,994,47,,,0
14001409,'1142488',1611,,995,47,,,0
14001409,'1142526',1341,,996,47,,,0
14001409,'1142544',639,,997,19,,,0
14001409,'1142560',1539,,998,47,,,0
14001409,'1142562',1439,,999,47,,,0
14001409,'1142611',1411,,1000,47,,,0
14001409,'1142629',1011,,1001,47,,,0
14001409,'1142639',1839,,1002,47,,,0
14001409,'1142654',1641,,1003,47,,,0
14001409,'1142701',841,,1004,47,,,0
14001409,'1142714',1039,,1005,47,,,0
14001409,'1142737',641,,1006,19,,,0
14001409,'1142752',2041,,1007,47,,,0
14001409,'1142757',839,,1008,47,,,0
14001409,'1142821',2241,,1009,47,,,0
14001409,'1142851',1141,,1010,47,,,0
14001409,'1142870',1111,,1011,47,,,0
14001409,'1142874',1841,,1012,47,,,0
14001409,'1142883',911,,1013,47,,,0
