14009,'1175724',1500,,1551,37,0,5 6 22,0
14009,'1175759',1300,,1552,37,0,5 6 22,0
14009,'1175767',1400,,1553,37,0,5 6 22,0
14009,'1175834',1600,,1557,37,0,5 6 22,0
14009,'1176178',1100,,1560,37,0,5 6 22,0
14009,'1176234',1813,,1561,37,0,5 6 22,0
14009,'1176418',1200,,1564,37,0,5 6 22,0
14009,'1176613',1700,,1566,37,0,5 6 22,0
14009,'1176636',1000,,1567,37,0,5 6 22,0
14001009,'1175755',931,,1743,52,,,0
14001009,'1175787',1831,,1744,52,,,0
14001009,'1175798',1831,,1745,52,,,0
14001009,'1175810',731,,1747,19,,,0
14001009,'1175825',1631,,1748,52,,,0
14001009,'1175826',1326,,1749,53,,,0
14001009,'1175836',1801,,1750,52,,,0
14001009,'1175840',2031,,1751,52,,,0
14001009,'1175890',2031,,1753,52,,,0
14001009,'1175905',2131,,1754,52,,,0
14001009,'1175937',1426,,1755,53,,,0
14001009,'1175943',1731,,1756,52,,,0
14001009,'1175995',1126,,1758,53,,,0
14001009,'1176008',801,,1759,52,,,0
14001009,'1176017',831,,1760,52,,,0
14001009,'1176075',1731,,1761,52,,,0
14001009,'1176104',2231,,1762,52,,,0
14001009,'1176141',1329,,1763,53,,,0
14001009,'1176158',1529,,1764,53,,,0
14001009,'1176198',1029,,1766,53,,,0
14001009,'1176208',2231,,1767,52,,,0
14001009,'1176215',1931,,1768,52,,,0
14001009,'1176249',1129,,1770,53,,,0
14001009,'1176269',2131,,1771,52,,,0
14001009,'1176311',1026,,1774,53,,,0
14001009,'1176346',901,,1775,52,,,0
14001009,'1176365',931,,1776,52,,,0
14001009,'1176376',1631,,1777,52,,,0
14001009,'1176382',1226,,1778,53,,,0
14001009,'1176449',731,,1779,52,,,0
14001009,'1176545',831,,1781,52,,,0
14001009,'1176551',1429,,1782,53,,,0
14001009,'1176579',1701,,1783,52,,,0
14001009,'1176580',1229,,1784,53,,,0
14001009,'1176607',1931,,1785,52,,,0
14001009,'1176653',1526,,1788,53,,,0
