19001509,'1083702',1421,,487,11,,,0
19001509,'1083710',1551,,488,11,,,0
19001509,'1083729',1151,,489,11,,,0
19001509,'1083731',821,,490,11,,,0
19001509,'1083760',1951,,491,11,,,0
19001509,'1083772',751,,492,11,,,0
19001509,'1083789',1521,,493,11,,,0
19001509,'1083800',2051,,494,11,,,0
19001509,'1083805',1221,,495,11,,,0
19001509,'1083822',1321,,496,11,,,0
19001509,'1083829',1751,,497,11,,,0
19001509,'1083830',1351,,498,11,,,0
19001509,'1083852',2151,,499,11,0,12,0
19001509,'1083856',1851,,500,11,,,0
19001509,'1083862',1551,,501,11,,,0
19001509,'1083872',1051,,502,11,,,0
19001509,'1083875',2251,,503,11,0,12,0
19001509,'1083878',921,,504,11,,,0
19001509,'1083886',951,,505,11,,,0
19001509,'1083890',1151,,506,11,,,0
19001509,'1083898',1651,,507,11,,,0
19001509,'1083964',1721,,509,11,,,0
19001509,'1084023',651,,510,11,,,0
19001509,'1084031',651,,511,11,,,0
19001509,'1084038',1021,,512,11,,,0
19001509,'1084062',1751,,513,11,,,0
19001509,'1084080',1951,,514,11,,,0
19001509,'1084094',2051,,515,11,,,0
19001509,'1084116',1351,,516,11,,,0
19001509,'1084135',721,,517,11,,,0
19001509,'1084184',1251,,518,11,,,0
19001509,'1084188',1051,,519,11,,,0
19001509,'1084197',1851,,520,11,,,0
19001509,'1084202',1451,,521,11,,,0
19001509,'1084225',751,,522,11,,,0
19001509,'1084228',1451,,523,11,,,0
19001509,'1084234',1821,,524,11,0,12,0
19001509,'1084246',1121,,525,11,,,0
19001509,'1084266',851,,526,11,,,0
19001509,'1084275',2151,,527,11,0,12,0
19001509,'1084278',2251,,528,11,0,12,0
19001509,'1084332',1621,,530,11,,,0
19001509,'1084358',1651,,531,11,,,0
19001509,'1084364',851,,532,11,,,0
19001509,'1084377',951,,533,11,,,0
19001509,'1084382',1251,,534,11,,,0
