12009,'1175885',1732,,1519,16,0,18 7,0
12009,'1175923',1532,,1520,16,0,18 7,0
12009,'1175952',1332,,1521,16,0,18 7,0
12009,'1175971',1032,,1522,16,0,18 7,0
12009,'1176115',1132,,1524,16,0,18 7,0
12009,'1176305',1632,,1526,16,0,18 7,0
12009,'1176431',1432,,1528,16,0,18 7,0
12009,'1176538',932,,1530,16,0,18 7,0
12009,'1176625',1232,,1531,16,0,18 7,0
19001309,'1175728',821,,1978,16,,,0
19001309,'1175734',1451,,1979,16,,,0
19001309,'1175770',1951,,1980,16,,,0
19001309,'1175814',1821,,1981,16,0,8 21,0
19001309,'1175816',1751,,1982,16,,,0
19001309,'1175833',1651,,1983,16,,,0
19001309,'1175860',1321,,1984,16,,,0
19001309,'1175862',1051,,1985,16,,,0
19001309,'1175891',1121,,1986,16,,,0
19001309,'1175892',921,,1987,16,,,0
19001309,'1175994',851,,1989,16,,,0
19001309,'1176023',751,,1990,16,,,0
19001309,'1176034',1051,,1991,16,,,0
19001309,'1176044',1351,,1992,16,,,0
19001309,'1176064',1021,,1993,16,,,0
19001309,'1176125',1651,,1994,16,,,0
19001309,'1176139',1151,,1995,16,,,0
19001309,'1176167',2151,,1996,16,,,0
19001309,'1176182',1251,,1997,16,,,0
19001309,'1176185',721,,1998,16,,,0
19001309,'1176187',1251,,1999,16,,,0
19001309,'1176196',1151,,2000,16,,,0
19001309,'1176261',951,,2001,16,,,0
19001309,'1176277',2051,,2002,16,,,0
19001309,'1176318',1351,,2003,16,,,0
19001309,'1176331',1951,,2004,16,,,0
19001309,'1176338',1851,,2005,16,,,0
19001309,'1176348',1521,,2006,16,,,0
19001309,'1176367',1551,,2007,16,,,0
19001309,'1176387',2151,,2008,16,,,0
19001309,'1176389',751,,2009,16,,,0
19001309,'1176392',651,,2010,16,,,0
19001309,'1176394',1551,,2011,16,,,0
19001309,'1176446',1751,,2012,16,,,0
19001309,'1176462',2051,,2013,16,,,0
19001309,'1176473',1851,,2014,16,,,0
19001309,'1176527',951,,2015,16,,,0
19001309,'1176539',1621,,2016,16,,,0
19001309,'1176543',1421,,2017,16,,,0
19001309,'1176567',851,,2019,16,,,0
19001309,'1176597',1451,,2020,16,,,0
19001309,'1176614',1221,,2021,16,,,0
19001309,'1176638',1721,,2022,16,,,0
19001309,'1176660',651,,2023,16,,,0
