14001609,'1175743',723,,1306,31,,,0
14001609,'1175762',823,,1307,31,,,0
14001609,'1175785',1023,,1308,31,,,0
14001609,'1175815',753,,1309,31,,,0
14001609,'1175849',923,,1310,31,,,0
14001609,'1175881',923,,1311,31,,,0
14001609,'1175882',723,,1312,11,,,0
14001609,'1175901',1323,,1313,31,,,0
14001609,'1175909',853,,1314,31,,,0
14001609,'1175926',1223,,1315,31,,,0
14001609,'1175981',1753,,1316,31,,,0
14001609,'1176005',2223,,1317,31,,,0
14001609,'1176019',1923,,1318,31,,,0
14001609,'1176030',1423,,1319,31,,,0
14001609,'1176078',1723,,1321,31,,,0
14001609,'1176081',2023,,1322,31,,,0
14001609,'1176129',1523,,1323,31,,,0
14001609,'1176134',2123,,1325,31,,,0
14001609,'1176154',2123,,1326,31,,,0
14001609,'1176172',1623,,1327,31,,,0
14001609,'1176186',1653,,1328,31,,,0
14001609,'1176192',2223,,1329,31,,,0
14001609,'1176206',1323,,1330,31,,,0
14001609,'1176260',1423,,1331,31,,,0
14001609,'1176285',1823,,1332,31,,,0
14001609,'1176332',1823,,1334,31,,,0
14001609,'1176457',1123,,1335,31,,,0
14001609,'1176506',1923,,1336,31,,,0
14001609,'1176531',2023,,1337,31,,,0
14001609,'1176542',1553,,1338,31,,,0
14001609,'1176555',1223,,1339,31,,,0
14001609,'1176566',1123,,1340,31,,,0
14001609,'1176590',1023,,1341,31,,,0
14001609,'1176615',1523,,1342,31,,,0
14001609,'1176650',1623,,1343,31,,,0
14001609,'1176683',1723,,1344,31,,,0
14001609,'1176688',823,,1345,31,,,0
