15009,'1142326',1214,,785,20,0,20 15,0
15009,'1142391',1014,,786,20,0,20 15,0
15009,'1142463',1614,,789,20,0,20 15,0
15009,'1142521',914,,791,20,0,20 15,0
15009,'1142575',1514,,792,20,0,20 15,0
15009,'1142681',1314,,794,20,0,20 15,0
15009,'1142872',1114,,798,20,0,20 15,0
15009,'1142884',1414,,799,20,0,20 15,0
15009,'1142889',1714,,800,20,0,20 15,0
19001509,'1142133',1735,,1156,44,,,0
19001509,'1142140',635,,1157,19,,,0
19001509,'1142153',735,,1158,44,,,0
19001509,'1142160',1035,,1159,44,,,0
19001509,'1142170',1535,,1160,44,,,0
19001509,'1142181',735,,1161,44,,,0
19001509,'1142183',1635,,1162,44,,,0
19001509,'1142185',1535,,1163,44,,,0
19001509,'1142201',905,,1164,44,,,0
19001509,'1142204',1335,,1165,44,,,0
19001509,'1142217',1135,,1167,44,,,0
19001509,'1142250',2135,,1168,44,,,0
19001509,'1142261',1305,,1169,44,,,0
19001509,'1142284',1105,,1170,44,,,0
19001509,'1142302',1835,,1172,44,,,0
19001509,'1142318',1005,,1174,44,,,0
19001509,'1142351',2035,,1175,44,,,0
19001509,'1142376',1835,,1176,44,,,0
19001509,'1142422',1235,,1177,44,,,0
19001509,'1142427',835,,1178,44,,,0
19001509,'1142428',1705,,1179,44,,,0
19001509,'1142440',1335,,1180,44,,,0
19001509,'1142443',2035,,1181,44,,,0
19001509,'1142474',805,,1182,44,,,0
19001509,'1142476',1405,,1183,44,,,0
19001509,'1142512',1205,,1184,44,,,0
19001509,'1142514',1635,,1185,44,,,0
19001509,'1142587',1805,,1187,44,,,0
19001509,'1142615',1935,,1188,44,,,0
19001509,'1142630',1935,,1189,44,,,0
19001509,'1142653',1735,,1190,44,,,0
19001509,'1142655',935,,1191,44,,,0
19001509,'1142675',835,,1192,44,,,0
19001509,'1142725',1605,,1194,44,,,0
19001509,'1142736',1435,,1195,44,,,0
19001509,'1142755',1135,,1196,44,,,0
19001509,'1142769',705,,1197,19,,,0
19001509,'1142799',1505,,1198,44,,,0
19001509,'1142808',2135,,1199,44,,,0
19001509,'1142818',1235,,1200,44,,,0
19001509,'1142823',1435,,1201,44,,,0
19001509,'1142868',935,,1202,44,,,0
19001509,'1142879',1035,,1203,44,,,0
