14001009,'1142143',1359,,875,32,,,0
14001009,'1142178',659,,876,32,,,0
14001009,'1142189',859,,877,32,,,0
14001009,'1142190',729,,878,32,,,0
14001009,'1142194',1459,,879,32,,,0
14001009,'1142216',959,,880,32,,,0
14001009,'1142231',829,,881,32,,,0
14001009,'1142237',1359,,882,32,,,0
14001009,'1142279',1659,,883,32,,,0
14001009,'1142282',1259,,884,32,,,0
14001009,'1142286',859,,885,32,,,0
14001009,'1142290',1959,,886,32,,,0
14001009,'1142306',1029,,887,32,0,8 21,0
14001009,'1142344',2059,,888,32,,,0
14001009,'1142360',1159,,889,32,,,0
14001009,'1142369',2259,,890,32,0,8 21,0
14001009,'1142375',1059,,891,32,,,0
14001009,'1142407',1529,,892,32,0,8 21,0
14001009,'1142438',929,,893,32,0,8 21,0
14001009,'1142459',959,,894,32,,,0
14001009,'1142460',1129,,895,32,0,8 21,0
14001009,'1142462',1559,,896,32,,,0
14001009,'1142479',1859,,897,32,,,0
14001009,'1142483',1459,,898,32,,,0
14001009,'1142505',2259,,899,32,0,8 21,0
14001009,'1142508',1859,,900,32,,,0
14001009,'1142510',1559,,901,32,,,0
14001009,'1142517',1229,,902,32,0,8 21,0
14001009,'1142538',1059,,903,32,,,0
14001009,'1142556',1429,,904,32,0,8 21,0
14001009,'1142580',1759,,905,32,,,0
14001009,'1142619',2059,,906,32,,,0
14001009,'1142627',1829,,907,32,0,8 21,0
14001009,'1142660',1629,,908,32,,,0
14001009,'1142682',759,,909,32,,,0
14001009,'1142715',1959,,910,32,,,0
14001009,'1142781',2159,,912,32,,,0
14001009,'1142787',1759,,913,32,,,0
14001009,'1142798',1329,,914,32,0,8 21,0
14001009,'1142811',1159,,915,32,,,0
14001009,'1142812',1729,,916,32,,,0
14001009,'1142840',759,,917,32,,,0
14001009,'1142842',2159,,918,32,,,0
14001009,'1142843',1259,,919,32,,,0
14001009,'1142861',1659,,920,32,,,0
14001609,'1142224',1332,,1020,19,0,8 21,0
14001609,'1142239',1032,,1022,19,0,8 21,0
14001609,'1142308',1832,,1028,19,0,8 21,0
14001609,'1142473',1132,,1035,19,0,8 21,0
14001609,'1142717',1232,,1051,19,0,8 21,0
14001609,'1142803',932,,1054,19,0,8 21,0
14001609,'1142886',1432,,1060,19,0,8 21,0
14001609,'1175743',702,,1306,19,,,0
14001609,'1175762',802,,1307,19,,,0
14001609,'1175785',1002,,1308,19,,,0
14001609,'1175815',732,,1309,19,,,0
14001609,'1175849',902,,1310,19,,,0
14001609,'1175881',902,,1311,19,,,0
14001609,'1175901',1302,,1313,19,,,0
14001609,'1175909',832,,1314,19,,,0
14001609,'1175926',1202,,1315,19,,,0
14001609,'1175981',1732,,1316,19,,,0
14001609,'1176005',2202,,1317,19,,,0
14001609,'1176019',1902,,1318,19,,,0
14001609,'1176030',1402,,1319,19,,,0
14001609,'1176078',1702,,1321,19,,,0
14001609,'1176081',2002,,1322,19,,,0
14001609,'1176129',1502,,1323,19,,,0
14001609,'1176134',2102,,1325,19,,,0
14001609,'1176154',2102,,1326,19,,,0
14001609,'1176172',1602,,1327,19,,,0
14001609,'1176186',1632,,1328,19,,,0
14001609,'1176192',2202,,1329,19,,,0
14001609,'1176206',1302,,1330,19,,,0
14001609,'1176260',1402,,1331,19,,,0
14001609,'1176285',1802,,1332,19,,,0
14001609,'1176332',1802,,1334,19,,,0
14001609,'1176457',1102,,1335,19,,,0
14001609,'1176506',1902,,1336,19,,,0
14001609,'1176531',2002,,1337,19,,,0
14001609,'1176542',1532,,1338,19,,,0
14001609,'1176555',1202,,1339,19,,,0
14001609,'1176566',1102,,1340,19,,,0
14001609,'1176590',1002,,1341,19,,,0
14001609,'1176615',1502,,1342,19,,,0
14001609,'1176650',1602,,1343,19,,,0
14001609,'1176683',1702,,1344,19,,,0
14001609,'1176688',802,,1345,19,,,0
