11009,'1142195',1556,,674,3,0,13 14 15,0
11009,'1142199',856,,675,3,0,13 14 15,0
11009,'1142242',1156,,676,3,0,13 14 15,0
11009,'1142268',1356,,677,3,0,13 14 15,0
11009,'1142289',956,,678,3,0,13 14 15,0
11009,'1142564',1256,,683,3,0,13 14 15,0
11009,'1142626',1656,,684,3,0,13 14 15,0
11009,'1142667',1056,,685,3,0,13 14 15,0
11009,'1142728',1456,,690,3,0,13 14 15,0
20009,'1142156',1257,,819,14,,,0
20009,'1142172',957,,820,14,,,0
20009,'1142208',1157,,821,14,,,0
20009,'1142218',857,,822,4,,,0
20009,'1142244',1657,,823,14,,,0
20009,'1142378',1357,,825,14,,,0
20009,'1142609',1457,,831,14,,,0
20009,'1142761',1057,,834,14,,,0
20009,'1142875',1557,,837,14,,,0
19001109,'1142212',1316,,1065,27,,,0
19001109,'1142241',1646,,1066,3,,,0
19001109,'1142263',616,,1072,6,,,0
19001109,'1142345',1216,,1078,27,,,0
19001109,'1142412',1416,,1081,27,,,0
19001109,'1142429',646,,1082,3,,,0
19001109,'1142436',1146,,1083,3,,,0
19001109,'1142503',1416,,1086,27,,,0
19001109,'1142533',1246,,1088,3,,,0
19001109,'1142554',1516,,1091,27,,,0
19001109,'1142579',1546,,1092,3,,,0
19001109,'1142582',1346,,1093,3,,,0
19001109,'1142583',1116,,1094,27,,,0
19001109,'1142588',1216,,1095,27,,,0
19001109,'1142606',1046,,1096,3,,,0
19001109,'1142664',1516,,1098,27,,,0
19001109,'1142729',1446,,1100,3,,,0
19001109,'1142756',1616,,1101,27,,,0
19001109,'1142845',1116,,1106,27,,,0
19001109,'1142860',1316,,1107,27,,,0
19001109,'1142880',1616,,1108,27,,,0
19001109,'1175791',2116,,1347,27,,,0
19001109,'1175792',1916,,1348,27,,,0
19001109,'1175853',1916,,1349,27,,,0
19001109,'1175887',1746,,1350,27,,,0
19001109,'1175950',716,,1351,27,,,0
19001109,'1175987',816,,1352,27,,,0
19001109,'1175992',1816,,1353,27,,,0
19001109,'1176020',716,,1354,27,,,0
19001109,'1176179',1816,,1355,27,,,0
19001109,'1176193',2016,,1356,27,,,0
19001109,'1176227',2116,,1357,27,,,0
19001109,'1176244',1716,,1358,27,,,0
19001109,'1176256',846,,1359,27,,,0
19001109,'1176310',916,,1360,27,,,0
19001109,'1176359',2016,,1361,27,,,0
19001109,'1176413',946,,1363,27,,,0
19001109,'1176424',1016,,1364,27,,,0
19001109,'1176436',1016,,1365,27,,,0
19001109,'1176437',916,,1366,27,,,0
19001109,'1176477',1716,,1368,27,,,0
19001109,'1176498',746,,1369,27,,,0
19001109,'1176505',2216,,1370,27,,,0
19001109,'1176514',816,,1371,27,,,0
19001109,'1176571',2216,,1372,27,,,0
19001709,'1142303',1347,,1211,3,,,0
19001709,'1142346',1547,,1214,3,,,0
19001709,'1142490',1147,,1221,3,,,0
19001709,'1142572',1047,,1231,3,,,0
19001709,'1142636',617,,1236,3,,,0
19001709,'1142727',1447,,1242,3,,,0
19001709,'1142751',1247,,1245,3,,,0
19001709,'1175723',917,,1419,36,,,0
19001709,'1175748',947,,1420,36,,,0
19001709,'1175763',1117,,1421,36,,,0
19001709,'1175781',1017,,1422,36,,,0
19001709,'1175795',747,,1423,36,,,0
19001709,'1175819',2117,,1424,36,,,0
19001709,'1175858',1917,,1425,36,,,0
19001709,'1175912',1817,,1427,36,,,0
19001709,'1175946',2117,,1428,36,,,0
19001709,'1176002',1417,,1429,36,,,0
19001709,'1176147',2017,,1431,36,,,0
19001709,'1176151',1517,,1432,36,,,0
19001709,'1176162',1217,,1433,36,,,0
19001709,'1176204',1617,,1434,36,,,0
19001709,'1176288',817,,1435,36,,,0
19001709,'1176339',1717,,1436,36,,,0
19001709,'1176366',717,,1437,36,,,0
19001709,'1176369',1617,,1438,36,,,0
19001709,'1176400',1117,,1439,36,,,0
19001709,'1176416',1917,,1440,36,,,0
19001709,'1176419',917,,1441,36,,,0
19001709,'1176422',1517,,1442,36,,,0
19001709,'1176428',1647,,1443,36,,,0
19001709,'1176461',1747,,1444,36,,,0
19001709,'1176465',2017,,1445,36,,,0
19001709,'1176481',1417,,1447,36,,,0
19001709,'1176493',647,,1448,36,,,0
19001709,'1176540',1017,,1449,36,,,0
19001709,'1176561',1717,,1450,36,,,0
19001709,'1176587',817,,1451,36,,,0
19001709,'1176600',1317,,1452,36,,,0
19001709,'1176606',1317,,1453,36,,,0
19001709,'1176634',717,,1454,36,,,0
19001709,'1176635',847,,1455,36,,,0
19001709,'1176664',1217,,1457,36,,,0
19001709,'1176670',1817,,1458,36,,,0
