11009,'1175720',1201,,1460,11,0,13 14 15,0
11009,'1175910',901,,1463,11,0,13 14 15,0
11009,'1175948',1701,,1464,11,0,13 14 15,0
11009,'1176063',1501,,1465,11,0,13 14 15,0
11009,'1176079',1401,,1466,11,0,13 14 15,0
11009,'1176108',1001,,1467,11,0,13 14 15,0
11009,'1176321',1101,,1471,11,0,13 14 15,0
11009,'1176658',1601,,1476,11,0,13 14 15,0
11009,'1176675',1301,,1477,11,0,13 14 15,0
19001109,'1175757',2222,,1930,35,,,0
19001109,'1175788',1822,,1931,35,,,0
19001109,'1175797',1422,,1932,35,,,0
19001109,'1175800',1022,,1933,35,,,0
19001109,'1175811',1552,,1934,11,,,0
19001109,'1175846',1922,,1935,35,,,0
19001109,'1175854',1052,,1936,11,,,0
19001109,'1175866',1752,,1937,35,,,0
19001109,'1175889',1322,,1939,35,,,0
19001109,'1175960',1252,,1940,11,,,0
19001109,'1175990',1222,,1942,35,,,0
19001109,'1176025',622,,1943,14,,,0
19001109,'1176026',1322,,1944,35,,,0
19001109,'1176076',652,,1945,11,,,0
19001109,'1176086',1022,,1946,35,,,0
19001109,'1176114',922,,1947,35,,,0
19001109,'1176152',752,,1948,35,,,0
19001109,'1176229',2222,,1949,35,,,0
19001109,'1176246',822,,1950,35,,,0
19001109,'1176315',722,,1951,35,,,0
19001109,'1176316',1222,,1952,35,,,0
19001109,'1176317',1722,,1953,35,,,0
19001109,'1176322',952,,1954,35,,,0
19001109,'1176337',2022,,1955,35,,,0
19001109,'1176344',1622,,1956,35,,,0
19001109,'1176353',1622,,1957,35,,,0
19001109,'1176386',722,,1958,35,,,0
19001109,'1176406',1452,,1959,11,,,0
19001109,'1176429',1352,,1960,11,,,0
19001109,'1176444',1922,,1961,35,,,0
19001109,'1176445',2122,,1962,35,,,0
19001109,'1176478',1822,,1963,35,,,0
19001109,'1176517',1522,,1965,35,,,0
19001109,'1176557',922,,1966,35,,,0
19001109,'1176559',2022,,1967,35,,,0
19001109,'1176563',852,,1968,35,,,0
19001109,'1176570',1522,,1969,35,,,0
19001109,'1176581',1152,,1970,11,,,0
19001109,'1176586',1652,,1971,11,,,0
19001109,'1176595',1722,,1972,35,,,0
19001109,'1176605',1122,,1973,35,,,0
19001109,'1176616',1122,,1974,35,,,0
19001109,'1176620',822,,1975,35,,,0
19001109,'1176668',2122,,1976,35,,,0
19001109,'1176674',1422,,1977,35,,,0
