11009,'1175720',1155,,1460,1,0,13 14 15,0
11009,'1175771',1450,,1461,32,4,,0
11009,'1175802',1750,,1462,32,4,,0
11009,'1175910',855,,1463,1,0,13 14 15,0
11009,'1175948',1655,,1464,1,0,13 14 15,0
11009,'1176063',1455,,1465,1,0,13 14 15,0
11009,'1176079',1355,,1466,1,0,13 14 15,0
11009,'1176108',955,,1467,1,0,13 14 15,0
11009,'1176133',1650,,1468,32,4,,0
11009,'1176140',1050,,1469,32,4,,0
11009,'1176188',1250,,1470,32,4,,0
11009,'1176321',1055,,1471,1,0,13 14 15,0
11009,'1176403',1150,,1472,32,4,,0
11009,'1176448',950,,1473,32,4,,0
11009,'1176583',1550,,1474,32,4,,0
11009,'1176618',1350,,1475,32,4,,0
11009,'1176658',1555,,1476,1,0,13 14 15,0
11009,'1176675',1255,,1477,1,0,13 14 15,0
11609,'1175716',1205,,1478,37,4,,0
11609,'1175732',1605,,1479,37,4,,0
11609,'1175756',1405,,1480,37,4,,0
11609,'1175773',2105,,1481,37,4,,0
11609,'1175832',1840,,1482,37,4,,0
11609,'1175843',1505,,1483,37,4,,0
11609,'1175850',2205,,1484,37,4,,0
11609,'1175868',1305,,1485,37,4,,0
11609,'1175918',1705,,1486,38,4,,0
11609,'1175942',1805,,1487,37,4,,0
11609,'1175949',1735,,1488,38,4,,0
11609,'1175954',1005,,1489,37,4,,0
11609,'1175958',1605,,1490,37,4,,0
11609,'1175970',1205,,1491,37,4,,0
11609,'1176003',2005,,1492,37,4,,0
11609,'1176080',1405,,1493,37,4,,0
11609,'1176101',1905,,1494,37,4,,0
11609,'1176137',1905,,1495,37,4,,0
11609,'1176153',1705,,1496,37,4,,0
11609,'1176239',1305,,1497,37,4,,0
11609,'1176240',805,,1498,37,4,,0
11609,'1176243',705,,1499,38,4,,0
11609,'1176254',835,,1500,37,4,,0
11609,'1176259',2105,,1501,37,4,,0
11609,'1176276',905,,1502,37,4,,0
11609,'1176432',735,,1503,38,4,,0
11609,'1176433',1635,,1504,37,4,,0
11609,'1176442',935,,1505,37,4,,0
11609,'1176443',1105,,1506,37,4,,0
11609,'1176475',805,,1507,37,4,,0
11609,'1176603',1805,,1508,37,4,,0
11609,'1176630',2205,,1509,37,4,,0
11609,'1176639',2005,,1510,37,4,,0
11609,'1176641',1105,,1511,37,4,,0
11609,'1176646',1005,,1512,37,4,,0
11609,'1176652',905,,1513,37,4,,0
11609,'1176685',1505,,1514,37,4,,0
13009,'1175768',1355,,1533,1,0,19 15,0
13009,'1175851',1155,,1534,1,0,19 15,0
13009,'1175875',1255,,1535,1,0,19 15,0
13009,'1175888',1055,,1536,1,0,19 15,0
13009,'1176096',1141,,1537,23,4,,0
13009,'1176171',1455,,1538,1,0,19 15,0
13009,'1176184',855,,1539,1,0,19 15,0
13009,'1176190',1541,,1540,23,4,,0
13009,'1176223',1555,,1541,1,0,19 15,0
13009,'1176224',1041,,1542,23,4,,0
13009,'1176248',1741,,1543,23,4,,0
13009,'1176271',1641,,1544,23,4,,0
13009,'1176360',941,,1545,23,4,,0
13009,'1176371',1241,,1546,23,4,,0
13009,'1176463',955,,1547,1,0,19 15,0
13009,'1176497',1655,,1548,1,0,19 15,0
13009,'1176623',1341,,1549,23,4,,0
13009,'1176644',1441,,1550,23,4,,0
15009,'1175719',1655,,1569,1,0,20 15,0
15009,'1175730',1455,,1570,1,0,20 15,0
15009,'1175737',1255,,1571,1,0,20 15,0
15009,'1175828',1355,,1572,1,0,20 15,0
15009,'1175835',955,,1573,1,0,20 15,0
15009,'1175924',1044,,1574,12,4,,0
15009,'1175955',1644,,1575,12,4,,0
15009,'1176009',1444,,1576,12,4,,0
15009,'1176045',944,,1577,12,4,,0
15009,'1176048',1155,,1578,1,0,20 15,0
15009,'1176107',1544,,1579,12,4,,0
15009,'1176230',1555,,1580,1,0,20 15,0
15009,'1176262',1744,,1581,12,4,,0
15009,'1176301',855,,1582,1,0,20 15,0
15009,'1176306',1144,,1583,12,4,,0
15009,'1176568',1055,,1584,1,0,20 15,0
15009,'1176632',1344,,1585,12,4,,0
15009,'1176645',1244,,1586,12,4,,0
16009,'1175714',1255,,1587,1,,,0
16009,'1175859',1249,,1588,36,4,,0
16009,'1176087',1349,,1589,36,4,,0
16009,'1176112',1449,,1590,36,4,,0
16009,'1176128',1749,,1591,36,4,,0
16009,'1176136',955,,1592,1,,,0
16009,'1176235',1049,,1593,36,4,,0
16009,'1176236',1649,,1594,36,4,,0
16009,'1176272',1355,,1595,1,,,0
16009,'1176282',855,,1596,1,,,0
16009,'1176290',1655,,1597,1,,,0
16009,'1176390',1155,,1598,1,,,0
16009,'1176410',1549,,1599,36,4,,0
16009,'1176528',1455,,1600,1,,,0
16009,'1176535',1555,,1601,1,,,0
16009,'1176572',949,,1602,36,4,,0
16009,'1176585',1149,,1603,36,4,,0
16009,'1176682',1055,,1604,1,,,0
20009,'1175879',1500,51,1605,19,0,10 11,0
20009,'1175886',1455,6,1606,12,,,0
20009,'1175940',1100,51,1607,19,0,10 11,0
20009,'1176006',955,6,1608,12,,,0
20009,'1176032',1255,6,1609,12,,,0
20009,'1176110',1555,6,1610,12,,,0
20009,'1176195',1746,,1611,12,4,,0
20009,'1176265',1600,51,1612,19,0,10 11,0
20009,'1176319',1752,3,1613,19,0,10 11,0
20009,'1176370',1155,6,1614,12,,,0
20009,'1176398',1400,51,1615,19,0,10 11,0
20009,'1176408',1000,51,1616,19,0,10 11,0
20009,'1176412',1055,6,1617,12,,,0
20009,'1176425',1200,51,1618,19,0,10 11,0
20009,'1176469',1355,6,1619,12,,,0
20009,'1176512',1655,6,1620,12,,,0
20009,'1176525',855,6,1621,2,,,0
20009,'1176552',1300,51,1622,19,0,10 11,0
20009,'1176647',1700,51,1623,19,0,10 11,0
21609,'1175813',1915,,1624,1,,,0
21609,'1175831',715,,1625,1,,,0
21609,'1175857',1645,,1626,1,,,0
21609,'1175869',1715,,1627,1,,,0
21609,'1175916',1545,,1628,1,,,0
21609,'1175929',1315,,1629,1,,,0
21609,'1175966',1715,,1630,1,,,0
21609,'1175997',2115,,1631,1,,,0
21609,'1175998',915,,1632,1,,,0
21609,'1176028',1015,,1633,1,,,0
21609,'1176037',1815,,1634,1,,,0
21609,'1176041',1815,,1635,1,,,0
21609,'1176046',715,,1636,1,,,0
21609,'1176054',1615,,1637,1,,,0
21609,'1176067',645,,1638,1,,,0
21609,'1176111',1115,,1639,1,,,0
21609,'1176200',1415,,1640,1,,,0
21609,'1176207',2115,,1641,1,,,0
21609,'1176218',1115,,1642,1,,,0
21609,'1176289',1015,,1643,1,,,0
21609,'1176352',1215,,1644,1,,,0
21609,'1176395',1915,,1645,1,,,0
21609,'1176414',2015,,1646,1,,,0
21609,'1176430',1745,,1647,1,,,0
21609,'1176454',1615,,1648,1,,,0
21609,'1176460',815,,1649,1,,,0
21609,'1176467',1515,,1650,1,,,0
21609,'1176534',615,,1651,1,,,0
21609,'1176553',1215,,1652,1,,,0
21609,'1176576',915,,1653,1,,,0
21609,'1176651',815,,1654,1,,,0
21609,'1176656',1515,,1655,1,,,0
21609,'1176659',1415,,1656,1,,,0
21609,'1176663',1315,,1657,1,,,0
21609,'1176665',845,,1658,1,,,0
21609,'1176686',2015,,1659,1,,,0
21609,'1176690',745,,1660,1,,,0
30009,'1178820',1645,3,2120,2,0,23 24 2 25,0
30009,'1178821',1546,,2121,1,0,23 24 2 26,0
30009,'1178822',1416,2,2122,22,0,23 24 2 26,0
30009,'1178823',816,2,2123,22,0,23 24 2 26,0
30009,'1178824',916,2,2124,22,0,23 24 2 26,0
30009,'1178825',1516,2,2125,22,0,23 24 2 26,0
30009,'1178826',1515,3,2126,2,0,23 24 2 25,0
30009,'1178827',1015,3,2127,2,0,23 24 2 25,0
30009,'1178828',1015,3,2128,2,0,23 24 2 25,0
30009,'1178829',645,,2129,1,0,23 24 2 25,0
30009,'1178830',945,3,2130,2,0,23 24 2 25,0
30009,'1178831',715,,2131,1,0,23 24 2 25,0
30009,'1178832',1044,,2132,22,4,,0
30009,'1178833',1016,2,2133,22,0,23 24 2 26,0
30009,'1178834',846,2,2134,22,0,23 24 2 26,0
30009,'1178835',915,3,2135,2,0,23 24 2 25,0
30009,'1178836',1815,3,2136,2,0,23 24 2 25,0
30009,'1178837',1816,2,2137,22,0,23 24 2 26,0
30009,'1178838',1042,,2138,2,4,,0
30009,'1178839',1216,2,2139,22,0,23 24 2 26,0
30009,'1178840',2015,3,2140,2,0,23 24 2 25,0
30009,'1178841',1115,3,2141,2,0,23 24 2 25,0
30009,'1178842',1316,2,2142,22,0,23 24 2 26,0
30009,'1178843',1615,3,2143,2,0,23 24 2 25,0
30009,'1178844',746,2,2144,22,0,23 24 2 26,0
30009,'1178845',815,3,2145,2,0,23 24 2 25,0
30009,'1178846',1415,3,2146,2,0,23 24 2 25,0
30009,'1178847',1745,3,2147,2,0,23 24 2 25,0
30009,'1178848',2212,,2148,2,4,,0
30009,'1178849',1746,2,2149,22,0,23 24 2 26,0
30009,'1178850',1016,2,2150,22,0,23 24 2 26,0
30009,'1178851',916,2,2151,22,0,23 24 2 26,0
30009,'1178852',2115,3,2152,2,0,23 24 2 25,0
30009,'1178853',2016,2,2153,22,0,23 24 2 26,0
30009,'1178854',1915,3,2154,2,0,23 24 2 25,0
30009,'1178855',1516,2,2155,22,0,23 24 2 26,0
30009,'1178856',2116,2,2156,22,0,23 24 2 26,0
30009,'1178857',745,3,2157,2,0,23 24 2 25,0
30009,'1178858',1916,2,2158,22,0,23 24 2 26,0
30009,'1178859',1616,2,2159,22,0,23 24 2 26,0
30009,'1178860',815,3,2160,2,0,23 24 2 25,0
30009,'1178861',1215,3,2161,2,0,23 24 2 25,0
30009,'1178862',1816,2,2162,22,0,23 24 2 26,0
30009,'1178863',1315,3,2163,2,0,23 24 2 25,0
30009,'1178864',1116,2,2164,22,0,23 24 2 26,0
30009,'1178865',1515,3,2165,2,0,23 24 2 25,0
30009,'1178866',2214,,2166,22,4,,0
30009,'1178867',2116,2,2167,22,0,23 24 2 26,0
30009,'1178868',1715,3,2168,2,0,23 24 2 25,0
30009,'1178869',1715,3,2169,2,0,23 24 2 25,0
30009,'1178870',1916,2,2170,22,0,23 24 2 26,0
30009,'1178871',716,,2171,1,0,23 24 2 26,0
30009,'1178872',1416,2,2172,22,0,23 24 2 26,0
30009,'1178873',1315,3,2173,2,0,23 24 2 25,0
30009,'1178874',1842,,2174,2,4,,0
30009,'1178875',1216,2,2175,22,0,23 24 2 26,0
30009,'1178876',718,,2176,1,0,23 24 2 26,0
30009,'1178877',2016,2,2177,22,0,23 24 2 26,0
30009,'1178878',1646,2,2178,22,0,23 24 2 26,0
30009,'1178879',1616,2,2179,22,0,23 24 2 26,0
30009,'1178880',1115,3,2180,2,0,23 24 2 25,0
30009,'1178881',1215,3,2181,2,0,23 24 2 25,0
30009,'1178882',1815,3,2182,2,0,23 24 2 25,0
30009,'1178883',1415,3,2183,2,0,23 24 2 25,0
30009,'1178884',845,3,2184,2,0,23 24 2 25,0
30009,'1178885',1915,3,2185,2,0,23 24 2 25,0
30009,'1178886',915,3,2186,2,0,23 24 2 25,0
30009,'1178887',2015,3,2187,2,0,23 24 2 25,0
30009,'1178888',1116,2,2188,22,0,23 24 2 26,0
30009,'1178889',1316,2,2189,22,0,23 24 2 26,0
30009,'1178890',946,2,2190,22,0,23 24 2 26,0
30009,'1178891',2214,,2191,22,4,,0
30009,'1178892',1716,2,2192,22,0,23 24 2 26,0
30009,'1178893',2212,,2193,2,4,,0
30009,'1178894',816,2,2194,22,0,23 24 2 26,0
30009,'1178895',646,,2195,1,0,23 24 2 26,0
30009,'1178896',715,3,2196,2,0,23 24 2 25,0
30009,'1178897',2115,3,2197,2,0,23 24 2 25,0
30009,'1178898',1615,3,2198,2,0,23 24 2 25,0
30009,'1178899',1545,3,2199,2,0,23 24 2 25,0
30009,'1178900',1844,,2200,22,4,,0
30009,'1178901',1716,2,2201,22,0,23 24 2 26,0
14001009,'1175755',915,15,1743,34,,,0
14001009,'1175787',1815,15,1744,34,,,0
14001009,'1175798',1815,15,1745,34,,,0
14001009,'1175806',1130,,1746,34,4,,0
14001009,'1175810',715,,1747,1,,,0
14001009,'1175825',1615,15,1748,34,,,0
14001009,'1175826',1315,14,1749,34,,,0
14001009,'1175836',1745,15,1750,34,,,0
14001009,'1175840',2015,15,1751,34,,,0
14001009,'1175865',1030,,1752,34,4,,0
14001009,'1175890',2015,15,1753,34,,,0
14001009,'1175905',2115,15,1754,34,,,0
14001009,'1175937',1415,14,1755,34,,,0
14001009,'1175943',1715,15,1756,34,,,0
14001009,'1175962',2300,,1757,34,4,,0
14001009,'1175995',1115,14,1758,34,,,0
14001009,'1176008',745,15,1759,34,,,0
14001009,'1176017',815,15,1760,34,,,0
14001009,'1176075',1715,15,1761,34,,,0
14001009,'1176104',2215,15,1762,34,,,0
14001009,'1176141',1315,14,1763,34,,,0
14001009,'1176158',1515,14,1764,34,,,0
14001009,'1176181',930,,1765,34,4,,0
14001009,'1176198',1015,14,1766,34,,,0
14001009,'1176208',2215,15,1767,34,,,0
14001009,'1176215',1915,15,1768,34,,,0
14001009,'1176225',1330,,1769,34,4,,0
14001009,'1176249',1115,14,1770,34,,,0
14001009,'1176269',2115,15,1771,34,,,0
14001009,'1176278',2300,,1772,34,4,,0
14001009,'1176300',1530,,1773,34,4,,0
14001009,'1176311',1015,14,1774,34,,,0
14001009,'1176346',845,15,1775,34,,,0
14001009,'1176365',915,15,1776,34,,,0
14001009,'1176376',1615,15,1777,34,,,0
14001009,'1176382',1215,14,1778,34,,,0
14001009,'1176449',715,15,1779,34,,,0
14001009,'1176452',1230,,1780,34,4,,0
14001009,'1176545',815,15,1781,34,,,0
14001009,'1176551',1415,14,1782,34,,,0
14001009,'1176579',1645,15,1783,34,,,0
14001009,'1176580',1215,14,1784,34,,,0
14001009,'1176607',1915,15,1785,34,,,0
14001009,'1176612',1830,,1786,34,4,,0
14001009,'1176628',1430,,1787,34,4,,0
14001009,'1176653',1515,14,1788,34,,,0
14001209,'1175718',1645,10,1789,23,,,0
14001209,'1175861',1915,10,1790,23,,,0
14001209,'1175900',1745,10,1791,23,,,0
14001209,'1175913',2305,,1792,23,4,,0
14001209,'1175915',2115,10,1793,23,,,0
14001209,'1175917',1445,10,1794,23,,,0
14001209,'1175919',2015,10,1795,23,,,0
14001209,'1175938',815,10,1796,23,,,0
14001209,'1175939',1815,10,1797,23,,,0
14001209,'1175983',2215,10,1798,23,,,0
14001209,'1176007',1315,10,1799,23,,,0
14001209,'1176012',1115,10,1800,23,,,0
14001209,'1176069',915,10,1801,23,,,0
14001209,'1176070',1215,10,1802,23,,,0
14001209,'1176091',1015,10,1803,23,,,0
14001209,'1176100',715,,1804,1,,,0
14001209,'1176103',1015,10,1805,23,,,0
14001209,'1176117',1215,10,1806,23,,,0
14001209,'1176122',2305,,1807,23,4,,0
14001209,'1176163',1915,10,1808,23,,,0
14001209,'1176213',1115,10,1809,23,,,0
14001209,'1176217',1615,10,1810,23,,,0
14001209,'1176245',1815,10,1811,23,,,0
14001209,'1176255',915,10,1812,23,,,0
14001209,'1176275',1715,10,1813,23,,,0
14001209,'1176323',1145,10,1814,23,,,0
14001209,'1176336',1835,,1815,23,4,,0
14001209,'1176343',1415,10,1816,23,,,0
14001209,'1176354',1515,10,1817,23,,,0
14001209,'1176378',1315,10,1818,23,,,0
14001209,'1176401',745,10,1819,23,,,0
14001209,'1176411',2115,10,1820,23,,,0
14001209,'1176440',1515,10,1821,23,,,0
14001209,'1176458',715,10,1822,23,,,0
14001209,'1176470',1615,10,1823,23,,,0
14001209,'1176472',1045,10,1824,23,,,0
14001209,'1176483',1345,10,1825,23,,,0
14001209,'1176488',1715,10,1826,23,,,0
14001209,'1176515',2015,10,1827,23,,,0
14001209,'1176526',945,10,1828,23,,,0
14001209,'1176532',1245,10,1829,23,,,0
14001209,'1176546',2215,10,1830,23,,,0
14001209,'1176594',845,10,1831,23,,,0
14001209,'1176599',1545,10,1832,23,,,0
14001209,'1176626',815,10,1833,23,,,0
14001209,'1176676',1415,10,1834,23,,,0
14001409,'1175733',1915,10,1835,22,,,0
14001409,'1175775',1215,10,1836,22,,,0
14001409,'1175776',2115,10,1837,22,,,0
14001409,'1175786',2015,10,1838,22,,,0
14001409,'1175790',1615,10,1839,22,,,0
14001409,'1175803',1415,10,1840,22,,,0
14001409,'1175809',945,10,1841,22,,,0
14001409,'1175820',1515,10,1842,22,,,0
14001409,'1175821',1215,10,1843,22,,,0
14001409,'1175838',1145,10,1844,22,,,0
14001409,'1175856',1115,10,1845,22,,,0
14001409,'1175876',1615,10,1846,22,,,0
14001409,'1175893',1915,10,1847,22,,,0
14001409,'1175894',1745,10,1848,22,,,0
14001409,'1175902',1645,10,1849,22,,,0
14001409,'1175961',1315,10,1850,22,,,0
14001409,'1175973',915,10,1851,22,,,0
14001409,'1175975',1815,10,1852,22,,,0
14001409,'1175979',1835,,1853,22,4,,0
14001409,'1175999',845,10,1854,22,,,0
14001409,'1176001',1045,10,1855,22,,,0
14001409,'1176014',1115,10,1856,22,,,0
14001409,'1176036',745,10,1857,22,,,0
14001409,'1176047',1415,10,1858,22,,,0
14001409,'1176050',2115,10,1859,22,,,0
14001409,'1176071',1245,10,1860,22,,,0
14001409,'1176160',1715,10,1861,22,,,0
14001409,'1176250',815,10,1862,22,,,0
14001409,'1176268',2215,10,1863,22,,,0
14001409,'1176283',1345,10,1864,22,,,0
14001409,'1176308',2215,10,1866,22,,,0
14001409,'1176314',715,10,1867,22,,,0
14001409,'1176393',1015,10,1869,22,,,0
14001409,'1176423',815,10,1870,22,,,0
14001409,'1176464',645,,1871,1,,,0
14001409,'1176476',1545,10,1872,22,,,0
14001409,'1176485',1015,10,1873,22,,,0
14001409,'1176522',915,10,1874,22,,,0
14001409,'1176530',715,,1875,1,,,0
14001409,'1176556',1715,10,1876,22,,,0
14001409,'1176558',1515,10,1877,22,,,0
14001409,'1176598',2015,10,1878,22,,,0
14001409,'1176631',1315,10,1879,22,,,0
14001409,'1176643',1445,10,1880,22,,,0
14001409,'1176681',1815,10,1881,22,,,0
14001609,'1175722',1115,10,1882,21,,,0
14001609,'1175752',715,10,1883,21,,,0
14001609,'1175760',2015,10,1884,21,,,0
14001609,'1175799',935,,1885,21,4,,0
14001609,'1175804',1035,,1886,21,4,,0
14001609,'1175908',845,10,1888,21,,,0
14001609,'1175922',1215,10,1889,21,,,0
14001609,'1175936',815,10,1890,21,,,0
14001609,'1175982',1135,,1891,21,4,,0
14001609,'1175986',1415,10,1892,21,,,0
14001609,'1175988',1315,10,1893,21,,,0
14001609,'1175989',1815,10,1894,21,,,0
14001609,'1176010',1235,,1895,21,4,,0
14001609,'1176015',915,10,1896,21,,,0
14001609,'1176131',1335,,1897,21,4,,0
14001609,'1176168',1315,10,1898,21,,,0
14001609,'1176170',1545,10,1899,21,,,0
14001609,'1176241',2115,10,1900,21,,,0
14001609,'1176247',745,10,1901,21,,,0
14001609,'1176270',2215,10,1902,21,,,0
14001609,'1176280',1615,10,1903,21,,,0
14001609,'1176296',1515,10,1904,21,,,0
14001609,'1176309',2215,10,1905,21,,,0
14001609,'1176320',1815,10,1906,21,,,0
14001609,'1176374',1835,,1907,21,4,,0
14001609,'1176381',1015,10,1908,21,,,0
14001609,'1176402',2015,10,1909,21,,,0
14001609,'1176421',815,10,1910,21,,,0
14001609,'1176486',1745,10,1911,21,,,0
14001609,'1176492',1115,10,1912,21,,,0
14001609,'1176495',1915,10,1913,21,,,0
14001609,'1176500',1615,10,1914,21,,,0
14001609,'1176504',1715,10,1915,21,,,0
14001609,'1176510',1515,10,1916,21,,,0
14001609,'1176518',1645,10,1917,21,,,0
14001609,'1176524',1015,10,1918,21,,,0
14001609,'1176533',915,10,1919,21,,,0
14001609,'1176577',2115,10,1921,21,,,0
14001609,'1176593',1435,,1923,21,4,,0
14001609,'1176602',1415,10,1924,21,,,0
14001609,'1176621',1915,10,1926,21,,,0
14001609,'1176627',1715,10,1927,21,,,0
14001609,'1176666',715,,1928,1,,,0
14001609,'1176671',1215,10,1929,21,,,0
19001109,'1175757',2215,5,1930,25,,,0
19001109,'1175788',1815,5,1931,25,,,0
19001109,'1175797',1415,8,1932,25,,,0
19001109,'1175800',1015,5,1933,25,,,0
19001109,'1175811',1545,,1934,1,,,0
19001109,'1175846',1915,5,1935,25,,,0
19001109,'1175854',1045,,1936,1,,,0
19001109,'1175866',1745,5,1937,25,,,0
19001109,'1175873',1840,,1938,25,4,,0
19001109,'1175889',1315,8,1939,25,,,0
19001109,'1175960',1245,,1940,1,,,0
19001109,'1175990',1215,8,1942,25,,,0
19001109,'1176025',615,2,1943,4,,,0
19001109,'1176026',1315,8,1944,25,,,0
19001109,'1176076',645,,1945,1,,,0
19001109,'1176086',1015,5,1946,25,,,0
19001109,'1176114',915,5,1947,25,,,0
19001109,'1176152',745,5,1948,25,,,0
19001109,'1176229',2215,5,1949,25,,,0
19001109,'1176246',815,5,1950,25,,,0
19001109,'1176315',715,5,1951,25,,,0
19001109,'1176316',1215,8,1952,25,,,0
19001109,'1176317',1715,5,1953,25,,,0
19001109,'1176322',945,5,1954,25,,,0
19001109,'1176337',2015,5,1955,25,,,0
19001109,'1176344',1615,8,1956,25,,,0
19001109,'1176353',1615,8,1957,25,,,0
19001109,'1176386',715,5,1958,25,,,0
19001109,'1176406',1445,,1959,1,,,0
19001109,'1176429',1345,,1960,1,,,0
19001109,'1176444',1915,5,1961,25,,,0
19001109,'1176445',2115,5,1962,25,,,0
19001109,'1176478',1815,5,1963,25,,,0
19001109,'1176517',1515,8,1965,25,,,0
19001109,'1176557',915,5,1966,25,,,0
19001109,'1176559',2015,5,1967,25,,,0
19001109,'1176563',845,5,1968,25,,,0
19001109,'1176570',1515,8,1969,25,,,0
19001109,'1176581',1145,,1970,1,,,0
19001109,'1176586',1645,,1971,1,,,0
19001109,'1176595',1715,5,1972,25,,,0
19001109,'1176605',1115,8,1973,25,,,0
19001109,'1176616',1115,8,1974,25,,,0
19001109,'1176620',815,5,1975,25,,,0
19001109,'1176668',2115,5,1976,25,,,0
19001109,'1176674',1415,8,1977,25,,,0
19001309,'1175728',845,5,1978,33,,,0
19001309,'1175734',1515,5,1979,33,,,0
19001309,'1175770',2015,5,1980,33,,,0
19001309,'1175814',1840,,1981,33,4,,0
19001309,'1175816',1815,5,1982,33,,,0
19001309,'1175833',1715,5,1983,33,,,0
19001309,'1175860',1345,5,1984,33,,,0
19001309,'1175862',1115,5,1985,33,,,0
19001309,'1175891',1145,5,1986,33,,,0
19001309,'1175892',945,5,1987,33,,,0
19001309,'1175985',645,,1988,1,,,0
19001309,'1175994',915,5,1989,33,,,0
19001309,'1176023',815,5,1990,33,,,0
19001309,'1176034',1115,5,1991,33,,,0
19001309,'1176044',1415,5,1992,33,,,0
19001309,'1176064',1045,5,1993,33,,,0
19001309,'1176125',1715,5,1994,33,,,0
19001309,'1176139',1215,5,1995,33,,,0
19001309,'1176167',2215,5,1996,33,,,0
19001309,'1176182',1315,5,1997,33,,,0
19001309,'1176185',745,5,1998,33,,,0
19001309,'1176187',1315,5,1999,33,,,0
19001309,'1176196',1215,5,2000,33,,,0
19001309,'1176261',1015,5,2001,33,,,0
19001309,'1176277',2115,5,2002,33,,,0
19001309,'1176318',1415,5,2003,33,,,0
19001309,'1176331',2015,5,2004,33,,,0
19001309,'1176338',1915,5,2005,33,,,0
19001309,'1176348',1545,5,2006,33,,,0
19001309,'1176367',1615,5,2007,33,,,0
19001309,'1176387',2215,5,2008,33,,,0
19001309,'1176389',815,5,2009,33,,,0
19001309,'1176392',715,5,2010,33,,,0
19001309,'1176394',1615,5,2011,33,,,0
19001309,'1176446',1815,5,2012,33,,,0
19001309,'1176462',2115,5,2013,33,,,0
19001309,'1176473',1915,5,2014,33,,,0
19001309,'1176527',1015,5,2015,33,,,0
19001309,'1176539',1645,5,2016,33,,,0
19001309,'1176543',1445,5,2017,33,,,0
19001309,'1176550',615,,2018,1,,,0
19001309,'1176567',915,5,2019,33,,,0
19001309,'1176597',1515,5,2020,33,,,0
19001309,'1176614',1245,5,2021,33,,,0
19001309,'1176638',1745,5,2022,33,,,0
19001309,'1176660',715,5,2023,33,,,0
19001509,'1175715',2115,10,2024,26,,,0
19001509,'1175729',1015,10,2025,26,,,0
19001509,'1175740',815,10,2027,26,,,0
19001509,'1175741',1315,10,2028,26,,,0
19001509,'1175778',1745,10,2031,26,,,0
19001509,'1175793',1815,10,2032,26,,,0
19001509,'1175801',815,10,2033,26,,,0
19001509,'1175845',1345,10,2034,26,,,0
19001509,'1175897',1445,10,2035,26,,,0
19001509,'1175899',1215,10,2036,26,,,0
19001509,'1175907',945,10,2037,26,,,0
19001509,'1175925',1615,10,2038,26,,,0
19001509,'1175932',1515,10,2039,26,,,0
19001509,'1175953',1545,10,2040,26,,,0
19001509,'1175965',645,,2041,1,,,0
19001509,'1175967',1045,10,2042,26,,,0
19001509,'1175996',1645,10,2043,26,,,0
19001509,'1176000',915,10,2044,26,,,0
19001509,'1176049',1715,10,2045,26,,,0
19001509,'1176055',1915,10,2046,26,,,0
19001509,'1176057',1015,10,2047,26,,,0
19001509,'1176073',745,10,2048,26,,,0
19001509,'1176074',715,10,2049,26,,,0
19001509,'1176085',1915,10,2050,26,,,0
19001509,'1176090',2115,10,2051,26,,,0
19001509,'1176092',1115,10,2052,26,,,0
19001509,'1176093',915,10,2053,26,,,0
19001509,'1176105',2015,10,2054,26,,,0
19001509,'1176238',1515,10,2055,26,,,0
19001509,'1176266',1145,10,2056,26,,,0
19001509,'1176293',1415,10,2057,26,,,0
19001509,'1176328',1245,10,2058,26,,,0
19001509,'1176335',2015,10,2059,26,,,0
19001509,'1176340',1835,,2060,26,4,,0
19001509,'1176355',1615,10,2061,26,,,0
19001509,'1176358',1315,10,2062,26,,,0
19001509,'1176362',1815,10,2063,26,,,0
19001509,'1176426',1115,10,2064,26,,,0
19001509,'1176450',615,,2066,1,,,0
19001509,'1176496',1415,10,2067,26,,,0
19001509,'1176536',715,10,2068,26,,,0
19001509,'1176537',845,10,2069,26,,,0
19001509,'1176684',1715,10,2070,26,,,0
19001509,'1176689',1215,10,2071,26,,,0
19001709,'1175717',1515,10,2072,34,,,0
19001709,'1175742',1115,10,2073,34,,,0
19001709,'1175751',1115,10,2074,34,,,0
19001709,'1175777',1145,,2075,1,,,0
19001709,'1175789',715,10,2076,34,,,0
19001709,'1175830',2015,10,2077,34,,,0
19001709,'1175877',1215,10,2078,34,,,0
19001709,'1175947',1715,10,2079,34,,,0
19001709,'1175951',745,10,2080,34,,,0
19001709,'1175978',815,10,2081,34,,,0
19001709,'1176042',1715,10,2082,34,,,0
19001709,'1176052',2205,,2083,34,4,,0
19001709,'1176058',1515,10,2084,34,,,0
19001709,'1176065',1615,10,2085,34,,,0
19001709,'1176099',1415,10,2086,34,,,0
19001709,'1176116',1545,,2087,1,,,0
19001709,'1176119',1815,10,2088,34,,,0
19001709,'1176120',1915,10,2089,34,,,0
19001709,'1176124',2305,,2090,34,4,,0
19001709,'1176130',1315,10,2091,34,,,0
19001709,'1176156',2015,10,2092,34,,,0
19001709,'1176161',1415,10,2093,34,,,0
19001709,'1176166',945,10,2094,34,,,0
19001709,'1176201',915,10,2095,34,,,0
19001709,'1176209',1345,,2096,1,,,0
19001709,'1176252',845,10,2097,34,,,0
19001709,'1176264',1445,,2098,1,,,0
19001709,'1176273',1015,10,2099,34,,,0
19001709,'1176297',1245,,2100,1,,,0
19001709,'1176303',1645,10,2101,34,,,0
19001709,'1176312',1745,10,2102,34,,,0
19001709,'1176349',1915,10,2103,34,,,0
19001709,'1176380',1045,,2104,1,,,0
19001709,'1176415',815,10,2105,34,,,0
19001709,'1176420',1215,10,2106,34,,,0
19001709,'1176468',2205,,2107,34,4,,0
19001709,'1176482',1315,10,2108,34,,,0
19001709,'1176513',715,10,2109,34,,,0
19001709,'1176547',615,,2110,1,,,0
19001709,'1176554',1815,10,2111,34,,,0
19001709,'1176592',645,10,2112,34,,,0
19001709,'1176601',1615,10,2113,34,,,0
19001709,'1176617',2115,10,2114,34,,,0
19001709,'1176629',1015,10,2115,34,,,0
19001709,'1176637',915,10,2116,34,,,0
19001709,'1176640',1835,,2117,34,4,,0
19001709,'1176655',2115,10,2118,34,,,0
19001709,'1176661',2305,,2119,34,4,,0
