12009,'1175904',1401,,1253,41,,,0
12009,'1176180',1101,,1257,41,,,0
12009,'1176258',1814,,1258,41,,,0
12009,'1176284',1501,,1259,41,,,0
12009,'1176435',1201,,1263,41,,,0
12009,'1176479',1601,,1264,41,,,0
12009,'1176508',1701,,1265,41,,,0
12009,'1176541',1001,,1266,41,,,0
12009,'1176548',1301,,1267,41,,,0
14001209,'1142139',1401,,921,45,,,0
14001209,'1142151',1231,,922,45,,,0
14001209,'1142158',1601,,923,45,,,0
14001209,'1142168',1501,,924,45,,,0
14001209,'1142228',1431,,925,45,,,0
14001209,'1142235',1131,,926,45,,,0
14001209,'1142256',1301,,927,45,,,0
14001209,'1142291',1731,,928,45,,,0
14001209,'1142293',1701,,929,45,,,0
14001209,'1142309',1101,,930,45,,,0
14001209,'1142370',831,,931,45,,,0
14001209,'1142423',1201,,933,45,,,0
14001209,'1142439',831,,934,45,,,0
14001209,'1142486',901,,935,45,,,0
14001209,'1142509',1531,,936,45,,,0
14001209,'1142542',1931,,937,45,,,0
14001209,'1142545',1131,,938,45,,,0
14001209,'1142567',1031,,939,45,,,0
14001209,'1142571',1731,,940,45,,,0
14001209,'1142573',1331,,941,45,,,0
14001209,'1142591',1831,,942,45,,,0
14001209,'1142598',931,,943,45,,,0
14001209,'1142600',801,,944,45,,,0
14001209,'1142650',2231,,945,45,,,0
14001209,'1142691',1831,,947,45,,,0
14001209,'1142694',1331,,948,45,,,0
14001209,'1142710',2231,,949,45,,,0
14001209,'1142733',731,,950,23,,,0
14001209,'1142742',731,,951,45,,,0
14001209,'1142760',1001,,952,45,,,0
14001209,'1142766',1231,,953,45,,,0
14001209,'1142771',1801,,954,45,,,0
14001209,'1142778',1631,,955,45,,,0
14001209,'1142786',2131,,956,45,,,0
14001209,'1142797',2031,,957,45,,,0
14001209,'1142806',1431,,958,45,,,0
14001209,'1142817',1631,,960,45,,,0
14001209,'1142820',1931,,961,45,,,0
14001209,'1142837',931,,962,45,,,0
14001209,'1142854',1031,,963,45,,,0
14001209,'1142855',2131,,964,45,,,0
14001209,'1142858',1531,,965,45,,,0
14001209,'1142869',2031,,966,45,,,0
