20009,'1175886',1500,,1606,17,,,0
20009,'1176006',1000,,1608,17,,,0
20009,'1176032',1300,,1609,17,,,0
20009,'1176110',1600,,1610,17,,,0
20009,'1176370',1200,,1614,17,,,0
20009,'1176412',1100,,1617,17,,,0
20009,'1176469',1400,,1619,17,,,0
20009,'1176512',1700,,1620,17,,,0
20009,'1176525',900,,1621,7,,,0
19001709,'1175717',1520,,2072,39,,,0
19001709,'1175742',1120,,2073,39,,,0
19001709,'1175751',1120,,2074,39,,,0
19001709,'1175777',1150,,2075,6,,,0
19001709,'1175789',720,,2076,39,,,0
19001709,'1175830',2020,,2077,39,,,0
19001709,'1175877',1220,,2078,39,,,0
19001709,'1175947',1720,,2079,39,,,0
19001709,'1175951',750,,2080,39,,,0
19001709,'1175978',820,,2081,39,,,0
19001709,'1176042',1720,,2082,39,,,0
19001709,'1176058',1520,,2084,39,,,0
19001709,'1176065',1620,,2085,39,,,0
19001709,'1176099',1420,,2086,39,,,0
19001709,'1176116',1550,,2087,6,,,0
19001709,'1176119',1820,,2088,39,,,0
19001709,'1176120',1920,,2089,39,,,0
19001709,'1176130',1320,,2091,39,,,0
19001709,'1176156',2020,,2092,39,,,0
19001709,'1176161',1420,,2093,39,,,0
19001709,'1176166',950,,2094,39,,,0
19001709,'1176201',920,,2095,39,,,0
19001709,'1176209',1350,,2096,6,,,0
19001709,'1176252',850,,2097,39,,,0
19001709,'1176264',1450,,2098,6,,,0
19001709,'1176273',1020,,2099,39,,,0
19001709,'1176297',1250,,2100,6,,,0
19001709,'1176303',1650,,2101,39,,,0
19001709,'1176312',1750,,2102,39,,,0
19001709,'1176349',1920,,2103,39,,,0
19001709,'1176380',1050,,2104,6,,,0
19001709,'1176415',820,,2105,39,,,0
19001709,'1176420',1220,,2106,39,,,0
19001709,'1176482',1320,,2108,39,,,0
19001709,'1176513',720,,2109,39,,,0
19001709,'1176547',620,,2110,6,,,0
19001709,'1176554',1820,,2111,39,,,0
19001709,'1176592',650,,2112,39,,,0
19001709,'1176601',1620,,2113,39,,,0
19001709,'1176617',2120,,2114,39,,,0
19001709,'1176629',1020,,2115,39,,,0
19001709,'1176637',920,,2116,39,,,0
19001709,'1176655',2120,,2118,39,,,0
