12009,'1175841',1025,,1252,10,0,18 7,0
12009,'1175914',1425,,1254,10,0,18 7,0
12009,'1176038',1125,,1255,10,0,18 7,0
12009,'1176142',1225,,1256,10,0,18 7,0
12009,'1176291',1325,,1260,10,0,18 7,0
12009,'1176342',1525,,1261,10,0,18 7,0
12009,'1176399',1725,,1262,10,0,18 7,0
12009,'1176575',925,,1268,10,0,18 7,0
12009,'1176589',1625,,1269,10,0,18 7,0
19001309,'1142849',1816,,1152,10,0,8 21,0
19001309,'1175725',646,,1374,10,,,0
19001309,'1175746',1246,,1375,10,,,0
19001309,'1175750',2146,,1376,10,,,0
19001309,'1175772',2046,,1378,10,,,0
19001309,'1175824',1946,,1379,10,,,0
19001309,'1175844',646,,1380,10,,,0
19001309,'1175930',1746,,1381,10,,,0
19001309,'1175941',1446,,1382,10,,,0
19001309,'1175974',1616,,1383,10,,,0
19001309,'1176027',1146,,1384,10,,,0
19001309,'1176051',1316,,1385,10,,,0
19001309,'1176056',1516,,1386,10,,,0
19001309,'1176072',846,,1387,10,,,0
19001309,'1176088',816,,1388,10,,,0
19001309,'1176113',946,,1389,10,,,0
19001309,'1176123',1446,,1390,10,,,0
19001309,'1176150',1646,,1391,10,,,0
19001309,'1176155',1716,,1392,10,,,0
19001309,'1176191',1846,,1393,10,,,0
19001309,'1176203',1946,,1394,10,,,0
19001309,'1176205',746,,1395,10,,,0
19001309,'1176216',716,,1396,10,,,0
19001309,'1176219',1546,,1397,10,,,0
19001309,'1176231',1246,,1398,10,,,0
19001309,'1176237',1146,,1399,10,,,0
19001309,'1176251',846,,1400,10,,,0
19001309,'1176267',1846,,1401,10,,,0
19001309,'1176327',2146,,1403,10,,,0
19001309,'1176330',1046,,1404,10,,,0
19001309,'1176347',1346,,1405,10,,,0
19001309,'1176350',1346,,1406,10,,,0
19001309,'1176372',916,,1407,10,,,0
19001309,'1176377',2046,,1408,10,,,0
19001309,'1176385',946,,1409,10,,,0
19001309,'1176484',1546,,1410,10,,,0
19001309,'1176487',1216,,1411,10,,,0
19001309,'1176502',1416,,1412,10,,,0
19001309,'1176565',1046,,1413,10,,,0
19001309,'1176609',1646,,1414,10,,,0
19001309,'1176622',1746,,1415,10,,,0
19001309,'1176667',746,,1416,10,,,0
19001309,'1176691',1116,,1417,10,,,0
19001309,'1176694',1016,,1418,10,,,0
