20009,'1142156',1258,,819,15,,,0
20009,'1142172',958,,820,15,,,0
20009,'1142208',1158,,821,15,,,0
20009,'1142218',858,,822,5,,,0
20009,'1142244',1658,,823,15,,,0
20009,'1142378',1358,,825,15,,,0
20009,'1142609',1458,,831,15,,,0
20009,'1142761',1058,,834,15,,,0
20009,'1142875',1558,,837,15,,,0
19001709,'1142303',1348,,1211,4,,,0
19001709,'1142346',1548,,1214,4,,,0
19001709,'1142490',1148,,1221,4,,,0
19001709,'1142572',1048,,1231,4,,,0
19001709,'1142636',618,,1236,4,,,0
19001709,'1142727',1448,,1242,4,,,0
19001709,'1142751',1248,,1245,4,,,0
19001709,'1175723',918,,1419,37,,,0
19001709,'1175748',948,,1420,37,,,0
19001709,'1175763',1118,,1421,37,,,0
19001709,'1175781',1018,,1422,37,,,0
19001709,'1175795',748,,1423,37,,,0
19001709,'1175819',2118,,1424,37,,,0
19001709,'1175858',1918,,1425,37,,,0
19001709,'1175912',1818,,1427,37,,,0
19001709,'1175946',2118,,1428,37,,,0
19001709,'1176002',1418,,1429,37,,,0
19001709,'1176147',2018,,1431,37,,,0
19001709,'1176151',1518,,1432,37,,,0
19001709,'1176162',1218,,1433,37,,,0
19001709,'1176204',1618,,1434,37,,,0
19001709,'1176288',818,,1435,37,,,0
19001709,'1176339',1718,,1436,37,,,0
19001709,'1176366',718,,1437,37,,,0
19001709,'1176369',1618,,1438,37,,,0
19001709,'1176400',1118,,1439,37,,,0
19001709,'1176416',1918,,1440,37,,,0
19001709,'1176419',918,,1441,37,,,0
19001709,'1176422',1518,,1442,37,,,0
19001709,'1176428',1648,,1443,37,,,0
19001709,'1176461',1748,,1444,37,,,0
19001709,'1176465',2018,,1445,37,,,0
19001709,'1176481',1418,,1447,37,,,0
19001709,'1176493',648,,1448,37,,,0
19001709,'1176540',1018,,1449,37,,,0
19001709,'1176561',1718,,1450,37,,,0
19001709,'1176587',818,,1451,37,,,0
19001709,'1176600',1318,,1452,37,,,0
19001709,'1176606',1318,,1453,37,,,0
19001709,'1176634',718,,1454,37,,,0
19001709,'1176635',848,,1455,37,,,0
19001709,'1176664',1218,,1457,37,,,0
19001709,'1176670',1818,,1458,37,,,0
