14009,'1142177',1048,,766,21,,,0
14009,'1142342',1548,,771,21,,,0
14009,'1142362',1348,,772,21,,,0
14009,'1142406',948,,774,21,,,0
14009,'1142444',1248,,775,21,,,0
14009,'1142613',1801,,777,21,,,0
14009,'1142687',1648,,779,21,,,0
14009,'1142827',1448,,781,21,,,0
14009,'1142830',1148,,782,21,,,0
14001209,'1142139',1350,,921,31,,,0
14001209,'1142151',1220,,922,31,,,0
14001209,'1142158',1550,,923,31,,,0
14001209,'1142168',1450,,924,31,,,0
14001209,'1142228',1420,,925,31,,,0
14001209,'1142235',1120,,926,31,,,0
14001209,'1142256',1250,,927,31,,,0
14001209,'1142291',1720,,928,31,,,0
14001209,'1142293',1650,,929,31,,,0
14001209,'1142309',1050,,930,31,,,0
14001209,'1142370',820,,931,31,,,0
14001209,'1142423',1150,,933,31,,,0
14001209,'1142439',820,,934,31,,,0
14001209,'1142486',850,,935,31,,,0
14001209,'1142509',1520,,936,31,,,0
14001209,'1142542',1920,,937,31,,,0
14001209,'1142545',1120,,938,31,,,0
14001209,'1142567',1020,,939,31,,,0
14001209,'1142571',1720,,940,31,,,0
14001209,'1142573',1320,,941,31,,,0
14001209,'1142591',1820,,942,31,,,0
14001209,'1142598',920,,943,31,,,0
14001209,'1142600',750,,944,31,,,0
14001209,'1142650',2220,,945,31,,,0
14001209,'1142691',1820,,947,31,,,0
14001209,'1142694',1320,,948,31,,,0
14001209,'1142710',2220,,949,31,,,0
14001209,'1142733',720,,950,9,,,0
14001209,'1142742',720,,951,31,,,0
14001209,'1142760',950,,952,31,,,0
14001209,'1142766',1220,,953,31,,,0
14001209,'1142771',1750,,954,31,,,0
14001209,'1142778',1620,,955,31,,,0
14001209,'1142786',2120,,956,31,,,0
14001209,'1142797',2020,,957,31,,,0
14001209,'1142806',1420,,958,31,,,0
14001209,'1142817',1620,,960,31,,,0
14001209,'1142820',1920,,961,31,,,0
14001209,'1142837',920,,962,31,,,0
14001209,'1142854',1020,,963,31,,,0
14001209,'1142855',2120,,964,31,,,0
14001209,'1142858',1520,,965,31,,,0
14001209,'1142869',2020,,966,31,,,0
