20009,'1175879',1510,,1605,26,0,10 11,0
20009,'1175940',1110,,1607,26,0,10 11,0
20009,'1176265',1610,,1612,26,0,10 11,0
20009,'1176319',1802,,1613,26,0,10 11,0
20009,'1176398',1410,,1615,26,0,10 11,0
20009,'1176408',1010,,1616,26,0,10 11,0
20009,'1176425',1210,,1618,26,0,10 11,0
20009,'1176552',1310,,1622,26,0,10 11,0
20009,'1176647',1710,,1623,26,0,10 11,0
19001509,'1175715',2053,,2024,13,,,0
19001509,'1175729',953,,2025,13,,,0
19001509,'1175736',2153,,2026,13,0,12,0
19001509,'1175740',753,,2027,13,,,0
19001509,'1175741',1253,,2028,13,,,0
19001509,'1175769',2253,,2029,13,0,12,0
19001509,'1175774',2153,,2030,13,0,12,0
19001509,'1175778',1723,,2031,13,,,0
19001509,'1175793',1753,,2032,13,,,0
19001509,'1175801',753,,2033,13,,,0
19001509,'1175845',1323,,2034,13,,,0
19001509,'1175897',1423,,2035,13,,,0
19001509,'1175899',1153,,2036,13,,,0
19001509,'1175907',923,,2037,13,,,0
19001509,'1175925',1553,,2038,13,,,0
19001509,'1175932',1453,,2039,13,,,0
19001509,'1175953',1523,,2040,13,,,0
19001509,'1175967',1023,,2042,13,,,0
19001509,'1175996',1623,,2043,13,,,0
19001509,'1176000',853,,2044,13,,,0
19001509,'1176049',1653,,2045,13,,,0
19001509,'1176055',1853,,2046,13,,,0
19001509,'1176057',953,,2047,13,,,0
19001509,'1176073',723,,2048,13,,,0
19001509,'1176074',653,,2049,13,,,0
19001509,'1176085',1853,,2050,13,,,0
19001509,'1176090',2053,,2051,13,,,0
19001509,'1176092',1053,,2052,13,,,0
19001509,'1176093',853,,2053,13,,,0
19001509,'1176105',1953,,2054,13,,,0
19001509,'1176238',1453,,2055,13,,,0
19001509,'1176266',1123,,2056,13,,,0
19001509,'1176293',1353,,2057,13,,,0
19001509,'1176328',1223,,2058,13,,,0
19001509,'1176335',1953,,2059,13,,,0
19001509,'1176340',1823,,2060,13,0,12,0
19001509,'1176355',1553,,2061,13,,,0
19001509,'1176358',1253,,2062,13,,,0
19001509,'1176362',1753,,2063,13,,,0
19001509,'1176426',1053,,2064,13,,,0
19001509,'1176434',2253,,2065,13,0,12,0
19001509,'1176496',1353,,2067,13,,,0
19001509,'1176536',653,,2068,13,,,0
19001509,'1176537',823,,2069,13,,,0
19001509,'1176684',1653,,2070,13,,,0
19001509,'1176689',1153,,2071,13,,,0
