13009,'1176096',1127,,1537,8,,,0
13009,'1176190',1527,,1540,8,,,0
13009,'1176224',1027,,1542,8,,,0
13009,'1176248',1727,,1543,8,,,0
13009,'1176271',1627,,1544,8,,,0
13009,'1176360',927,,1545,8,,,0
13009,'1176371',1227,,1546,8,,,0
13009,'1176623',1327,,1549,8,,,0
13009,'1176644',1427,,1550,8,,,0
14001209,'1175718',1621,,1789,8,,,0
14001209,'1175861',1851,,1790,8,,,0
14001209,'1175900',1721,,1791,8,,,0
14001209,'1175913',2251,,1792,8,0,8 21,0
14001209,'1175915',2051,,1793,8,,,0
14001209,'1175917',1421,,1794,8,,,0
14001209,'1175919',1951,,1795,8,,,0
14001209,'1175938',751,,1796,8,,,0
14001209,'1175939',1751,,1797,8,,,0
14001209,'1175983',2151,,1798,8,,,0
14001209,'1176007',1251,,1799,8,,,0
14001209,'1176012',1051,,1800,8,,,0
14001209,'1176069',851,,1801,8,,,0
14001209,'1176070',1151,,1802,8,,,0
14001209,'1176091',951,,1803,8,,,0
14001209,'1176103',951,,1805,8,,,0
14001209,'1176117',1151,,1806,8,,,0
14001209,'1176122',2251,,1807,8,0,8 21,0
14001209,'1176163',1851,,1808,8,,,0
14001209,'1176213',1051,,1809,8,,,0
14001209,'1176217',1551,,1810,8,,,0
14001209,'1176245',1751,,1811,8,,,0
14001209,'1176255',851,,1812,8,,,0
14001209,'1176275',1651,,1813,8,,,0
14001209,'1176323',1121,,1814,8,,,0
14001209,'1176336',1821,,1815,8,0,8 21,0
14001209,'1176343',1351,,1816,8,,,0
14001209,'1176354',1451,,1817,8,,,0
14001209,'1176378',1251,,1818,8,,,0
14001209,'1176401',721,,1819,8,,,0
14001209,'1176411',2051,,1820,8,,,0
14001209,'1176440',1451,,1821,8,,,0
14001209,'1176458',651,,1822,8,,,0
14001209,'1176470',1551,,1823,8,,,0
14001209,'1176472',1021,,1824,8,,,0
14001209,'1176483',1321,,1825,8,,,0
14001209,'1176488',1651,,1826,8,,,0
14001209,'1176515',1951,,1827,8,,,0
14001209,'1176526',921,,1828,8,,,0
14001209,'1176532',1221,,1829,8,,,0
14001209,'1176546',2151,,1830,8,,,0
14001209,'1176594',821,,1831,8,,,0
14001209,'1176599',1521,,1832,8,,,0
14001209,'1176626',751,,1833,8,,,0
14001209,'1176676',1351,,1834,8,,,0
