14009,'1142164',1127,,765,18,0,5 6 7,0
14009,'1142187',1427,,767,18,0,5 6 7,0
14009,'1142323',1627,,768,18,0,5 6 7,0
14009,'1142325',1727,,769,18,0,5 6 7,0
14009,'1142341',1227,,770,18,0,5 6 7,0
14009,'1142386',927,,773,18,0,5 6 7,0
14009,'1142559',1527,,776,18,0,5 6 7,0
14009,'1142645',1327,,778,18,0,5 6 7,0
14009,'1142708',1027,,780,18,0,5 6 7,0
19001309,'1142849',1826,,1152,22,0,8 21,0
19001309,'1175725',656,,1374,22,,,0
19001309,'1175746',1256,,1375,22,,,0
19001309,'1175750',2156,,1376,22,,,0
19001309,'1175772',2056,,1378,22,,,0
19001309,'1175824',1956,,1379,22,,,0
19001309,'1175844',656,,1380,22,,,0
19001309,'1175930',1756,,1381,22,,,0
19001309,'1175941',1456,,1382,22,,,0
19001309,'1175974',1626,,1383,22,,,0
19001309,'1176027',1156,,1384,22,,,0
19001309,'1176051',1326,,1385,22,,,0
19001309,'1176056',1526,,1386,22,,,0
19001309,'1176072',856,,1387,22,,,0
19001309,'1176088',826,,1388,22,,,0
19001309,'1176113',956,,1389,22,,,0
19001309,'1176123',1456,,1390,22,,,0
19001309,'1176150',1656,,1391,22,,,0
19001309,'1176155',1726,,1392,22,,,0
19001309,'1176191',1856,,1393,22,,,0
19001309,'1176203',1956,,1394,22,,,0
19001309,'1176205',756,,1395,22,,,0
19001309,'1176216',726,,1396,22,,,0
19001309,'1176219',1556,,1397,22,,,0
19001309,'1176231',1256,,1398,22,,,0
19001309,'1176237',1156,,1399,22,,,0
19001309,'1176251',856,,1400,22,,,0
19001309,'1176267',1856,,1401,22,,,0
19001309,'1176327',2156,,1403,22,,,0
19001309,'1176330',1056,,1404,22,,,0
19001309,'1176347',1356,,1405,22,,,0
19001309,'1176350',1356,,1406,22,,,0
19001309,'1176372',926,,1407,22,,,0
19001309,'1176377',2056,,1408,22,,,0
19001309,'1176385',956,,1409,22,,,0
19001309,'1176484',1556,,1410,22,,,0
19001309,'1176487',1226,,1411,22,,,0
19001309,'1176502',1426,,1412,22,,,0
19001309,'1176565',1056,,1413,22,,,0
19001309,'1176609',1656,,1414,22,,,0
19001309,'1176622',1756,,1415,22,,,0
19001309,'1176667',756,,1416,22,,,0
19001309,'1176691',1126,,1417,22,,,0
19001309,'1176694',1026,,1418,22,,,0
