12009,'1175841',1039,,1252,22,0,18 7,0
12009,'1175914',1439,,1254,22,0,18 7,0
12009,'1176038',1139,,1255,22,0,18 7,0
12009,'1176142',1239,,1256,22,0,18 7,0
12009,'1176291',1339,,1260,22,0,18 7,0
12009,'1176342',1539,,1261,22,0,18 7,0
12009,'1176399',1739,,1262,22,0,18 7,0
12009,'1176575',939,,1268,22,0,18 7,0
12009,'1176589',1639,,1269,22,0,18 7,0
19001109,'1175791',2057,,1347,17,,,0
19001109,'1175792',1857,,1348,17,,,0
19001109,'1175853',1857,,1349,17,,,0
19001109,'1175887',1727,,1350,17,,,0
19001109,'1175950',657,,1351,17,,,0
19001109,'1175987',757,,1352,17,,,0
19001109,'1175992',1757,,1353,17,,,0
19001109,'1176020',657,,1354,17,,,0
19001109,'1176179',1757,,1355,17,,,0
19001109,'1176193',1957,,1356,17,,,0
19001109,'1176227',2057,,1357,17,,,0
19001109,'1176244',1657,,1358,17,,,0
19001109,'1176256',827,,1359,17,,,0
19001109,'1176310',857,,1360,17,,,0
19001109,'1176359',1957,,1361,17,,,0
19001109,'1176409',2252,,1362,17,0,12,0
19001109,'1176413',927,,1363,17,,,0
19001109,'1176424',957,,1364,17,,,0
19001109,'1176436',957,,1365,17,,,0
19001109,'1176437',857,,1366,17,,,0
19001109,'1176447',2252,,1367,17,0,12,0
19001109,'1176477',1657,,1368,17,,,0
19001109,'1176498',727,,1369,17,,,0
19001109,'1176505',2157,,1370,17,,,0
19001109,'1176514',757,,1371,17,,,0
19001109,'1176571',2157,,1372,17,,,0
19001109,'1176619',1827,,1373,17,0,8 21,0
