20009,'1175879',1442,,1605,11,0,10 11,0
20009,'1175940',1042,,1607,11,0,10 11,0
20009,'1176265',1542,,1612,11,0,10 11,0
20009,'1176319',1742,,1613,11,0,10 11,0
20009,'1176398',1342,,1615,11,0,10 11,0
20009,'1176408',942,,1616,11,0,10 11,0
20009,'1176425',1142,,1618,11,0,10 11,0
20009,'1176552',1242,,1622,11,0,10 11,0
20009,'1176647',1642,,1623,11,0,10 11,0
30009,'1178820',1636,,2120,1,0,23 24 2 25,0,98,,2120,24,4,,0
30009,'1178826',1506,,2126,1,0,23 24 2 25,0,98,,2126,24,4,,0
30009,'1178827',1006,,2127,1,0,23 24 2 25,0,98,,2127,24,4,,0
30009,'1178828',1006,,2128,1,0,23 24 2 25,0,98,,2128,24,4,,0
30009,'1178829',734,,2129,23,4,,0
30009,'1178830',936,,2130,1,0,23 24 2 25,0,98,,2130,24,4,,0
30009,'1178831',804,,2131,23,4,,0
30009,'1178835',906,,2135,1,0,23 24 2 25,0,98,,2135,24,4,,0
30009,'1178836',1806,,2136,1,0,23 24 2 25,0,98,,2136,24,4,,0
30009,'1178838',1036,,2138,1,0,8 9 2 25,0
30009,'1178840',2006,,2140,1,0,23 24 2 25,0,98,,2140,24,4,,0
30009,'1178841',1106,,2141,1,0,23 24 2 25,0,98,,2141,24,4,,0
30009,'1178843',1606,,2143,1,0,23 24 2 25,0,98,,2143,24,4,,0
30009,'1178845',806,,2145,1,0,23 24 2 25,0,98,,2145,24,4,,0
30009,'1178846',1406,,2146,1,0,23 24 2 25,0,98,,2146,24,4,,0
30009,'1178847',1736,,2147,1,0,23 24 2 25,0,98,,2147,24,4,,0
30009,'1178848',2206,,2148,1,0,8 9 2 25,0
30009,'1178852',2106,,2152,1,0,23 24 2 25,0,98,,2152,24,4,,0
30009,'1178854',1906,,2154,1,0,23 24 2 25,0,98,,2154,24,4,,0
30009,'1178857',736,,2157,1,0,23 24 2 25,0,98,,2157,24,4,,0
30009,'1178860',806,,2160,1,0,23 24 2 25,0,98,,2160,24,4,,0
30009,'1178861',1206,,2161,1,0,23 24 2 25,0,98,,2161,24,4,,0
30009,'1178863',1306,,2163,1,0,23 24 2 25,0,98,,2163,24,4,,0
30009,'1178865',1506,,2165,1,0,23 24 2 25,0,98,,2165,24,4,,0
30009,'1178868',1706,,2168,1,0,23 24 2 25,0,98,,2168,24,4,,0
30009,'1178869',1706,,2169,1,0,23 24 2 25,0,98,,2169,24,4,,0
30009,'1178873',1306,,2173,1,0,23 24 2 25,0,98,,2173,24,4,,0
30009,'1178874',1836,,2174,1,0,8 9 2 25,0
30009,'1178880',1106,,2180,1,0,23 24 2 25,0,98,,2180,24,4,,0
30009,'1178881',1206,,2181,1,0,23 24 2 25,0,98,,2181,24,4,,0
30009,'1178882',1806,,2182,1,0,23 24 2 25,0,98,,2182,24,4,,0
30009,'1178883',1406,,2183,1,0,23 24 2 25,0,98,,2183,24,4,,0
30009,'1178884',836,,2184,1,0,23 24 2 25,0,98,,2184,24,4,,0
30009,'1178885',1906,,2185,1,0,23 24 2 25,0,98,,2185,24,4,,0
30009,'1178886',906,,2186,1,0,23 24 2 25,0,98,,2186,24,4,,0
30009,'1178887',2006,,2187,1,0,23 24 2 25,0,98,,2187,24,4,,0
30009,'1178893',2206,,2193,1,0,8 9 2 25,0
30009,'1178896',706,,2196,1,0,23 24 2 25,0,98,,2196,24,4,,0
30009,'1178897',2106,,2197,1,0,23 24 2 25,0,98,,2197,24,4,,0
30009,'1178898',1606,,2198,1,0,23 24 2 25,0,98,,2198,24,4,,0
30009,'1178899',1536,,2199,1,0,23 24 2 25,0,98,,2199,24,4,,0
14001609,'1175722',1055,,1882,13,,,0
14001609,'1175752',655,,1883,13,,,0
14001609,'1175760',1955,,1884,13,,,0
14001609,'1175799',925,,1885,13,0,8 21,0
14001609,'1175804',1025,,1886,13,0,8 21,0
14001609,'1175908',825,,1888,13,,,0
14001609,'1175922',1155,,1889,13,,,0
14001609,'1175936',755,,1890,13,,,0
14001609,'1175982',1125,,1891,13,0,8 21,0
14001609,'1175986',1355,,1892,13,,,0
14001609,'1175988',1255,,1893,13,,,0
14001609,'1175989',1755,,1894,13,,,0
14001609,'1176010',1225,,1895,13,0,8 21,0
14001609,'1176015',855,,1896,13,,,0
14001609,'1176131',1325,,1897,13,0,8 21,0
14001609,'1176168',1255,,1898,13,,,0
14001609,'1176170',1525,,1899,13,,,0
14001609,'1176241',2055,,1900,13,,,0
14001609,'1176247',725,,1901,13,,,0
14001609,'1176270',2155,,1902,13,,,0
14001609,'1176280',1555,,1903,13,,,0
14001609,'1176296',1455,,1904,13,,,0
14001609,'1176309',2155,,1905,13,,,0
14001609,'1176320',1755,,1906,13,,,0
14001609,'1176374',1825,,1907,13,0,8 21,0
14001609,'1176381',955,,1908,13,,,0
14001609,'1176402',1955,,1909,13,,,0
14001609,'1176421',755,,1910,13,,,0
14001609,'1176486',1725,,1911,13,,,0
14001609,'1176492',1055,,1912,13,,,0
14001609,'1176495',1855,,1913,13,,,0
14001609,'1176500',1555,,1914,13,,,0
14001609,'1176504',1655,,1915,13,,,0
14001609,'1176510',1455,,1916,13,,,0
14001609,'1176518',1625,,1917,13,,,0
14001609,'1176524',955,,1918,13,,,0
14001609,'1176533',855,,1919,13,,,0
14001609,'1176577',2055,,1921,13,,,0
14001609,'1176593',1425,,1923,13,0,8 21,0
14001609,'1176602',1355,,1924,13,,,0
14001609,'1176621',1855,,1926,13,,,0
14001609,'1176627',1655,,1927,13,,,0
14001609,'1176671',1155,,1929,13,,,0
