19001309,'1142849',1827,,1152,25,0,8 21,0
19001309,'1175725',657,,1374,25,,,0
19001309,'1175746',1257,,1375,25,,,0
19001309,'1175750',2157,,1376,25,,,0
19001309,'1175772',2057,,1378,25,,,0
19001309,'1175824',1957,,1379,25,,,0
19001309,'1175844',657,,1380,25,,,0
19001309,'1175930',1757,,1381,25,,,0
19001309,'1175941',1457,,1382,25,,,0
19001309,'1175974',1627,,1383,25,,,0
19001309,'1176027',1157,,1384,25,,,0
19001309,'1176051',1327,,1385,25,,,0
19001309,'1176056',1527,,1386,25,,,0
19001309,'1176072',857,,1387,25,,,0
19001309,'1176088',827,,1388,25,,,0
19001309,'1176113',957,,1389,25,,,0
19001309,'1176123',1457,,1390,25,,,0
19001309,'1176150',1657,,1391,25,,,0
19001309,'1176155',1727,,1392,25,,,0
19001309,'1176191',1857,,1393,25,,,0
19001309,'1176203',1957,,1394,25,,,0
19001309,'1176205',757,,1395,25,,,0
19001309,'1176216',727,,1396,25,,,0
19001309,'1176219',1557,,1397,25,,,0
19001309,'1176231',1257,,1398,25,,,0
19001309,'1176237',1157,,1399,25,,,0
19001309,'1176251',857,,1400,25,,,0
19001309,'1176267',1857,,1401,25,,,0
19001309,'1176327',2157,,1403,25,,,0
19001309,'1176330',1057,,1404,25,,,0
19001309,'1176347',1357,,1405,25,,,0
19001309,'1176350',1357,,1406,25,,,0
19001309,'1176372',927,,1407,25,,,0
19001309,'1176377',2057,,1408,25,,,0
19001309,'1176385',957,,1409,25,,,0
19001309,'1176484',1557,,1410,25,,,0
19001309,'1176487',1227,,1411,25,,,0
19001309,'1176502',1427,,1412,25,,,0
19001309,'1176565',1057,,1413,25,,,0
19001309,'1176609',1657,,1414,25,,,0
19001309,'1176622',1757,,1415,25,,,0
19001309,'1176667',757,,1416,25,,,0
19001309,'1176691',1127,,1417,25,,,0
19001309,'1176694',1027,,1418,25,,,0
