14001609,'1175743',733,,1306,46,,,0
14001609,'1175762',833,,1307,46,,,0
14001609,'1175785',1033,,1308,46,,,0
14001609,'1175815',803,,1309,46,,,0
14001609,'1175849',933,,1310,46,,,0
14001609,'1175881',933,,1311,46,,,0
14001609,'1175882',733,,1312,26,,,0
14001609,'1175901',1333,,1313,46,,,0
14001609,'1175909',903,,1314,46,,,0
14001609,'1175926',1233,,1315,46,,,0
14001609,'1175981',1803,,1316,46,,,0
14001609,'1176005',2233,,1317,46,,,0
14001609,'1176019',1933,,1318,46,,,0
14001609,'1176030',1433,,1319,46,,,0
14001609,'1176040',633,,1320,3,,,0
14001609,'1176078',1733,,1321,46,,,0
14001609,'1176081',2033,,1322,46,,,0
14001609,'1176129',1533,,1323,46,,,0
14001609,'1176132',633,,1324,3,,,0
14001609,'1176134',2133,,1325,46,,,0
14001609,'1176154',2133,,1326,46,,,0
14001609,'1176172',1633,,1327,46,,,0
14001609,'1176186',1703,,1328,46,,,0
14001609,'1176192',2233,,1329,46,,,0
14001609,'1176206',1333,,1330,46,,,0
14001609,'1176260',1433,,1331,46,,,0
14001609,'1176285',1833,,1332,46,,,0
14001609,'1176295',703,,1333,3,,,0
14001609,'1176332',1833,,1334,46,,,0
14001609,'1176457',1133,,1335,46,,,0
14001609,'1176506',1933,,1336,46,,,0
14001609,'1176531',2033,,1337,46,,,0
14001609,'1176542',1603,,1338,46,,,0
14001609,'1176555',1233,,1339,46,,,0
14001609,'1176566',1133,,1340,46,,,0
14001609,'1176590',1033,,1341,46,,,0
14001609,'1176615',1533,,1342,46,,,0
14001609,'1176650',1633,,1343,46,,,0
14001609,'1176683',1733,,1344,46,,,0
14001609,'1176688',833,,1345,46,,,0
14001609,'1176693',606,,1346,3,,,0
