11009,'1175771',1444,,1461,24,,,0
11009,'1175802',1744,,1462,24,,,0
11009,'1176133',1644,,1468,24,,,0
11009,'1176140',1044,,1469,24,,,0
11009,'1176188',1244,,1470,24,,,0
11009,'1176403',1144,,1472,24,,,0
11009,'1176448',944,,1473,24,,,0
11009,'1176583',1544,,1474,24,,,0
11009,'1176618',1344,,1475,24,,,0
11609,'1175716',1153,,1478,28,,,0
11609,'1175732',1553,,1479,28,,,0
11609,'1175756',1353,,1480,28,,,0
11609,'1175773',2053,,1481,28,,,0
11609,'1175832',1823,,1482,28,,,0
11609,'1175843',1453,,1483,28,,,0
11609,'1175850',2153,,1484,28,,,0
11609,'1175868',1253,,1485,28,,,0
11609,'1175918',1657,,1486,29,,,0
11609,'1175942',1753,,1487,28,,,0
11609,'1175949',1727,,1488,29,,,0
11609,'1175954',953,,1489,28,,,0
11609,'1175958',1553,,1490,28,,,0
11609,'1175970',1153,,1491,28,,,0
11609,'1176003',1953,,1492,28,,,0
11609,'1176080',1353,,1493,28,,,0
11609,'1176101',1853,,1494,28,,,0
11609,'1176137',1853,,1495,28,,,0
11609,'1176153',1653,,1496,28,,,0
11609,'1176239',1253,,1497,28,,,0
11609,'1176240',753,,1498,28,,,0
11609,'1176243',657,,1499,29,,,0
11609,'1176254',823,,1500,28,,,0
11609,'1176259',2053,,1501,28,,,0
11609,'1176276',853,,1502,28,,,0
11609,'1176432',727,,1503,29,,,0
11609,'1176433',1623,,1504,28,,,0
11609,'1176442',923,,1505,28,,,0
11609,'1176443',1053,,1506,28,,,0
11609,'1176475',753,,1507,28,,,0
11609,'1176603',1753,,1508,28,,,0
11609,'1176630',2153,,1509,28,,,0
11609,'1176639',1953,,1510,28,,,0
11609,'1176641',1053,,1511,28,,,0
11609,'1176646',953,,1512,28,,,0
11609,'1176652',853,,1513,28,,,0
11609,'1176685',1453,,1514,28,,,0
16009,'1175859',1243,,1588,27,0,16 17 11,0
16009,'1176087',1343,,1589,27,0,16 17 11,0
16009,'1176112',1443,,1590,27,0,16 17 11,0
16009,'1176128',1743,,1591,27,0,16 17 11,0
16009,'1176235',1043,,1593,27,0,16 17 11,0
16009,'1176236',1643,,1594,27,0,16 17 11,0
16009,'1176410',1543,,1599,27,0,16 17 11,0
16009,'1176572',943,,1602,27,0,16 17 11,0
16009,'1176585',1143,,1603,27,0,16 17 11,0
14001009,'1175755',854,,1743,26,,,0
14001009,'1175787',1754,,1744,26,,,0
14001009,'1175798',1754,,1745,26,,,0
14001009,'1175806',1124,,1746,26,0,8 21,0
14001009,'1175825',1554,,1748,26,,,0
14001009,'1175826',1254,,1749,26,,,0
14001009,'1175836',1724,,1750,26,,,0
14001009,'1175840',1954,,1751,26,,,0
14001009,'1175865',1024,,1752,26,0,8 21,0
14001009,'1175890',1954,,1753,26,,,0
14001009,'1175905',2054,,1754,26,,,0
14001009,'1175937',1354,,1755,26,,,0
14001009,'1175943',1654,,1756,26,,,0
14001009,'1175962',2254,,1757,26,0,8 21,0
14001009,'1175995',1054,,1758,26,,,0
14001009,'1176008',724,,1759,26,,,0
14001009,'1176017',754,,1760,26,,,0
14001009,'1176075',1654,,1761,26,,,0
14001009,'1176104',2154,,1762,26,,,0
14001009,'1176141',1254,,1763,26,,,0
14001009,'1176158',1454,,1764,26,,,0
14001009,'1176181',924,,1765,26,0,8 21,0
14001009,'1176198',954,,1766,26,,,0
14001009,'1176208',2154,,1767,26,,,0
14001009,'1176215',1854,,1768,26,,,0
14001009,'1176225',1324,,1769,26,0,8 21,0
14001009,'1176249',1054,,1770,26,,,0
14001009,'1176269',2054,,1771,26,,,0
14001009,'1176278',2254,,1772,26,0,8 21,0
14001009,'1176300',1524,,1773,26,0,8 21,0
14001009,'1176311',954,,1774,26,,,0
14001009,'1176346',824,,1775,26,,,0
14001009,'1176365',854,,1776,26,,,0
14001009,'1176376',1554,,1777,26,,,0
14001009,'1176382',1154,,1778,26,,,0
14001009,'1176449',654,,1779,26,,,0
14001009,'1176452',1224,,1780,26,0,8 21,0
14001009,'1176545',754,,1781,26,,,0
14001009,'1176551',1354,,1782,26,,,0
14001009,'1176579',1624,,1783,26,,,0
14001009,'1176580',1154,,1784,26,,,0
14001009,'1176607',1854,,1785,26,,,0
14001009,'1176612',1824,,1786,26,0,8 21,0
14001009,'1176628',1424,,1787,26,0,8 21,0
14001009,'1176653',1454,,1788,26,,,0
