15009,'1175924',1038,,1574,5,,,0
15009,'1175955',1638,,1575,5,,,0
15009,'1176009',1438,,1576,5,,,0
15009,'1176045',938,,1577,5,,,0
15009,'1176107',1538,,1579,5,,,0
15009,'1176262',1738,,1581,5,,,0
15009,'1176306',1138,,1583,5,,,0
15009,'1176632',1338,,1585,5,,,0
15009,'1176645',1238,,1586,5,,,0
14001409,'1175733',1856,,1835,15,,,0
14001409,'1175775',1156,,1836,15,,,0
14001409,'1175776',2056,,1837,15,,,0
14001409,'1175786',1956,,1838,15,,,0
14001409,'1175790',1556,,1839,15,,,0
14001409,'1175803',1356,,1840,15,,,0
14001409,'1175809',926,,1841,15,,,0
14001409,'1175820',1456,,1842,15,,,0
14001409,'1175821',1156,,1843,15,,,0
14001409,'1175838',1126,,1844,15,,,0
14001409,'1175856',1056,,1845,15,,,0
14001409,'1175876',1556,,1846,15,,,0
14001409,'1175893',1856,,1847,15,,,0
14001409,'1175894',1726,,1848,15,,,0
14001409,'1175902',1626,,1849,15,,,0
14001409,'1175961',1256,,1850,15,,,0
14001409,'1175973',856,,1851,15,,,0
14001409,'1175975',1756,,1852,15,,,0
14001409,'1175979',1826,,1853,15,0,8 21,0
14001409,'1175999',826,,1854,15,,,0
14001409,'1176001',1026,,1855,15,,,0
14001409,'1176014',1056,,1856,15,,,0
14001409,'1176036',726,,1857,15,,,0
14001409,'1176047',1356,,1858,15,,,0
14001409,'1176050',2056,,1859,15,,,0
14001409,'1176071',1226,,1860,15,,,0
14001409,'1176160',1656,,1861,15,,,0
14001409,'1176250',756,,1862,15,,,0
14001409,'1176268',2156,,1863,15,,,0
14001409,'1176283',1326,,1864,15,,,0
14001409,'1176308',2156,,1866,15,,,0
14001409,'1176314',656,,1867,15,,,0
14001409,'1176393',956,,1869,15,,,0
14001409,'1176423',756,,1870,15,,,0
14001409,'1176476',1526,,1872,15,,,0
14001409,'1176485',956,,1873,15,,,0
14001409,'1176522',856,,1874,15,,,0
14001409,'1176556',1656,,1876,15,,,0
14001409,'1176558',1456,,1877,15,,,0
14001409,'1176598',1956,,1878,15,,,0
14001409,'1176631',1256,,1879,15,,,0
14001409,'1176643',1426,,1880,15,,,0
14001409,'1176681',1756,,1881,15,,,0
