12009,'1175841',1104,,1252,52,0,18 7,0
12009,'1175914',1504,,1254,52,0,18 7,0
12009,'1176038',1204,,1255,52,0,18 7,0
12009,'1176142',1304,,1256,52,0,18 7,0
12009,'1176291',1404,,1260,52,0,18 7,0
12009,'1176342',1604,,1261,52,0,18 7,0
12009,'1176399',1817,,1262,52,0,18 7,0
12009,'1176575',1004,,1268,52,0,18 7,0
12009,'1176589',1704,,1269,52,0,18 7,0
14001609,'1175743',738,,1306,53,,,0
14001609,'1175762',838,,1307,53,,,0
14001609,'1175785',1038,,1308,53,,,0
14001609,'1175815',808,,1309,53,,,0
14001609,'1175849',938,,1310,53,,,0
14001609,'1175881',938,,1311,53,,,0
14001609,'1175882',738,,1312,33,,,0
14001609,'1175901',1338,,1313,53,,,0
14001609,'1175909',908,,1314,53,,,0
14001609,'1175926',1238,,1315,53,,,0
14001609,'1175981',1808,,1316,53,,,0
14001609,'1176005',2238,,1317,53,,,0
14001609,'1176019',1938,,1318,53,,,0
14001609,'1176030',1438,,1319,53,,,0
14001609,'1176040',638,,1320,10,,,0
14001609,'1176078',1738,,1321,53,,,0
14001609,'1176081',2038,,1322,53,,,0
14001609,'1176129',1538,,1323,53,,,0
14001609,'1176132',638,,1324,10,,,0
14001609,'1176134',2138,,1325,53,,,0
14001609,'1176154',2138,,1326,53,,,0
14001609,'1176172',1638,,1327,53,,,0
14001609,'1176186',1708,,1328,53,,,0
14001609,'1176192',2238,,1329,53,,,0
14001609,'1176206',1338,,1330,53,,,0
14001609,'1176260',1438,,1331,53,,,0
14001609,'1176285',1838,,1332,53,,,0
14001609,'1176295',708,,1333,10,,,0
14001609,'1176332',1838,,1334,53,,,0
14001609,'1176457',1138,,1335,53,,,0
14001609,'1176506',1938,,1336,53,,,0
14001609,'1176531',2038,,1337,53,,,0
14001609,'1176542',1608,,1338,53,,,0
14001609,'1176555',1238,,1339,53,,,0
14001609,'1176566',1138,,1340,53,,,0
14001609,'1176590',1038,,1341,53,,,0
14001609,'1176615',1538,,1342,53,,,0
14001609,'1176650',1638,,1343,53,,,0
14001609,'1176683',1738,,1344,53,,,0
14001609,'1176688',838,,1345,53,,,0
14001609,'1176693',611,,1346,10,,,0
