11009,'1142195',1611,,674,30,0,13 14 15,0
11009,'1142199',911,,675,30,0,13 14 15,0
11009,'1142242',1211,,676,30,0,13 14 15,0
11009,'1142268',1411,,677,30,0,13 14 15,0
11009,'1142289',1011,,678,30,0,13 14 15,0
11009,'1142564',1311,,683,30,0,13 14 15,0
11009,'1142626',1711,,684,30,0,13 14 15,0
11009,'1142667',1111,,685,30,0,13 14 15,0
11009,'1142728',1511,,690,30,0,13 14 15,0
13009,'1175753',1014,,1270,28,0,19 15,0
13009,'1175782',1214,,1271,28,0,19 15,0
13009,'1175783',914,,1272,28,0,19 15,0
13009,'1176089',1114,,1273,28,0,19 15,0
13009,'1176177',1314,,1274,28,0,19 15,0
13009,'1176441',1714,,1275,28,0,19 15,0
13009,'1176507',1514,,1276,28,0,19 15,0
13009,'1176529',1614,,1277,28,0,19 15,0
13009,'1176679',1414,,1278,28,0,19 15,0
15009,'1142326',1231,,785,37,0,20 15,0
15009,'1142391',1031,,786,37,0,20 15,0
15009,'1142463',1631,,789,37,0,20 15,0
15009,'1142521',931,,791,37,0,20 15,0
15009,'1142575',1531,,792,37,0,20 15,0
15009,'1142681',1331,,794,37,0,20 15,0
15009,'1142872',1131,,798,37,0,20 15,0
15009,'1142884',1431,,799,37,0,20 15,0
15009,'1142889',1731,,800,37,0,20 15,0
20009,'1142156',1317,,819,28,,,0
20009,'1142172',1017,,820,28,,,0
20009,'1142208',1217,,821,28,,,0
20009,'1142218',917,,822,18,,,0
20009,'1142244',1717,,823,28,,,0
20009,'1142378',1417,,825,28,,,0
20009,'1142609',1517,,831,28,,,0
20009,'1142761',1117,,834,28,,,0
20009,'1142875',1617,,837,28,,,0
19001109,'1142212',1336,,1065,54,,,0
19001109,'1142241',1706,,1066,30,,,0
19001109,'1142263',636,,1072,33,,,0
19001109,'1142345',1236,,1078,54,,,0
19001109,'1142412',1436,,1081,54,,,0
19001109,'1142429',706,,1082,30,,,0
19001109,'1142436',1206,,1083,30,,,0
19001109,'1142503',1436,,1086,54,,,0
19001109,'1142533',1306,,1088,30,,,0
19001109,'1142554',1536,,1091,54,,,0
19001109,'1142579',1606,,1092,30,,,0
19001109,'1142582',1406,,1093,30,,,0
19001109,'1142583',1136,,1094,54,,,0
19001109,'1142588',1236,,1095,54,,,0
19001109,'1142606',1106,,1096,30,,,0
19001109,'1142664',1536,,1098,54,,,0
19001109,'1142729',1506,,1100,30,,,0
19001109,'1142756',1636,,1101,54,,,0
19001109,'1142845',1136,,1106,54,,,0
19001109,'1142860',1336,,1107,54,,,0
19001109,'1142880',1636,,1108,54,,,0
19001109,'1175791',2136,,1347,54,,,0
19001109,'1175792',1936,,1348,54,,,0
19001109,'1175853',1936,,1349,54,,,0
19001109,'1175887',1806,,1350,54,,,0
19001109,'1175950',736,,1351,54,,,0
19001109,'1175987',836,,1352,54,,,0
19001109,'1175992',1836,,1353,54,,,0
19001109,'1176020',736,,1354,54,,,0
19001109,'1176179',1836,,1355,54,,,0
19001109,'1176193',2036,,1356,54,,,0
19001109,'1176227',2136,,1357,54,,,0
19001109,'1176244',1736,,1358,54,,,0
19001109,'1176256',906,,1359,54,,,0
19001109,'1176310',936,,1360,54,,,0
19001109,'1176359',2036,,1361,54,,,0
19001109,'1176413',1006,,1363,54,,,0
19001109,'1176424',1036,,1364,54,,,0
19001109,'1176436',1036,,1365,54,,,0
19001109,'1176437',936,,1366,54,,,0
19001109,'1176477',1736,,1368,54,,,0
19001109,'1176498',806,,1369,54,,,0
19001109,'1176505',2236,,1370,54,,,0
19001109,'1176514',836,,1371,54,,,0
19001109,'1176571',2236,,1372,54,,,0
19001309,'1175725',735,,1374,60,,,0
19001309,'1175746',1335,,1375,60,,,0
19001309,'1175750',2235,,1376,60,,,0
19001309,'1175754',635,,1377,28,,,0
19001309,'1175772',2135,,1378,60,,,0
19001309,'1175824',2035,,1379,60,,,0
19001309,'1175844',735,,1380,60,,,0
19001309,'1175930',1835,,1381,60,,,0
19001309,'1175941',1535,,1382,60,,,0
19001309,'1175974',1705,,1383,60,,,0
19001309,'1176027',1235,,1384,60,,,0
19001309,'1176051',1405,,1385,60,,,0
19001309,'1176056',1605,,1386,60,,,0
19001309,'1176072',935,,1387,60,,,0
19001309,'1176088',905,,1388,60,,,0
19001309,'1176113',1035,,1389,60,,,0
19001309,'1176123',1535,,1390,60,,,0
19001309,'1176150',1735,,1391,60,,,0
19001309,'1176155',1805,,1392,60,,,0
19001309,'1176191',1935,,1393,60,,,0
19001309,'1176203',2035,,1394,60,,,0
19001309,'1176205',835,,1395,60,,,0
19001309,'1176216',805,,1396,60,,,0
19001309,'1176219',1635,,1397,60,,,0
19001309,'1176231',1335,,1398,60,,,0
19001309,'1176237',1235,,1399,60,,,0
19001309,'1176251',935,,1400,60,,,0
19001309,'1176267',1935,,1401,60,,,0
19001309,'1176294',705,,1402,28,,,0
19001309,'1176327',2235,,1403,60,,,0
19001309,'1176330',1135,,1404,60,,,0
19001309,'1176347',1435,,1405,60,,,0
19001309,'1176350',1435,,1406,60,,,0
19001309,'1176372',1005,,1407,60,,,0
19001309,'1176377',2135,,1408,60,,,0
19001309,'1176385',1035,,1409,60,,,0
19001309,'1176484',1635,,1410,60,,,0
19001309,'1176487',1305,,1411,60,,,0
19001309,'1176502',1505,,1412,60,,,0
19001309,'1176565',1135,,1413,60,,,0
19001309,'1176609',1735,,1414,60,,,0
19001309,'1176622',1835,,1415,60,,,0
19001309,'1176667',835,,1416,60,,,0
19001309,'1176691',1205,,1417,60,,,0
19001309,'1176694',1105,,1418,60,,,0
19001709,'1142303',1401,,1211,17,,,0
19001709,'1142346',1601,,1214,17,,,0
19001709,'1142490',1201,,1221,17,,,0
19001709,'1142572',1101,,1231,17,,,0
19001709,'1142636',631,,1236,17,,,0
19001709,'1142727',1501,,1242,17,,,0
19001709,'1142751',1301,,1245,17,,,0
19001709,'1175723',931,,1419,50,,,0
19001709,'1175748',1001,,1420,50,,,0
19001709,'1175763',1131,,1421,50,,,0
19001709,'1175781',1031,,1422,50,,,0
19001709,'1175795',801,,1423,50,,,0
19001709,'1175819',2131,,1424,50,,,0
19001709,'1175858',1931,,1425,50,,,0
19001709,'1175912',1831,,1427,50,,,0
19001709,'1175946',2131,,1428,50,,,0
19001709,'1176002',1431,,1429,50,,,0
19001709,'1176147',2031,,1431,50,,,0
19001709,'1176151',1531,,1432,50,,,0
19001709,'1176162',1231,,1433,50,,,0
19001709,'1176204',1631,,1434,50,,,0
19001709,'1176288',831,,1435,50,,,0
19001709,'1176339',1731,,1436,50,,,0
19001709,'1176366',731,,1437,50,,,0
19001709,'1176369',1631,,1438,50,,,0
19001709,'1176400',1131,,1439,50,,,0
19001709,'1176416',1931,,1440,50,,,0
19001709,'1176419',931,,1441,50,,,0
19001709,'1176422',1531,,1442,50,,,0
19001709,'1176428',1701,,1443,50,,,0
19001709,'1176461',1801,,1444,50,,,0
19001709,'1176465',2031,,1445,50,,,0
19001709,'1176481',1431,,1447,50,,,0
19001709,'1176493',701,,1448,50,,,0
19001709,'1176540',1031,,1449,50,,,0
19001709,'1176561',1731,,1450,50,,,0
19001709,'1176587',831,,1451,50,,,0
19001709,'1176600',1331,,1452,50,,,0
19001709,'1176606',1331,,1453,50,,,0
19001709,'1176634',731,,1454,50,,,0
19001709,'1176635',901,,1455,50,,,0
19001709,'1176664',1231,,1457,50,,,0
19001709,'1176670',1831,,1458,50,,,0
