11609,'1083728',847,,19,15,,,0
11609,'1083732',1247,,20,15,,,0
11609,'1083761',1047,,21,15,,,0
11609,'1083762',917,,22,15,,,0
11609,'1083790',1147,,23,15,,,0
11609,'1083794',817,,24,15,,,0
11609,'1083810',1447,,25,15,,,0
11609,'1083861',1047,,26,15,,,0
11609,'1083867',1947,,27,15,,,0
11609,'1083879',1747,,28,15,,,0
11609,'1083887',747,,29,15,,,0
11609,'1083918',1847,,30,15,,,0
11609,'1083983',1817,,31,15,,,0
11609,'1083990',1447,,32,15,,,0
11609,'1083999',1747,,33,15,,,0
11609,'1084016',1717,,34,15,,,0
11609,'1084028',2147,,35,15,,,0
11609,'1084032',2047,,36,15,,,0
11609,'1084036',1647,,37,15,,,0
11609,'1084087',647,,38,15,,,0
11609,'1084097',1347,,39,15,,,0
11609,'1084130',747,,40,15,,,0
11609,'1084152',1847,,41,15,,,0
11609,'1084204',1247,,42,15,,,0
11609,'1084215',2147,,43,15,,,0
11609,'1084218',1347,,44,15,,,0
11609,'1084240',1147,,45,15,,,0
11609,'1084241',2047,,46,15,,,0
11609,'1084242',1947,,47,15,,,0
11609,'1084273',1617,,48,15,,,0
11609,'1084276',1547,,49,15,,,0
11609,'1084298',847,,50,15,,,0
11609,'1084323',947,,51,15,,,0
11609,'1084353',717,,52,15,,,0
11609,'1084357',1647,,53,15,,,0
11609,'1084365',1547,,54,15,,,0
11609,'1084367',947,,55,15,,,0
16009,'1083700',1238,,128,16,0,16 17 11,0
16009,'1083752',1138,,129,16,0,16 17 11,0
16009,'1083816',1638,,131,16,0,16 17 11,0
16009,'1083860',1338,,132,16,0,16 17 11,0
16009,'1083908',1038,,133,16,0,16 17 11,0
16009,'1083939',938,,136,16,0,16 17 11,0
16009,'1083957',1738,,137,16,0,16 17 11,0
16009,'1084026',1438,,139,16,0,16 17 11,0
16009,'1084295',1538,,144,16,0,16 17 11,0
