11609,'1175716',1148,,1478,19,,,0
11609,'1175732',1548,,1479,19,,,0
11609,'1175756',1348,,1480,19,,,0
11609,'1175773',2048,,1481,19,,,0
11609,'1175832',1818,,1482,19,,,0
11609,'1175843',1448,,1483,19,,,0
11609,'1175850',2148,,1484,19,,,0
11609,'1175868',1248,,1485,19,,,0
11609,'1175918',1648,,1486,19,,,0
11609,'1175942',1748,,1487,19,,,0
11609,'1175949',1718,,1488,19,,,0
11609,'1175954',948,,1489,19,,,0
11609,'1175958',1548,,1490,19,,,0
11609,'1175970',1148,,1491,19,,,0
11609,'1176003',1948,,1492,19,,,0
11609,'1176080',1348,,1493,19,,,0
11609,'1176101',1848,,1494,19,,,0
11609,'1176137',1848,,1495,19,,,0
11609,'1176153',1648,,1496,19,,,0
11609,'1176239',1248,,1497,19,,,0
11609,'1176240',748,,1498,19,,,0
11609,'1176243',648,,1499,19,,,0
11609,'1176254',818,,1500,19,,,0
11609,'1176259',2048,,1501,19,,,0
11609,'1176276',848,,1502,19,,,0
11609,'1176432',718,,1503,19,,,0
11609,'1176433',1618,,1504,19,,,0
11609,'1176442',918,,1505,19,,,0
11609,'1176443',1048,,1506,19,,,0
11609,'1176475',748,,1507,19,,,0
11609,'1176603',1748,,1508,19,,,0
11609,'1176630',2148,,1509,19,,,0
11609,'1176639',1948,,1510,19,,,0
11609,'1176641',1048,,1511,19,,,0
11609,'1176646',948,,1512,19,,,0
11609,'1176652',848,,1513,19,,,0
11609,'1176685',1448,,1514,19,,,0
16009,'1175859',1240,,1588,20,0,16 17 11,0
16009,'1176087',1340,,1589,20,0,16 17 11,0
16009,'1176112',1440,,1590,20,0,16 17 11,0
16009,'1176128',1740,,1591,20,0,16 17 11,0
16009,'1176235',1040,,1593,20,0,16 17 11,0
16009,'1176236',1640,,1594,20,0,16 17 11,0
16009,'1176410',1540,,1599,20,0,16 17 11,0
16009,'1176572',940,,1602,20,0,16 17 11,0
16009,'1176585',1140,,1603,20,0,16 17 11,0
