14009,'1175812',1723,,1554,11,,,0
14009,'1175822',1023,,1555,11,,,0
14009,'1175823',1623,,1556,11,,,0
14009,'1175927',1323,,1558,11,,,0
14009,'1176135',923,,1559,11,,,0
14009,'1176326',1123,,1562,11,,,0
14009,'1176364',1423,,1563,11,,,0
14009,'1176520',1523,,1565,11,,,0
14009,'1176678',1223,,1568,11,,,0
19001109,'1175757',2152,,1930,12,,,0
19001109,'1175788',1752,,1931,12,,,0
19001109,'1175797',1352,,1932,12,,,0
19001109,'1175800',952,,1933,12,,,0
19001109,'1175846',1852,,1935,12,,,0
19001109,'1175866',1722,,1937,12,,,0
19001109,'1175873',1822,,1938,12,0,8 21,0
19001109,'1175889',1252,,1939,12,,,0
19001109,'1175976',2247,,1941,12,0,12,0
19001109,'1175990',1152,,1942,12,,,0
19001109,'1176026',1252,,1944,12,,,0
19001109,'1176086',952,,1946,12,,,0
19001109,'1176114',852,,1947,12,,,0
19001109,'1176152',722,,1948,12,,,0
19001109,'1176229',2152,,1949,12,,,0
19001109,'1176246',752,,1950,12,,,0
19001109,'1176315',652,,1951,12,,,0
19001109,'1176316',1152,,1952,12,,,0
19001109,'1176317',1652,,1953,12,,,0
19001109,'1176322',922,,1954,12,,,0
19001109,'1176337',1952,,1955,12,,,0
19001109,'1176344',1552,,1956,12,,,0
19001109,'1176353',1552,,1957,12,,,0
19001109,'1176386',652,,1958,12,,,0
19001109,'1176444',1852,,1961,12,,,0
19001109,'1176445',2052,,1962,12,,,0
19001109,'1176478',1752,,1963,12,,,0
19001109,'1176509',2247,,1964,12,0,12,0
19001109,'1176517',1452,,1965,12,,,0
19001109,'1176557',852,,1966,12,,,0
19001109,'1176559',1952,,1967,12,,,0
19001109,'1176563',822,,1968,12,,,0
19001109,'1176570',1452,,1969,12,,,0
19001109,'1176595',1652,,1972,12,,,0
19001109,'1176605',1052,,1973,12,,,0
19001109,'1176616',1052,,1974,12,,,0
19001109,'1176620',752,,1975,12,,,0
19001109,'1176668',2052,,1976,12,,,0
19001109,'1176674',1352,,1977,12,,,0
