12009,'1175745',1520,,1515,5,,,0
12009,'1175747',1420,,1516,5,,,0
12009,'1175827',1120,,1517,5,,,0
12009,'1175839',1720,,1518,5,,,0
12009,'1176031',1020,,1523,5,,,0
12009,'1176149',1220,,1525,5,,,0
12009,'1176417',1320,,1527,5,,,0
12009,'1176471',1620,,1529,5,,,0
12009,'1176692',920,,1532,5,,,0
19001709,'1175717',1445,,2072,5,,,0
19001709,'1175742',1045,,2073,5,,,0
19001709,'1175751',1045,,2074,5,,,0
19001709,'1175789',645,,2076,5,,,0
19001709,'1175830',1945,,2077,5,,,0
19001709,'1175877',1145,,2078,5,,,0
19001709,'1175947',1645,,2079,5,,,0
19001709,'1175951',715,,2080,5,,,0
19001709,'1175978',745,,2081,5,,,0
19001709,'1176042',1645,,2082,5,,,0
19001709,'1176052',2145,,2083,5,0,8 21,0
19001709,'1176058',1445,,2084,5,,,0
19001709,'1176065',1545,,2085,5,,,0
19001709,'1176099',1345,,2086,5,,,0
19001709,'1176119',1745,,2088,5,,,0
19001709,'1176120',1845,,2089,5,,,0
19001709,'1176124',2245,,2090,5,0,8 21,0
19001709,'1176130',1245,,2091,5,,,0
19001709,'1176156',1945,,2092,5,,,0
19001709,'1176161',1345,,2093,5,,,0
19001709,'1176166',915,,2094,5,,,0
19001709,'1176201',845,,2095,5,,,0
19001709,'1176252',815,,2097,5,,,0
19001709,'1176273',945,,2099,5,,,0
19001709,'1176303',1615,,2101,5,,,0
19001709,'1176312',1715,,2102,5,,,0
19001709,'1176349',1845,,2103,5,,,0
19001709,'1176415',745,,2105,5,,,0
19001709,'1176420',1145,,2106,5,,,0
19001709,'1176468',2145,,2107,5,0,8 21,0
19001709,'1176482',1245,,2108,5,,,0
19001709,'1176513',645,,2109,5,,,0
19001709,'1176554',1745,,2111,5,,,0
19001709,'1176592',615,,2112,5,,,0
19001709,'1176601',1545,,2113,5,,,0
19001709,'1176617',2045,,2114,5,,,0
19001709,'1176629',945,,2115,5,,,0
19001709,'1176637',845,,2116,5,,,0
19001709,'1176640',1815,,2117,5,0,8 21,0
19001709,'1176655',2045,,2118,5,,,0
19001709,'1176661',2245,,2119,5,0,8 21,0
