12009,'1175904',1324,,1253,12,,,0
12009,'1176180',1024,,1257,12,,,0
12009,'1176258',1724,,1258,12,,,0
12009,'1176284',1424,,1259,12,,,0
12009,'1176435',1124,,1263,12,,,0
12009,'1176479',1524,,1264,12,,,0
12009,'1176508',1624,,1265,12,,,0
12009,'1176541',924,,1266,12,,,0
12009,'1176548',1224,,1267,12,,,0
19001709,'1175723',848,,1419,12,,,0
19001709,'1175748',918,,1420,12,,,0
19001709,'1175763',1048,,1421,12,,,0
19001709,'1175781',948,,1422,12,,,0
19001709,'1175795',718,,1423,12,,,0
19001709,'1175819',2048,,1424,12,,,0
19001709,'1175858',1848,,1425,12,,,0
19001709,'1175872',2148,,1426,12,0,8 21,0
19001709,'1175912',1748,,1427,12,,,0
19001709,'1175946',2048,,1428,12,,,0
19001709,'1176002',1348,,1429,12,,,0
19001709,'1176024',2148,,1430,12,0,8 21,0
19001709,'1176147',1948,,1431,12,,,0
19001709,'1176151',1448,,1432,12,,,0
19001709,'1176162',1148,,1433,12,,,0
19001709,'1176204',1548,,1434,12,,,0
19001709,'1176288',748,,1435,12,,,0
19001709,'1176339',1648,,1436,12,,,0
19001709,'1176366',648,,1437,12,,,0
19001709,'1176369',1548,,1438,12,,,0
19001709,'1176400',1048,,1439,12,,,0
19001709,'1176416',1848,,1440,12,,,0
19001709,'1176419',848,,1441,12,,,0
19001709,'1176422',1448,,1442,12,,,0
19001709,'1176428',1618,,1443,12,,,0
19001709,'1176461',1718,,1444,12,,,0
19001709,'1176465',1948,,1445,12,,,0
19001709,'1176466',2248,,1446,12,0,8 21,0
19001709,'1176481',1348,,1447,12,,,0
19001709,'1176493',618,,1448,12,,,0
19001709,'1176540',948,,1449,12,,,0
19001709,'1176561',1648,,1450,12,,,0
19001709,'1176587',748,,1451,12,,,0
19001709,'1176600',1248,,1452,12,,,0
19001709,'1176606',1248,,1453,12,,,0
19001709,'1176634',648,,1454,12,,,0
19001709,'1176635',818,,1455,12,,,0
19001709,'1176654',1818,,1456,12,0,8 21,0
19001709,'1176664',1148,,1457,12,,,0
19001709,'1176670',1748,,1458,12,,,0
19001709,'1176677',2248,,1459,12,0,8 21,0
