13009,'1142144',1029,,747,11,,,0
13009,'1142247',1429,,748,11,,,0
13009,'1142389',1629,,749,11,,,0
13009,'1142437',1229,,753,11,,,0
13009,'1142616',929,,755,11,,,0
13009,'1142716',1729,,758,11,,,0
13009,'1142721',1329,,760,11,,,0
13009,'1142852',1129,,763,11,,,0
13009,'1142885',1529,,764,11,,,0
14001209,'1142139',1323,,921,11,,,0
14001209,'1142151',1153,,922,11,,,0
14001209,'1142158',1523,,923,11,,,0
14001209,'1142168',1423,,924,11,,,0
14001209,'1142228',1353,,925,11,,,0
14001209,'1142235',1053,,926,11,,,0
14001209,'1142256',1223,,927,11,,,0
14001209,'1142291',1653,,928,11,,,0
14001209,'1142293',1623,,929,11,,,0
14001209,'1142309',1023,,930,11,,,0
14001209,'1142370',753,,931,11,,,0
14001209,'1142374',2253,,932,11,0,8 9,0
14001209,'1142423',1123,,933,11,,,0
14001209,'1142439',753,,934,11,,,0
14001209,'1142486',823,,935,11,,,0
14001209,'1142509',1453,,936,11,,,0
14001209,'1142542',1853,,937,11,,,0
14001209,'1142545',1053,,938,11,,,0
14001209,'1142567',953,,939,11,,,0
14001209,'1142571',1653,,940,11,,,0
14001209,'1142573',1253,,941,11,,,0
14001209,'1142591',1753,,942,11,,,0
14001209,'1142598',853,,943,11,,,0
14001209,'1142600',723,,944,11,,,0
14001209,'1142650',2153,,945,11,,,0
14001209,'1142656',1823,,946,11,0,8 9,0
14001209,'1142691',1753,,947,11,,,0
14001209,'1142694',1253,,948,11,,,0
14001209,'1142710',2153,,949,11,,,0
14001209,'1142742',653,,951,11,,,0
14001209,'1142760',923,,952,11,,,0
14001209,'1142766',1153,,953,11,,,0
14001209,'1142771',1723,,954,11,,,0
14001209,'1142778',1553,,955,11,,,0
14001209,'1142786',2053,,956,11,,,0
14001209,'1142797',1953,,957,11,,,0
14001209,'1142806',1353,,958,11,,,0
14001209,'1142815',2253,,959,11,0,8 9,0
14001209,'1142817',1553,,960,11,,,0
14001209,'1142820',1853,,961,11,,,0
14001209,'1142837',853,,962,11,,,0
14001209,'1142854',953,,963,11,,,0
14001209,'1142855',2053,,964,11,,,0
14001209,'1142858',1453,,965,11,,,0
14001209,'1142869',1953,,966,11,,,0
