16009,'1175714',1257,,1587,3,,,0
16009,'1176136',957,,1592,3,,,0
16009,'1176272',1357,,1595,3,,,0
16009,'1176282',857,,1596,3,,,0
16009,'1176290',1657,,1597,3,,,0
16009,'1176390',1157,,1598,3,,,0
16009,'1176528',1457,,1600,3,,,0
16009,'1176535',1557,,1601,3,,,0
16009,'1176682',1057,,1604,3,,,0
21609,'1175813',1917,,1624,3,,,0
21609,'1175831',717,,1625,3,,,0
21609,'1175857',1647,,1626,3,,,0
21609,'1175869',1717,,1627,3,,,0
21609,'1175916',1547,,1628,3,,,0
21609,'1175929',1317,,1629,3,,,0
21609,'1175966',1717,,1630,3,,,0
21609,'1175997',2117,,1631,3,,,0
21609,'1175998',917,,1632,3,,,0
21609,'1176028',1017,,1633,3,,,0
21609,'1176037',1817,,1634,3,,,0
21609,'1176041',1817,,1635,3,,,0
21609,'1176046',717,,1636,3,,,0
21609,'1176054',1617,,1637,3,,,0
21609,'1176067',647,,1638,3,,,0
21609,'1176111',1117,,1639,3,,,0
21609,'1176200',1417,,1640,3,,,0
21609,'1176207',2117,,1641,3,,,0
21609,'1176218',1117,,1642,3,,,0
21609,'1176289',1017,,1643,3,,,0
21609,'1176352',1217,,1644,3,,,0
21609,'1176395',1917,,1645,3,,,0
21609,'1176414',2017,,1646,3,,,0
21609,'1176430',1747,,1647,3,,,0
21609,'1176454',1617,,1648,3,,,0
21609,'1176460',817,,1649,3,,,0
21609,'1176467',1517,,1650,3,,,0
21609,'1176534',617,,1651,3,,,0
21609,'1176553',1217,,1652,3,,,0
21609,'1176576',917,,1653,3,,,0
21609,'1176651',817,,1654,3,,,0
21609,'1176656',1517,,1655,3,,,0
21609,'1176659',1417,,1656,3,,,0
21609,'1176663',1317,,1657,3,,,0
21609,'1176665',847,,1658,3,,,0
21609,'1176686',2017,,1659,3,,,0
21609,'1176690',747,,1660,3,,,0
