11609,'1175716',1149,,1478,22,,,0
11609,'1175732',1549,,1479,22,,,0
11609,'1175756',1349,,1480,22,,,0
11609,'1175773',2049,,1481,22,,,0
11609,'1175832',1819,,1482,22,,,0
11609,'1175843',1449,,1483,22,,,0
11609,'1175850',2149,,1484,22,,,0
11609,'1175868',1249,,1485,22,,,0
11609,'1175918',1649,,1486,22,,,0
11609,'1175942',1749,,1487,22,,,0
11609,'1175949',1719,,1488,22,,,0
11609,'1175954',949,,1489,22,,,0
11609,'1175958',1549,,1490,22,,,0
11609,'1175970',1149,,1491,22,,,0
11609,'1176003',1949,,1492,22,,,0
11609,'1176080',1349,,1493,22,,,0
11609,'1176101',1849,,1494,22,,,0
11609,'1176137',1849,,1495,22,,,0
11609,'1176153',1649,,1496,22,,,0
11609,'1176239',1249,,1497,22,,,0
11609,'1176240',749,,1498,22,,,0
11609,'1176243',649,,1499,22,,,0
11609,'1176254',819,,1500,22,,,0
11609,'1176259',2049,,1501,22,,,0
11609,'1176276',849,,1502,22,,,0
11609,'1176432',719,,1503,22,,,0
11609,'1176433',1619,,1504,22,,,0
11609,'1176442',919,,1505,22,,,0
11609,'1176443',1049,,1506,22,,,0
11609,'1176475',749,,1507,22,,,0
11609,'1176603',1749,,1508,22,,,0
11609,'1176630',2149,,1509,22,,,0
11609,'1176639',1949,,1510,22,,,0
11609,'1176641',1049,,1511,22,,,0
11609,'1176646',949,,1512,22,,,0
11609,'1176652',849,,1513,22,,,0
11609,'1176685',1449,,1514,22,,,0
