21609,'1083705',920,,165,7,,,0
21609,'1083713',1320,,166,7,,,0
21609,'1083740',650,,167,7,,,0
21609,'1083767',850,,168,7,,,0
21609,'1083813',720,,170,7,,,0
21609,'1083824',1120,,171,7,,,0
21609,'1083865',920,,172,7,,,0
21609,'1083868',2120,,173,7,,,0
21609,'1083869',1750,,174,7,,,0
21609,'1083929',1720,,175,7,,,0
21609,'1083944',2020,,176,7,,,0
21609,'1083952',750,,177,7,,,0
21609,'1083956',1550,,178,7,,,0
21609,'1083970',1420,,179,7,,,0
21609,'1083985',1720,,180,7,,,0
21609,'1083994',1220,,181,7,,,0
21609,'1083995',1820,,182,7,,,0
21609,'1084073',1020,,183,7,,,0
21609,'1084096',1820,,184,7,,,0
21609,'1084144',720,,185,7,,,0
21609,'1084182',2020,,186,7,,,0
21609,'1084211',1520,,187,7,,,0
21609,'1084216',1320,,188,7,,,0
21609,'1084222',820,,189,7,,,0
21609,'1084229',1520,,190,7,,,0
21609,'1084233',1620,,191,7,,,0
21609,'1084253',1020,,192,7,,,0
21609,'1084297',2120,,193,7,,,0
21609,'1084300',1220,,194,7,,,0
21609,'1084324',1420,,195,7,,,0
21609,'1084339',1650,,196,7,,,0
21609,'1084342',1120,,197,7,,,0
21609,'1084351',1920,,198,7,,,0
21609,'1084373',1920,,199,7,,,0
21609,'1084376',820,,200,7,,,0
21609,'1084380',1620,,201,7,,,0
21609,'1142315',620,,624,7,,,0
14001009,'1083711',1748,,202,14,,,0
14001009,'1083714',1948,,203,14,,,0
14001009,'1083727',1948,,204,14,,,0
14001009,'1083739',1018,,205,14,0,8 9,0
14001009,'1083743',2148,,206,14,,,0
14001009,'1083763',2048,,207,14,,,0
14001009,'1083809',1818,,209,14,0,8 9,0
14001009,'1083841',1348,,210,14,,,0
14001009,'1083897',1848,,212,14,,,0
14001009,'1083901',1648,,213,14,,,0
14001009,'1083953',1548,,215,14,,,0
14001009,'1083971',1218,,216,14,0,8 9,0
14001009,'1083977',1418,,217,14,0,8 9,0
14001009,'1084005',1848,,218,14,,,0
14001009,'1084014',1048,,219,14,,,0
14001009,'1084040',1648,,221,14,,,0
14001009,'1084045',1248,,222,14,,,0
14001009,'1084052',2048,,224,14,,,0
14001009,'1084056',848,,225,14,,,0
14001009,'1084072',1048,,226,14,,,0
14001009,'1084104',1248,,228,14,,,0
14001009,'1084118',1318,,229,14,0,8 9,0
14001009,'1084126',1618,,230,14,,,0
14001009,'1084128',818,,231,14,,,0
14001009,'1084133',748,,233,14,,,0
14001009,'1084154',2148,,234,14,,,0
14001009,'1084167',1748,,235,14,,,0
14001009,'1084176',848,,236,14,,,0
14001009,'1084187',1548,,237,14,,,0
14001009,'1084190',2248,,238,14,0,8 9,0
14001009,'1084219',748,,239,14,,,0
14001009,'1084221',1348,,240,14,,,0
14001009,'1084288',1518,,241,14,0,8 9,0
14001009,'1084291',1118,,242,14,0,8 9,0
14001009,'1084349',718,,246,14,,,0
14001009,'1084363',1718,,247,14,,,0
14001009,'1142404',1448,,625,14,,,0
14001009,'1142405',918,,626,14,0,8 9,0
14001009,'1142495',948,,627,14,,,0
14001009,'1142534',1448,,628,14,,,0
14001009,'1142603',948,,629,14,,,0
14001009,'1142604',1148,,630,14,,,0
14001009,'1142640',2248,,631,14,0,8 9,0
14001009,'1142648',648,,632,14,,,0
14001009,'1142722',1148,,633,14,,,0
