12009,'1175745',1519,,1515,4,,,0
12009,'1175747',1419,,1516,4,,,0
12009,'1175827',1119,,1517,4,,,0
12009,'1175839',1719,,1518,4,,,0
12009,'1176031',1019,,1523,4,,,0
12009,'1176149',1219,,1525,4,,,0
12009,'1176417',1319,,1527,4,,,0
12009,'1176471',1619,,1529,4,,,0
12009,'1176692',919,,1532,4,,,0
19001709,'1175717',1444,,2072,4,,,0
19001709,'1175742',1044,,2073,4,,,0
19001709,'1175751',1044,,2074,4,,,0
19001709,'1175789',644,,2076,4,,,0
19001709,'1175830',1944,,2077,4,,,0
19001709,'1175877',1144,,2078,4,,,0
19001709,'1175947',1644,,2079,4,,,0
19001709,'1175951',714,,2080,4,,,0
19001709,'1175978',744,,2081,4,,,0
19001709,'1176042',1644,,2082,4,,,0
19001709,'1176052',2144,,2083,4,0,8 21,0
19001709,'1176058',1444,,2084,4,,,0
19001709,'1176065',1544,,2085,4,,,0
19001709,'1176099',1344,,2086,4,,,0
19001709,'1176119',1744,,2088,4,,,0
19001709,'1176120',1844,,2089,4,,,0
19001709,'1176124',2244,,2090,4,0,8 21,0
19001709,'1176130',1244,,2091,4,,,0
19001709,'1176156',1944,,2092,4,,,0
19001709,'1176161',1344,,2093,4,,,0
19001709,'1176166',914,,2094,4,,,0
19001709,'1176201',844,,2095,4,,,0
19001709,'1176252',814,,2097,4,,,0
19001709,'1176273',944,,2099,4,,,0
19001709,'1176303',1614,,2101,4,,,0
19001709,'1176312',1714,,2102,4,,,0
19001709,'1176349',1844,,2103,4,,,0
19001709,'1176415',744,,2105,4,,,0
19001709,'1176420',1144,,2106,4,,,0
19001709,'1176468',2144,,2107,4,0,8 21,0
19001709,'1176482',1244,,2108,4,,,0
19001709,'1176513',644,,2109,4,,,0
19001709,'1176554',1744,,2111,4,,,0
19001709,'1176592',614,,2112,4,,,0
19001709,'1176601',1544,,2113,4,,,0
19001709,'1176617',2044,,2114,4,,,0
19001709,'1176629',944,,2115,4,,,0
19001709,'1176637',844,,2116,4,,,0
19001709,'1176640',1814,,2117,4,0,8 21,0
19001709,'1176655',2044,,2118,4,,,0
19001709,'1176661',2244,,2119,4,0,8 21,0
