12009,'1175745',1529,,1515,23,,,0
12009,'1175747',1429,,1516,23,,,0
12009,'1175827',1129,,1517,23,,,0
12009,'1175839',1729,,1518,23,,,0
12009,'1176031',1029,,1523,23,,,0
12009,'1176149',1229,,1525,23,,,0
12009,'1176417',1329,,1527,23,,,0
12009,'1176471',1629,,1529,23,,,0
12009,'1176692',929,,1532,23,,,0
19001709,'1175717',1455,,2072,24,,,0
19001709,'1175742',1055,,2073,24,,,0
19001709,'1175751',1055,,2074,24,,,0
19001709,'1175789',655,,2076,24,,,0
19001709,'1175830',1955,,2077,24,,,0
19001709,'1175877',1155,,2078,24,,,0
19001709,'1175947',1655,,2079,24,,,0
19001709,'1175951',725,,2080,24,,,0
19001709,'1175978',755,,2081,24,,,0
19001709,'1176042',1655,,2082,24,,,0
19001709,'1176052',2155,,2083,24,0,8 21,0
19001709,'1176058',1455,,2084,24,,,0
19001709,'1176065',1555,,2085,24,,,0
19001709,'1176099',1355,,2086,24,,,0
19001709,'1176119',1755,,2088,24,,,0
19001709,'1176120',1855,,2089,24,,,0
19001709,'1176124',2255,,2090,24,0,8 21,0
19001709,'1176130',1255,,2091,24,,,0
19001709,'1176156',1955,,2092,24,,,0
19001709,'1176161',1355,,2093,24,,,0
19001709,'1176166',925,,2094,24,,,0
19001709,'1176201',855,,2095,24,,,0
19001709,'1176252',825,,2097,24,,,0
19001709,'1176273',955,,2099,24,,,0
19001709,'1176303',1625,,2101,24,,,0
19001709,'1176312',1725,,2102,24,,,0
19001709,'1176349',1855,,2103,24,,,0
19001709,'1176415',755,,2105,24,,,0
19001709,'1176420',1155,,2106,24,,,0
19001709,'1176468',2155,,2107,24,0,8 21,0
19001709,'1176482',1255,,2108,24,,,0
19001709,'1176513',655,,2109,24,,,0
19001709,'1176554',1755,,2111,24,,,0
19001709,'1176592',625,,2112,24,,,0
19001709,'1176601',1555,,2113,24,,,0
19001709,'1176617',2055,,2114,24,,,0
19001709,'1176629',955,,2115,24,,,0
19001709,'1176637',855,,2116,24,,,0
19001709,'1176640',1825,,2117,24,0,8 21,0
19001709,'1176655',2055,,2118,24,,,0
19001709,'1176661',2255,,2119,24,0,8 21,0
