13009,'1175768',1409,,1533,22,0,19 15,0
13009,'1175851',1209,,1534,22,0,19 15,0
13009,'1175875',1309,,1535,22,0,19 15,0
13009,'1175888',1109,,1536,22,0,19 15,0
13009,'1176171',1509,,1538,22,0,19 15,0
13009,'1176184',909,,1539,22,0,19 15,0
13009,'1176223',1609,,1541,22,0,19 15,0
13009,'1176463',1009,,1547,22,0,19 15,0
13009,'1176497',1709,,1548,22,0,19 15,0
15009,'1175719',1727,,1569,33,0,20 15,0
15009,'1175730',1527,,1570,33,0,20 15,0
15009,'1175737',1327,,1571,33,0,20 15,0
15009,'1175828',1427,,1572,33,0,20 15,0
15009,'1175835',1027,,1573,33,0,20 15,0
15009,'1176048',1227,,1578,33,0,20 15,0
15009,'1176230',1627,,1580,33,0,20 15,0
15009,'1176301',927,,1582,33,0,20 15,0
15009,'1176568',1127,,1584,33,0,20 15,0
30009,'1178820',1707,,2120,16,0,23 24 2 25,0
30009,'1178826',1537,,2126,16,0,23 24 2 25,0
30009,'1178827',1037,,2127,16,0,23 24 2 25,0
30009,'1178828',1037,,2128,16,0,23 24 2 25,0
30009,'1178829',707,,2129,15,0,23 24 2 25,0
30009,'1178830',1007,,2130,16,0,23 24 2 25,0
30009,'1178831',737,,2131,15,0,23 24 2 25,0
30009,'1178835',937,,2135,16,0,23 24 2 25,0
30009,'1178836',1837,,2136,16,0,23 24 2 25,0
30009,'1178840',2037,,2140,16,0,23 24 2 25,0
30009,'1178841',1137,,2141,16,0,23 24 2 25,0
30009,'1178843',1637,,2143,16,0,23 24 2 25,0
30009,'1178845',837,,2145,16,0,23 24 2 25,0
30009,'1178846',1437,,2146,16,0,23 24 2 25,0
30009,'1178847',1807,,2147,16,0,23 24 2 25,0
30009,'1178852',2137,,2152,16,0,23 24 2 25,0
30009,'1178854',1937,,2154,16,0,23 24 2 25,0
30009,'1178857',807,,2157,16,0,23 24 2 25,0
30009,'1178860',837,,2160,16,0,23 24 2 25,0
30009,'1178861',1237,,2161,16,0,23 24 2 25,0
30009,'1178863',1337,,2163,16,0,23 24 2 25,0
30009,'1178865',1537,,2165,16,0,23 24 2 25,0
30009,'1178868',1737,,2168,16,0,23 24 2 25,0
30009,'1178869',1737,,2169,16,0,23 24 2 25,0
30009,'1178873',1337,,2173,16,0,23 24 2 25,0
30009,'1178880',1137,,2180,16,0,23 24 2 25,0
30009,'1178881',1237,,2181,16,0,23 24 2 25,0
30009,'1178882',1837,,2182,16,0,23 24 2 25,0
30009,'1178883',1437,,2183,16,0,23 24 2 25,0
30009,'1178884',907,,2184,16,0,23 24 2 25,0
30009,'1178885',1937,,2185,16,0,23 24 2 25,0
30009,'1178886',937,,2186,16,0,23 24 2 25,0
30009,'1178887',2037,,2187,16,0,23 24 2 25,0
30009,'1178896',737,,2196,16,0,23 24 2 25,0
30009,'1178897',2137,,2197,16,0,23 24 2 25,0
30009,'1178898',1637,,2198,16,0,23 24 2 25,0
30009,'1178899',1607,,2199,16,0,23 24 2 25,0
14001409,'1175733',1850,,1835,9,,,0
14001409,'1175775',1150,,1836,9,,,0
14001409,'1175776',2050,,1837,9,,,0
14001409,'1175786',1950,,1838,9,,,0
14001409,'1175790',1550,,1839,9,,,0
14001409,'1175803',1350,,1840,9,,,0
14001409,'1175809',920,,1841,9,,,0
14001409,'1175820',1450,,1842,9,,,0
14001409,'1175821',1150,,1843,9,,,0
14001409,'1175838',1120,,1844,9,,,0
14001409,'1175856',1050,,1845,9,,,0
14001409,'1175876',1550,,1846,9,,,0
14001409,'1175893',1850,,1847,9,,,0
14001409,'1175894',1720,,1848,9,,,0
14001409,'1175902',1620,,1849,9,,,0
14001409,'1175961',1250,,1850,9,,,0
14001409,'1175973',850,,1851,9,,,0
14001409,'1175975',1750,,1852,9,,,0
14001409,'1175979',1820,,1853,9,0,8 21,0
14001409,'1175999',820,,1854,9,,,0
14001409,'1176001',1020,,1855,9,,,0
14001409,'1176014',1050,,1856,9,,,0
14001409,'1176036',720,,1857,9,,,0
14001409,'1176047',1350,,1858,9,,,0
14001409,'1176050',2050,,1859,9,,,0
14001409,'1176071',1220,,1860,9,,,0
14001409,'1176160',1650,,1861,9,,,0
14001409,'1176250',750,,1862,9,,,0
14001409,'1176268',2150,,1863,9,,,0
14001409,'1176283',1320,,1864,9,,,0
14001409,'1176308',2150,,1866,9,,,0
14001409,'1176314',650,,1867,9,,,0
14001409,'1176393',950,,1869,9,,,0
14001409,'1176423',750,,1870,9,,,0
14001409,'1176476',1520,,1872,9,,,0
14001409,'1176485',950,,1873,9,,,0
14001409,'1176522',850,,1874,9,,,0
14001409,'1176556',1650,,1876,9,,,0
14001409,'1176558',1450,,1877,9,,,0
14001409,'1176598',1950,,1878,9,,,0
14001409,'1176631',1250,,1879,9,,,0
14001409,'1176643',1420,,1880,9,,,0
14001409,'1176681',1750,,1881,9,,,0
19001309,'1175728',900,,1978,54,,,0
19001309,'1175734',1530,,1979,54,,,0
19001309,'1175770',2030,,1980,54,,,0
19001309,'1175816',1830,,1982,54,,,0
19001309,'1175833',1730,,1983,54,,,0
19001309,'1175860',1400,,1984,54,,,0
19001309,'1175862',1130,,1985,54,,,0
19001309,'1175891',1200,,1986,54,,,0
19001309,'1175892',1000,,1987,54,,,0
19001309,'1175985',700,,1988,22,,,0
19001309,'1175994',930,,1989,54,,,0
19001309,'1176023',830,,1990,54,,,0
19001309,'1176034',1130,,1991,54,,,0
19001309,'1176044',1430,,1992,54,,,0
19001309,'1176064',1100,,1993,54,,,0
19001309,'1176125',1730,,1994,54,,,0
19001309,'1176139',1230,,1995,54,,,0
19001309,'1176167',2230,,1996,54,,,0
19001309,'1176182',1330,,1997,54,,,0
19001309,'1176185',800,,1998,54,,,0
19001309,'1176187',1330,,1999,54,,,0
19001309,'1176196',1230,,2000,54,,,0
19001309,'1176261',1030,,2001,54,,,0
19001309,'1176277',2130,,2002,54,,,0
19001309,'1176318',1430,,2003,54,,,0
19001309,'1176331',2030,,2004,54,,,0
19001309,'1176338',1930,,2005,54,,,0
19001309,'1176348',1600,,2006,54,,,0
19001309,'1176367',1630,,2007,54,,,0
19001309,'1176387',2230,,2008,54,,,0
19001309,'1176389',830,,2009,54,,,0
19001309,'1176392',730,,2010,54,,,0
19001309,'1176394',1630,,2011,54,,,0
19001309,'1176446',1830,,2012,54,,,0
19001309,'1176462',2130,,2013,54,,,0
19001309,'1176473',1930,,2014,54,,,0
19001309,'1176527',1030,,2015,54,,,0
19001309,'1176539',1700,,2016,54,,,0
19001309,'1176543',1500,,2017,54,,,0
19001309,'1176550',630,,2018,22,,,0
19001309,'1176567',930,,2019,54,,,0
19001309,'1176597',1530,,2020,54,,,0
19001309,'1176614',1300,,2021,54,,,0
19001309,'1176638',1800,,2022,54,,,0
19001309,'1176660',730,,2023,54,,,0
