12009,'1175841',1057,,1252,42,0,18 7,0
12009,'1175914',1457,,1254,42,0,18 7,0
12009,'1176038',1157,,1255,42,0,18 7,0
12009,'1176142',1257,,1256,42,0,18 7,0
12009,'1176291',1357,,1260,42,0,18 7,0
12009,'1176342',1557,,1261,42,0,18 7,0
12009,'1176399',1810,,1262,42,0,18 7,0
12009,'1176575',957,,1268,42,0,18 7,0
12009,'1176589',1657,,1269,42,0,18 7,0
14001609,'1175743',731,,1306,43,,,0
14001609,'1175762',831,,1307,43,,,0
14001609,'1175785',1031,,1308,43,,,0
14001609,'1175815',801,,1309,43,,,0
14001609,'1175849',931,,1310,43,,,0
14001609,'1175881',931,,1311,43,,,0
14001609,'1175882',731,,1312,23,,,0
14001609,'1175901',1331,,1313,43,,,0
14001609,'1175909',901,,1314,43,,,0
14001609,'1175926',1231,,1315,43,,,0
14001609,'1175981',1801,,1316,43,,,0
14001609,'1176005',2231,,1317,43,,,0
14001609,'1176019',1931,,1318,43,,,0
14001609,'1176030',1431,,1319,43,,,0
14001609,'1176078',1731,,1321,43,,,0
14001609,'1176081',2031,,1322,43,,,0
14001609,'1176129',1531,,1323,43,,,0
14001609,'1176134',2131,,1325,43,,,0
14001609,'1176154',2131,,1326,43,,,0
14001609,'1176172',1631,,1327,43,,,0
14001609,'1176186',1701,,1328,43,,,0
14001609,'1176192',2231,,1329,43,,,0
14001609,'1176206',1331,,1330,43,,,0
14001609,'1176260',1431,,1331,43,,,0
14001609,'1176285',1831,,1332,43,,,0
14001609,'1176332',1831,,1334,43,,,0
14001609,'1176457',1131,,1335,43,,,0
14001609,'1176506',1931,,1336,43,,,0
14001609,'1176531',2031,,1337,43,,,0
14001609,'1176542',1601,,1338,43,,,0
14001609,'1176555',1231,,1339,43,,,0
14001609,'1176566',1131,,1340,43,,,0
14001609,'1176590',1031,,1341,43,,,0
14001609,'1176615',1531,,1342,43,,,0
14001609,'1176650',1631,,1343,43,,,0
14001609,'1176683',1731,,1344,43,,,0
14001609,'1176688',831,,1345,43,,,0
