14009,'1175812',1806,,1554,36,,,0
14009,'1175822',1053,,1555,36,,,0
14009,'1175823',1653,,1556,36,,,0
14009,'1175927',1353,,1558,36,,,0
14009,'1176135',953,,1559,36,,,0
14009,'1176326',1153,,1562,36,,,0
14009,'1176364',1453,,1563,36,,,0
14009,'1176520',1553,,1565,36,,,0
14009,'1176678',1253,,1568,36,,,0
14001409,'1175733',1934,,1835,42,,,0
14001409,'1175775',1234,,1836,42,,,0
14001409,'1175776',2132,,1837,42,,,0
14001409,'1175786',2032,,1838,42,,,0
14001409,'1175790',1634,,1839,42,,,0
14001409,'1175803',1434,,1840,42,,,0
14001409,'1175809',1004,,1841,42,,,0
14001409,'1175820',1534,,1842,42,,,0
14001409,'1175821',1232,,1843,42,,,0
14001409,'1175838',1204,,1844,42,,,0
14001409,'1175856',1132,,1845,42,,,0
14001409,'1175876',1632,,1846,42,,,0
14001409,'1175893',1932,,1847,42,,,0
14001409,'1175894',1804,,1848,42,,,0
14001409,'1175902',1704,,1849,42,,,0
14001409,'1175961',1334,,1850,42,,,0
14001409,'1175973',932,,1851,42,,,0
14001409,'1175975',1834,,1852,42,,,0
14001409,'1175999',904,,1854,42,,,0
14001409,'1176001',1104,,1855,42,,,0
14001409,'1176014',1134,,1856,42,,,0
14001409,'1176036',804,,1857,42,,,0
14001409,'1176047',1432,,1858,42,,,0
14001409,'1176050',2134,,1859,42,,,0
14001409,'1176071',1304,,1860,42,,,0
14001409,'1176160',1734,,1861,42,,,0
14001409,'1176250',832,,1862,42,,,0
14001409,'1176268',2234,,1863,42,,,0
14001409,'1176283',1404,,1864,42,,,0
14001409,'1176287',632,,1865,14,,,0
14001409,'1176308',2232,,1866,42,,,0
14001409,'1176314',734,,1867,42,,,0
14001409,'1176357',634,,1868,14,,,0
14001409,'1176393',1032,,1869,42,,,0
14001409,'1176423',834,,1870,42,,,0
14001409,'1176464',704,,1871,21,,,0
14001409,'1176476',1604,,1872,42,,,0
14001409,'1176485',1034,,1873,42,,,0
14001409,'1176522',934,,1874,42,,,0
14001409,'1176530',732,,1875,21,,,0
14001409,'1176556',1732,,1876,42,,,0
14001409,'1176558',1532,,1877,42,,,0
14001409,'1176598',2034,,1878,42,,,0
14001409,'1176631',1332,,1879,42,,,0
14001409,'1176643',1504,,1880,42,,,0
14001409,'1176681',1832,,1881,42,,,0
