11609,'1142131',1609,,692,4,,,0
11609,'1142167',939,,693,4,,,0
11609,'1142222',1239,,694,4,,,0
11609,'1142226',2039,,695,4,,,0
11609,'1142297',1239,,696,4,,,0
11609,'1142329',1039,,697,4,,,0
11609,'1142334',1809,,698,4,,,0
11609,'1142336',1739,,699,4,,,0
11609,'1142364',1739,,700,4,,,0
11609,'1142388',1339,,701,4,,,0
11609,'1142390',1139,,702,4,,,0
11609,'1142392',909,,703,4,,,0
11609,'1142399',2039,,704,4,,,0
11609,'1142441',2139,,705,4,,,0
11609,'1142450',1939,,706,4,,,0
11609,'1142454',1539,,707,4,,,0
11609,'1142465',709,,708,4,,,0
11609,'1142475',839,,709,4,,,0
11609,'1142493',1639,,710,4,,,0
11609,'1142497',1539,,711,4,,,0
11609,'1142504',1839,,712,4,,,0
11609,'1142519',639,,713,4,,,0
11609,'1142524',1339,,714,4,,,0
11609,'1142530',1139,,715,4,,,0
11609,'1142561',739,,716,4,,,0
11609,'1142586',1439,,717,4,,,0
11609,'1142593',1939,,718,4,,,0
11609,'1142599',1839,,719,4,,,0
11609,'1142608',1439,,720,4,,,0
11609,'1142624',739,,721,4,,,0
11609,'1142649',1039,,722,4,,,0
11609,'1142676',1639,,723,4,,,0
11609,'1142697',809,,724,4,,,0
11609,'1142702',939,,725,4,,,0
11609,'1142719',839,,726,4,,,0
11609,'1142857',1709,,727,4,,,0
11609,'1142878',2139,,728,4,,,0
16009,'1142161',1531,,801,4,0,16 17 11,0
16009,'1142292',1731,,804,4,0,16 17 11,0
16009,'1142319',1331,,805,4,0,16 17 11,0
16009,'1142525',1131,,806,4,0,16 17 11,0
16009,'1142684',1431,,810,4,0,16 17 11,0
16009,'1142690',931,,811,4,0,16 17 11,0
16009,'1142743',1031,,813,4,0,16 17 11,0
16009,'1142765',1631,,815,4,0,16 17 11,0
16009,'1142850',1231,,818,4,0,16 17 11,0
