13009,'1176096',1138,,1537,20,,,0
13009,'1176190',1538,,1540,20,,,0
13009,'1176224',1038,,1542,20,,,0
13009,'1176248',1738,,1543,20,,,0
13009,'1176271',1638,,1544,20,,,0
13009,'1176360',938,,1545,20,,,0
13009,'1176371',1238,,1546,20,,,0
13009,'1176623',1338,,1549,20,,,0
13009,'1176644',1438,,1550,20,,,0
30009,'1175731',1710,,1663,20,,,0
30009,'1175895',1810,,1675,20,,,0
30009,'1175903',1510,,1676,20,,,0
30009,'1175906',1410,,1677,20,,,0
30009,'1175920',910,,1679,20,,,0
30009,'1175956',1210,,1681,20,,,0
30009,'1175968',1010,,1684,20,,,0
30009,'1176011',1510,,1687,20,,,0
30009,'1176018',940,,1688,20,,,0
30009,'1176021',1310,,1689,20,,,0
30009,'1176022',740,,1690,20,,,0
30009,'1176029',1010,,1691,20,,,0
30009,'1176062',1110,,1694,20,,,0
30009,'1176077',1110,,1695,20,,,0
30009,'1176102',1210,,1696,20,,,0
30009,'1176164',2010,,1700,20,,,0
30009,'1176165',2110,,1701,20,,,0
30009,'1176189',1810,,1704,20,,,0
30009,'1176197',840,,1705,20,,,0
30009,'1176210',2210,,1706,20,0,8 21,0
30009,'1176212',1410,,1707,20,,,0
30009,'1176214',1710,,1708,20,,,0
30009,'1176220',1040,,1709,20,0,8 21,0
30009,'1176253',1610,,1712,20,,,0
30009,'1176298',1610,,1714,20,,,0
30009,'1176304',1310,,1715,20,,,0
30009,'1176325',1640,,1716,20,,,0
30009,'1176329',1840,,1717,20,0,8 21,0
30009,'1176363',910,,1719,20,,,0
30009,'1176397',2210,,1721,20,0,8 21,0
30009,'1176439',2110,,1725,20,,,0
30009,'1176451',810,,1726,20,,,0
30009,'1176455',810,,1727,20,,,0
30009,'1176560',1910,,1737,20,,,0
30009,'1176569',1740,,1738,20,,,0
30009,'1176582',2010,,1739,20,,,0
30009,'1176588',1910,,1740,20,,,0
14001209,'1175718',1630,,1789,20,,,0
14001209,'1175861',1900,,1790,20,,,0
14001209,'1175900',1730,,1791,20,,,0
14001209,'1175913',2300,,1792,20,0,8 21,0
14001209,'1175915',2100,,1793,20,,,0
14001209,'1175917',1430,,1794,20,,,0
14001209,'1175919',2000,,1795,20,,,0
14001209,'1175938',800,,1796,20,,,0
14001209,'1175939',1800,,1797,20,,,0
14001209,'1175983',2200,,1798,20,,,0
14001209,'1176007',1300,,1799,20,,,0
14001209,'1176012',1100,,1800,20,,,0
14001209,'1176069',900,,1801,20,,,0
14001209,'1176070',1200,,1802,20,,,0
14001209,'1176091',1000,,1803,20,,,0
14001209,'1176103',1000,,1805,20,,,0
14001209,'1176117',1200,,1806,20,,,0
14001209,'1176122',2300,,1807,20,0,8 21,0
14001209,'1176163',1900,,1808,20,,,0
14001209,'1176213',1100,,1809,20,,,0
14001209,'1176217',1600,,1810,20,,,0
14001209,'1176245',1800,,1811,20,,,0
14001209,'1176255',900,,1812,20,,,0
14001209,'1176275',1700,,1813,20,,,0
14001209,'1176323',1130,,1814,20,,,0
14001209,'1176336',1830,,1815,20,0,8 21,0
14001209,'1176343',1400,,1816,20,,,0
14001209,'1176354',1500,,1817,20,,,0
14001209,'1176378',1300,,1818,20,,,0
14001209,'1176401',730,,1819,20,,,0
14001209,'1176411',2100,,1820,20,,,0
14001209,'1176440',1500,,1821,20,,,0
14001209,'1176458',700,,1822,20,,,0
14001209,'1176470',1600,,1823,20,,,0
14001209,'1176472',1030,,1824,20,,,0
14001209,'1176483',1330,,1825,20,,,0
14001209,'1176488',1700,,1826,20,,,0
14001209,'1176515',2000,,1827,20,,,0
14001209,'1176526',930,,1828,20,,,0
14001209,'1176532',1230,,1829,20,,,0
14001209,'1176546',2200,,1830,20,,,0
14001209,'1176594',830,,1831,20,,,0
14001209,'1176599',1530,,1832,20,,,0
14001209,'1176626',800,,1833,20,,,0
14001209,'1176676',1400,,1834,20,,,0
