16009,'1175864',1418,,1282,33,,,0
16009,'1175957',1718,,1283,33,,,0
16009,'1175969',1118,,1284,33,,,0
16009,'1176053',1218,,1285,33,,,0
16009,'1176095',1618,,1286,33,,,0
16009,'1176194',1318,,1291,33,,,0
16009,'1176519',918,,1293,33,,,0
16009,'1176596',1518,,1295,33,,,0
16009,'1176648',1018,,1296,33,,,0
21609,'1142134',908,,838,35,,,0
21609,'1142173',1438,,839,35,,,0
21609,'1142220',1238,,840,35,,,0
21609,'1142255',1638,,841,35,,,0
21609,'1142260',638,,842,35,,,0
21609,'1142266',1338,,843,35,,,0
21609,'1142277',1738,,844,35,,,0
21609,'1142281',838,,845,35,,,0
21609,'1142305',1138,,846,35,,,0
21609,'1142347',2138,,847,35,,,0
21609,'1142348',1038,,848,35,,,0
21609,'1142363',1138,,849,35,,,0
21609,'1142398',739,,850,36,,,0
21609,'1142432',838,,851,35,,,0
21609,'1142489',709,,852,36,,,0
21609,'1142528',2138,,853,35,,,0
21609,'1142549',2038,,854,35,,,0
21609,'1142551',1038,,855,35,,,0
21609,'1142557',1438,,856,35,,,0
21609,'1142574',1338,,857,35,,,0
21609,'1142584',1608,,858,35,,,0
21609,'1142623',1238,,859,35,,,0
21609,'1142647',1538,,860,35,,,0
21609,'1142662',2038,,861,35,,,0
21609,'1142678',938,,862,35,,,0
21609,'1142730',1639,,863,36,,,0
21609,'1142732',938,,864,35,,,0
21609,'1142740',808,,865,35,,,0
21609,'1142753',738,,866,35,,,0
21609,'1142754',1709,,867,36,,,0
21609,'1142762',1938,,868,35,,,0
21609,'1142784',1938,,869,35,,,0
21609,'1142801',1808,,870,35,,,0
21609,'1142822',1538,,871,35,,,0
21609,'1142856',1739,,872,36,,,0
21609,'1142867',1838,,873,35,,,0
21609,'1142890',1838,,874,35,,,0
