11009,'1175720',1157,,1460,4,0,13 14 15,0
11009,'1175910',857,,1463,4,0,13 14 15,0
11009,'1175948',1657,,1464,4,0,13 14 15,0
11009,'1176063',1457,,1465,4,0,13 14 15,0
11009,'1176079',1357,,1466,4,0,13 14 15,0
11009,'1176108',957,,1467,4,0,13 14 15,0
11009,'1176321',1057,,1471,4,0,13 14 15,0
11009,'1176658',1557,,1476,4,0,13 14 15,0
11009,'1176675',1257,,1477,4,0,13 14 15,0
19001109,'1175757',2217,,1930,28,,,0
19001109,'1175788',1817,,1931,28,,,0
19001109,'1175797',1417,,1932,28,,,0
19001109,'1175800',1017,,1933,28,,,0
19001109,'1175811',1547,,1934,4,,,0
19001109,'1175846',1917,,1935,28,,,0
19001109,'1175854',1047,,1936,4,,,0
19001109,'1175866',1747,,1937,28,,,0
19001109,'1175889',1317,,1939,28,,,0
19001109,'1175960',1247,,1940,4,,,0
19001109,'1175990',1217,,1942,28,,,0
19001109,'1176025',617,,1943,7,,,0
19001109,'1176026',1317,,1944,28,,,0
19001109,'1176076',647,,1945,4,,,0
19001109,'1176086',1017,,1946,28,,,0
19001109,'1176114',917,,1947,28,,,0
19001109,'1176152',747,,1948,28,,,0
19001109,'1176229',2217,,1949,28,,,0
19001109,'1176246',817,,1950,28,,,0
19001109,'1176315',717,,1951,28,,,0
19001109,'1176316',1217,,1952,28,,,0
19001109,'1176317',1717,,1953,28,,,0
19001109,'1176322',947,,1954,28,,,0
19001109,'1176337',2017,,1955,28,,,0
19001109,'1176344',1617,,1956,28,,,0
19001109,'1176353',1617,,1957,28,,,0
19001109,'1176386',717,,1958,28,,,0
19001109,'1176406',1447,,1959,4,,,0
19001109,'1176429',1347,,1960,4,,,0
19001109,'1176444',1917,,1961,28,,,0
19001109,'1176445',2117,,1962,28,,,0
19001109,'1176478',1817,,1963,28,,,0
19001109,'1176517',1517,,1965,28,,,0
19001109,'1176557',917,,1966,28,,,0
19001109,'1176559',2017,,1967,28,,,0
19001109,'1176563',847,,1968,28,,,0
19001109,'1176570',1517,,1969,28,,,0
19001109,'1176581',1147,,1970,4,,,0
19001109,'1176586',1647,,1971,4,,,0
19001109,'1176595',1717,,1972,28,,,0
19001109,'1176605',1117,,1973,28,,,0
19001109,'1176616',1117,,1974,28,,,0
19001109,'1176620',817,,1975,28,,,0
19001109,'1176668',2117,,1976,28,,,0
19001109,'1176674',1417,,1977,28,,,0
