12009,'1175904',1321,,1253,8,,,0
12009,'1176180',1021,,1257,8,,,0
12009,'1176258',1721,,1258,8,,,0
12009,'1176284',1421,,1259,8,,,0
12009,'1176435',1121,,1263,8,,,0
12009,'1176479',1521,,1264,8,,,0
12009,'1176508',1621,,1265,8,,,0
12009,'1176541',921,,1266,8,,,0
12009,'1176548',1221,,1267,8,,,0
19001709,'1175723',846,,1419,8,,,0
19001709,'1175748',916,,1420,8,,,0
19001709,'1175763',1046,,1421,8,,,0
19001709,'1175781',946,,1422,8,,,0
19001709,'1175795',716,,1423,8,,,0
19001709,'1175819',2046,,1424,8,,,0
19001709,'1175858',1846,,1425,8,,,0
19001709,'1175872',2146,,1426,8,0,8 21,0
19001709,'1175912',1746,,1427,8,,,0
19001709,'1175946',2046,,1428,8,,,0
19001709,'1176002',1346,,1429,8,,,0
19001709,'1176024',2146,,1430,8,0,8 21,0
19001709,'1176147',1946,,1431,8,,,0
19001709,'1176151',1446,,1432,8,,,0
19001709,'1176162',1146,,1433,8,,,0
19001709,'1176204',1546,,1434,8,,,0
19001709,'1176288',746,,1435,8,,,0
19001709,'1176339',1646,,1436,8,,,0
19001709,'1176366',646,,1437,8,,,0
19001709,'1176369',1546,,1438,8,,,0
19001709,'1176400',1046,,1439,8,,,0
19001709,'1176416',1846,,1440,8,,,0
19001709,'1176419',846,,1441,8,,,0
19001709,'1176422',1446,,1442,8,,,0
19001709,'1176428',1616,,1443,8,,,0
19001709,'1176461',1716,,1444,8,,,0
19001709,'1176465',1946,,1445,8,,,0
19001709,'1176466',2246,,1446,8,0,8 21,0
19001709,'1176481',1346,,1447,8,,,0
19001709,'1176493',616,,1448,8,,,0
19001709,'1176540',946,,1449,8,,,0
19001709,'1176561',1646,,1450,8,,,0
19001709,'1176587',746,,1451,8,,,0
19001709,'1176600',1246,,1452,8,,,0
19001709,'1176606',1246,,1453,8,,,0
19001709,'1176634',646,,1454,8,,,0
19001709,'1176635',816,,1455,8,,,0
19001709,'1176654',1816,,1456,8,0,8 21,0
19001709,'1176664',1146,,1457,8,,,0
19001709,'1176670',1746,,1458,8,,,0
19001709,'1176677',2246,,1459,8,0,8 21,0
