19001709,'1175723',851,,1419,14,,,0
19001709,'1175748',921,,1420,14,,,0
19001709,'1175763',1051,,1421,14,,,0
19001709,'1175781',951,,1422,14,,,0
19001709,'1175795',721,,1423,14,,,0
19001709,'1175819',2051,,1424,14,,,0
19001709,'1175858',1851,,1425,14,,,0
19001709,'1175872',2151,,1426,14,0,8 21,0
19001709,'1175912',1751,,1427,14,,,0
19001709,'1175946',2051,,1428,14,,,0
19001709,'1176002',1351,,1429,14,,,0
19001709,'1176024',2151,,1430,14,0,8 21,0
19001709,'1176147',1951,,1431,14,,,0
19001709,'1176151',1451,,1432,14,,,0
19001709,'1176162',1151,,1433,14,,,0
19001709,'1176204',1551,,1434,14,,,0
19001709,'1176288',751,,1435,14,,,0
19001709,'1176339',1651,,1436,14,,,0
19001709,'1176366',651,,1437,14,,,0
19001709,'1176369',1551,,1438,14,,,0
19001709,'1176400',1051,,1439,14,,,0
19001709,'1176416',1851,,1440,14,,,0
19001709,'1176419',851,,1441,14,,,0
19001709,'1176422',1451,,1442,14,,,0
19001709,'1176428',1621,,1443,14,,,0
19001709,'1176461',1721,,1444,14,,,0
19001709,'1176465',1951,,1445,14,,,0
19001709,'1176466',2251,,1446,14,0,8 21,0
19001709,'1176481',1351,,1447,14,,,0
19001709,'1176493',621,,1448,14,,,0
19001709,'1176540',951,,1449,14,,,0
19001709,'1176561',1651,,1450,14,,,0
19001709,'1176587',751,,1451,14,,,0
19001709,'1176600',1251,,1452,14,,,0
19001709,'1176606',1251,,1453,14,,,0
19001709,'1176634',651,,1454,14,,,0
19001709,'1176635',821,,1455,14,,,0
19001709,'1176654',1821,,1456,14,0,8 21,0
19001709,'1176664',1151,,1457,14,,,0
19001709,'1176670',1751,,1458,14,,,0
19001709,'1176677',2251,,1459,14,0,8 21,0
