19001109,'1175757',2158,,1930,18,,,0
19001109,'1175788',1758,,1931,18,,,0
19001109,'1175797',1359,,1932,18,,,0
19001109,'1175800',958,,1933,18,,,0
19001109,'1175846',1858,,1935,18,,,0
19001109,'1175866',1728,,1937,18,,,0
19001109,'1175873',1828,,1938,18,0,8 21,0
19001109,'1175889',1259,,1939,18,,,0
19001109,'1175976',2253,,1941,18,0,12,0
19001109,'1175990',1159,,1942,18,,,0
19001109,'1176026',1259,,1944,18,,,0
19001109,'1176086',958,,1946,18,,,0
19001109,'1176114',858,,1947,18,,,0
19001109,'1176152',728,,1948,18,,,0
19001109,'1176229',2158,,1949,18,,,0
19001109,'1176246',758,,1950,18,,,0
19001109,'1176315',658,,1951,18,,,0
19001109,'1176316',1159,,1952,18,,,0
19001109,'1176317',1658,,1953,18,,,0
19001109,'1176322',928,,1954,18,,,0
19001109,'1176337',1958,,1955,18,,,0
19001109,'1176344',1559,,1956,18,,,0
19001109,'1176353',1559,,1957,18,,,0
19001109,'1176386',658,,1958,18,,,0
19001109,'1176444',1858,,1961,18,,,0
19001109,'1176445',2058,,1962,18,,,0
19001109,'1176478',1758,,1963,18,,,0
19001109,'1176509',2253,,1964,18,0,12,0
19001109,'1176517',1459,,1965,18,,,0
19001109,'1176557',858,,1966,18,,,0
19001109,'1176559',1958,,1967,18,,,0
19001109,'1176563',828,,1968,18,,,0
19001109,'1176570',1459,,1969,18,,,0
19001109,'1176595',1658,,1972,18,,,0
19001109,'1176605',1059,,1973,18,,,0
19001109,'1176616',1059,,1974,18,,,0
19001109,'1176620',758,,1975,18,,,0
19001109,'1176668',2058,,1976,18,,,0
19001109,'1176674',1359,,1977,18,,,0
