14009,'1175724',1448,,1551,23,0,5 6 22,0
14009,'1175759',1248,,1552,23,0,5 6 22,0
14009,'1175767',1348,,1553,23,0,5 6 22,0
14009,'1175834',1548,,1557,23,0,5 6 22,0
14009,'1176178',1048,,1560,23,0,5 6 22,0
14009,'1176234',1801,,1561,23,0,5 6 22,0
14009,'1176418',1148,,1564,23,0,5 6 22,0
14009,'1176613',1648,,1566,23,0,5 6 22,0
14009,'1176636',948,,1567,23,0,5 6 22,0
14001209,'1175718',1651,,1789,33,,,0
14001209,'1175861',1921,,1790,33,,,0
14001209,'1175900',1751,,1791,33,,,0
14001209,'1175915',2121,,1793,33,,,0
14001209,'1175917',1451,,1794,33,,,0
14001209,'1175919',2021,,1795,33,,,0
14001209,'1175938',821,,1796,33,,,0
14001209,'1175939',1821,,1797,33,,,0
14001209,'1175983',2221,,1798,33,,,0
14001209,'1176007',1321,,1799,33,,,0
14001209,'1176012',1121,,1800,33,,,0
14001209,'1176069',921,,1801,33,,,0
14001209,'1176070',1221,,1802,33,,,0
14001209,'1176091',1021,,1803,33,,,0
14001209,'1176100',721,,1804,11,,,0
14001209,'1176103',1021,,1805,33,,,0
14001209,'1176117',1221,,1806,33,,,0
14001209,'1176163',1921,,1808,33,,,0
14001209,'1176213',1121,,1809,33,,,0
14001209,'1176217',1621,,1810,33,,,0
14001209,'1176245',1821,,1811,33,,,0
14001209,'1176255',921,,1812,33,,,0
14001209,'1176275',1721,,1813,33,,,0
14001209,'1176323',1151,,1814,33,,,0
14001209,'1176343',1421,,1816,33,,,0
14001209,'1176354',1521,,1817,33,,,0
14001209,'1176378',1321,,1818,33,,,0
14001209,'1176401',751,,1819,33,,,0
14001209,'1176411',2121,,1820,33,,,0
14001209,'1176440',1521,,1821,33,,,0
14001209,'1176458',721,,1822,33,,,0
14001209,'1176470',1621,,1823,33,,,0
14001209,'1176472',1051,,1824,33,,,0
14001209,'1176483',1351,,1825,33,,,0
14001209,'1176488',1721,,1826,33,,,0
14001209,'1176515',2021,,1827,33,,,0
14001209,'1176526',951,,1828,33,,,0
14001209,'1176532',1251,,1829,33,,,0
14001209,'1176546',2221,,1830,33,,,0
14001209,'1176594',851,,1831,33,,,0
14001209,'1176599',1551,,1832,33,,,0
14001209,'1176626',821,,1833,33,,,0
14001209,'1176676',1421,,1834,33,,,0
