14009,'1175812',1729,,1554,24,,,0
14009,'1175822',1029,,1555,24,,,0
14009,'1175823',1629,,1556,24,,,0
14009,'1175927',1329,,1558,24,,,0
14009,'1176135',929,,1559,24,,,0
14009,'1176326',1129,,1562,24,,,0
14009,'1176364',1429,,1563,24,,,0
14009,'1176520',1529,,1565,24,,,0
14009,'1176678',1229,,1568,24,,,0
19001309,'1175728',828,,1978,28,,,0
19001309,'1175734',1458,,1979,28,,,0
19001309,'1175770',1958,,1980,28,,,0
19001309,'1175814',1828,,1981,28,0,8 21,0
19001309,'1175816',1758,,1982,28,,,0
19001309,'1175833',1658,,1983,28,,,0
19001309,'1175860',1328,,1984,28,,,0
19001309,'1175862',1058,,1985,28,,,0
19001309,'1175891',1128,,1986,28,,,0
19001309,'1175892',928,,1987,28,,,0
19001309,'1175994',858,,1989,28,,,0
19001309,'1176023',758,,1990,28,,,0
19001309,'1176034',1058,,1991,28,,,0
19001309,'1176044',1358,,1992,28,,,0
19001309,'1176064',1028,,1993,28,,,0
19001309,'1176125',1658,,1994,28,,,0
19001309,'1176139',1158,,1995,28,,,0
19001309,'1176167',2158,,1996,28,,,0
19001309,'1176182',1258,,1997,28,,,0
19001309,'1176185',728,,1998,28,,,0
19001309,'1176187',1258,,1999,28,,,0
19001309,'1176196',1158,,2000,28,,,0
19001309,'1176261',958,,2001,28,,,0
19001309,'1176277',2058,,2002,28,,,0
19001309,'1176318',1358,,2003,28,,,0
19001309,'1176331',1958,,2004,28,,,0
19001309,'1176338',1858,,2005,28,,,0
19001309,'1176348',1528,,2006,28,,,0
19001309,'1176367',1558,,2007,28,,,0
19001309,'1176387',2158,,2008,28,,,0
19001309,'1176389',758,,2009,28,,,0
19001309,'1176392',658,,2010,28,,,0
19001309,'1176394',1558,,2011,28,,,0
19001309,'1176446',1758,,2012,28,,,0
19001309,'1176462',2058,,2013,28,,,0
19001309,'1176473',1858,,2014,28,,,0
19001309,'1176527',958,,2015,28,,,0
19001309,'1176539',1628,,2016,28,,,0
19001309,'1176543',1428,,2017,28,,,0
19001309,'1176567',858,,2019,28,,,0
19001309,'1176597',1458,,2020,28,,,0
19001309,'1176614',1228,,2021,28,,,0
19001309,'1176638',1728,,2022,28,,,0
19001309,'1176660',658,,2023,28,,,0
