12009,'1083741',1811,,56,38,,,0
12009,'1083788',1058,,57,38,,,0
12009,'1083792',1558,,58,38,,,0
12009,'1083849',1158,,59,38,,,0
12009,'1083850',1358,,60,38,,,0
12009,'1083965',1458,,62,38,,,0
12009,'1084049',1258,,64,38,,,0
12009,'1084053',1658,,65,38,,,0
12009,'1084151',958,,67,38,,,0
14001209,'1083697',1757,,248,42,,,0
14001209,'1083724',857,,250,42,,,0
14001209,'1083738',2227,,251,42,,,0
14001209,'1083756',1227,,252,42,,,0
14001209,'1083770',1527,,253,42,,,0
14001209,'1083781',1527,,254,42,,,0
14001209,'1083804',1027,,255,42,,,0
14001209,'1083812',1557,,256,42,,,0
14001209,'1083825',1427,,257,42,,,0
14001209,'1083828',927,,258,42,,,0
14001209,'1083832',1827,,259,42,,,0
14001209,'1083836',1657,,260,42,,,0
14001209,'1083837',1727,,261,42,,,0
14001209,'1083842',1057,,262,42,,,0
14001209,'1083858',1927,,263,42,,,0
14001209,'1083876',1127,,264,42,,,0
14001209,'1083895',2227,,265,42,,,0
14001209,'1083906',1457,,266,42,,,0
14001209,'1083907',1227,,267,42,,,0
14001209,'1083916',2127,,268,42,,,0
14001209,'1083935',1427,,269,42,,,0
14001209,'1083976',1127,,270,42,,,0
14001209,'1083988',1327,,271,42,,,0
14001209,'1083993',1157,,272,42,,,0
14001209,'1084000',1027,,273,42,,,0
14001209,'1084037',1827,,275,42,,,0
14001209,'1084075',1357,,276,42,,,0
14001209,'1084086',727,,277,42,,,0
14001209,'1084089',2027,,278,42,,,0
14001209,'1084099',1927,,279,42,,,0
14001209,'1084198',1627,,281,42,,,0
14001209,'1084227',1257,,282,42,,,0
14001209,'1084231',957,,283,42,,,0
14001209,'1084254',827,,284,42,,,0
14001209,'1084265',757,,285,42,,,0
14001209,'1084270',2127,,286,42,,,0
14001209,'1084287',1727,,287,42,,,0
14001209,'1084309',727,,288,20,,,0
14001209,'1084310',1627,,289,42,,,0
14001209,'1084331',827,,290,42,,,0
14001209,'1084345',927,,291,42,,,0
14001209,'1084350',1327,,292,42,,,0
14001209,'1084370',2027,,293,42,,,0
