14001409,'1083698',1448,,294,5,,,0
14001409,'1083768',1848,,295,5,,,0
14001409,'1083799',1748,,296,5,,,0
14001409,'1083819',748,,297,5,,,0
14001409,'1083823',848,,298,5,,,0
14001409,'1083831',748,,299,5,,,0
14001409,'1083885',2048,,300,5,,,0
14001409,'1083889',948,,301,5,,,0
14001409,'1083899',1948,,302,5,,,0
14001409,'1083923',1548,,303,5,,,0
14001409,'1083934',918,,304,5,,,0
14001409,'1083938',1618,,305,5,,,0
14001409,'1083968',1148,,307,5,,,0
14001409,'1083996',1148,,309,5,,,0
14001409,'1083997',1648,,310,5,,,0
14001409,'1084002',1648,,311,5,,,0
14001409,'1084035',1118,,312,5,,,0
14001409,'1084095',1248,,314,5,,,0
14001409,'1084113',1818,,315,5,0,8 9,0
14001409,'1084114',1348,,316,5,,,0
14001409,'1084134',1348,,317,5,,,0
14001409,'1084143',1248,,318,5,,,0
14001409,'1084149',718,,319,5,,,0
14001409,'1084161',848,,320,5,,,0
14001409,'1084166',2048,,321,5,,,0
14001409,'1084175',1948,,322,5,,,0
14001409,'1084192',1848,,323,5,,,0
14001409,'1084194',2148,,324,5,,,0
14001409,'1084212',1418,,325,5,,,0
14001409,'1084214',648,,326,5,,,0
14001409,'1084230',1318,,327,5,,,0
14001409,'1084248',1718,,328,5,,,0
14001409,'1084252',1448,,330,5,,,0
14001409,'1084256',1048,,331,5,,,0
14001409,'1084258',1048,,332,5,,,0
14001409,'1084269',2148,,333,5,,,0
14001409,'1084304',818,,334,5,,,0
14001409,'1084306',1018,,335,5,,,0
14001409,'1084326',1518,,336,5,,,0
14001409,'1084330',948,,337,5,,,0
14001409,'1084354',1218,,338,5,,,0
14001409,'1084355',1748,,339,5,,,0
14001409,'1084374',1548,,340,5,,,0
