14001609,'1175743',722,,1306,28,,,0
14001609,'1175762',822,,1307,28,,,0
14001609,'1175785',1022,,1308,28,,,0
14001609,'1175815',752,,1309,28,,,0
14001609,'1175849',922,,1310,28,,,0
14001609,'1175881',922,,1311,28,,,0
14001609,'1175882',722,,1312,8,,,0
14001609,'1175901',1322,,1313,28,,,0
14001609,'1175909',852,,1314,28,,,0
14001609,'1175926',1222,,1315,28,,,0
14001609,'1175981',1752,,1316,28,,,0
14001609,'1176005',2222,,1317,28,,,0
14001609,'1176019',1922,,1318,28,,,0
14001609,'1176030',1422,,1319,28,,,0
14001609,'1176078',1722,,1321,28,,,0
14001609,'1176081',2022,,1322,28,,,0
14001609,'1176129',1522,,1323,28,,,0
14001609,'1176134',2122,,1325,28,,,0
14001609,'1176154',2122,,1326,28,,,0
14001609,'1176172',1622,,1327,28,,,0
14001609,'1176186',1652,,1328,28,,,0
14001609,'1176192',2222,,1329,28,,,0
14001609,'1176206',1322,,1330,28,,,0
14001609,'1176260',1422,,1331,28,,,0
14001609,'1176285',1822,,1332,28,,,0
14001609,'1176332',1822,,1334,28,,,0
14001609,'1176457',1122,,1335,28,,,0
14001609,'1176506',1922,,1336,28,,,0
14001609,'1176531',2022,,1337,28,,,0
14001609,'1176542',1552,,1338,28,,,0
14001609,'1176555',1222,,1339,28,,,0
14001609,'1176566',1122,,1340,28,,,0
14001609,'1176590',1022,,1341,28,,,0
14001609,'1176615',1522,,1342,28,,,0
14001609,'1176650',1622,,1343,28,,,0
14001609,'1176683',1722,,1344,28,,,0
14001609,'1176688',822,,1345,28,,,0
