15009,'1142326',1216,,785,22,0,20 15,0
15009,'1142391',1016,,786,22,0,20 15,0
15009,'1142463',1616,,789,22,0,20 15,0
15009,'1142521',916,,791,22,0,20 15,0
15009,'1142575',1516,,792,22,0,20 15,0
15009,'1142681',1316,,794,22,0,20 15,0
15009,'1142872',1116,,798,22,0,20 15,0
15009,'1142884',1416,,799,22,0,20 15,0
15009,'1142889',1716,,800,22,0,20 15,0
19001509,'1142133',1736,,1156,46,,,0
19001509,'1142140',636,,1157,21,,,0
19001509,'1142153',736,,1158,46,,,0
19001509,'1142160',1036,,1159,46,,,0
19001509,'1142170',1536,,1160,46,,,0
19001509,'1142181',736,,1161,46,,,0
19001509,'1142183',1636,,1162,46,,,0
19001509,'1142185',1536,,1163,46,,,0
19001509,'1142201',906,,1164,46,,,0
19001509,'1142204',1336,,1165,46,,,0
19001509,'1142217',1136,,1167,46,,,0
19001509,'1142250',2136,,1168,46,,,0
19001509,'1142261',1306,,1169,46,,,0
19001509,'1142284',1106,,1170,46,,,0
19001509,'1142302',1836,,1172,46,,,0
19001509,'1142318',1006,,1174,46,,,0
19001509,'1142351',2036,,1175,46,,,0
19001509,'1142376',1836,,1176,46,,,0
19001509,'1142422',1236,,1177,46,,,0
19001509,'1142427',836,,1178,46,,,0
19001509,'1142428',1706,,1179,46,,,0
19001509,'1142440',1336,,1180,46,,,0
19001509,'1142443',2036,,1181,46,,,0
19001509,'1142474',806,,1182,46,,,0
19001509,'1142476',1406,,1183,46,,,0
19001509,'1142512',1206,,1184,46,,,0
19001509,'1142514',1636,,1185,46,,,0
19001509,'1142587',1806,,1187,46,,,0
19001509,'1142615',1936,,1188,46,,,0
19001509,'1142630',1936,,1189,46,,,0
19001509,'1142653',1736,,1190,46,,,0
19001509,'1142655',936,,1191,46,,,0
19001509,'1142675',836,,1192,46,,,0
19001509,'1142725',1606,,1194,46,,,0
19001509,'1142736',1436,,1195,46,,,0
19001509,'1142755',1136,,1196,46,,,0
19001509,'1142769',706,,1197,21,,,0
19001509,'1142799',1506,,1198,46,,,0
19001509,'1142808',2136,,1199,46,,,0
19001509,'1142818',1236,,1200,46,,,0
19001509,'1142823',1436,,1201,46,,,0
19001509,'1142868',936,,1202,46,,,0
19001509,'1142879',1036,,1203,46,,,0
