12009,'1175841',1024,,1252,9,0,18 7,0
12009,'1175914',1424,,1254,9,0,18 7,0
12009,'1176038',1124,,1255,9,0,18 7,0
12009,'1176142',1224,,1256,9,0,18 7,0
12009,'1176291',1324,,1260,9,0,18 7,0
12009,'1176342',1524,,1261,9,0,18 7,0
12009,'1176399',1724,,1262,9,0,18 7,0
12009,'1176575',924,,1268,9,0,18 7,0
12009,'1176589',1624,,1269,9,0,18 7,0
19001309,'1142849',1815,,1152,9,0,8 21,0
19001309,'1175725',645,,1374,9,,,0
19001309,'1175746',1245,,1375,9,,,0
19001309,'1175750',2145,,1376,9,,,0
19001309,'1175772',2045,,1378,9,,,0
19001309,'1175824',1945,,1379,9,,,0
19001309,'1175844',645,,1380,9,,,0
19001309,'1175930',1745,,1381,9,,,0
19001309,'1175941',1445,,1382,9,,,0
19001309,'1175974',1615,,1383,9,,,0
19001309,'1176027',1145,,1384,9,,,0
19001309,'1176051',1315,,1385,9,,,0
19001309,'1176056',1515,,1386,9,,,0
19001309,'1176072',845,,1387,9,,,0
19001309,'1176088',815,,1388,9,,,0
19001309,'1176113',945,,1389,9,,,0
19001309,'1176123',1445,,1390,9,,,0
19001309,'1176150',1645,,1391,9,,,0
19001309,'1176155',1715,,1392,9,,,0
19001309,'1176191',1845,,1393,9,,,0
19001309,'1176203',1945,,1394,9,,,0
19001309,'1176205',745,,1395,9,,,0
19001309,'1176216',715,,1396,9,,,0
19001309,'1176219',1545,,1397,9,,,0
19001309,'1176231',1245,,1398,9,,,0
19001309,'1176237',1145,,1399,9,,,0
19001309,'1176251',845,,1400,9,,,0
19001309,'1176267',1845,,1401,9,,,0
19001309,'1176327',2145,,1403,9,,,0
19001309,'1176330',1045,,1404,9,,,0
19001309,'1176347',1345,,1405,9,,,0
19001309,'1176350',1345,,1406,9,,,0
19001309,'1176372',915,,1407,9,,,0
19001309,'1176377',2045,,1408,9,,,0
19001309,'1176385',945,,1409,9,,,0
19001309,'1176484',1545,,1410,9,,,0
19001309,'1176487',1215,,1411,9,,,0
19001309,'1176502',1415,,1412,9,,,0
19001309,'1176565',1045,,1413,9,,,0
19001309,'1176609',1645,,1414,9,,,0
19001309,'1176622',1745,,1415,9,,,0
19001309,'1176667',745,,1416,9,,,0
19001309,'1176691',1115,,1417,9,,,0
19001309,'1176694',1015,,1418,9,,,0
