12009,'1175904',1325,,1253,13,,,0
12009,'1176180',1025,,1257,13,,,0
12009,'1176258',1725,,1258,13,,,0
12009,'1176284',1425,,1259,13,,,0
12009,'1176435',1125,,1263,13,,,0
12009,'1176479',1525,,1264,13,,,0
12009,'1176508',1625,,1265,13,,,0
12009,'1176541',925,,1266,13,,,0
12009,'1176548',1225,,1267,13,,,0
19001709,'1175723',849,,1419,13,,,0
19001709,'1175748',919,,1420,13,,,0
19001709,'1175763',1049,,1421,13,,,0
19001709,'1175781',949,,1422,13,,,0
19001709,'1175795',719,,1423,13,,,0
19001709,'1175819',2049,,1424,13,,,0
19001709,'1175858',1849,,1425,13,,,0
19001709,'1175872',2149,,1426,13,0,8 21,0
19001709,'1175912',1749,,1427,13,,,0
19001709,'1175946',2049,,1428,13,,,0
19001709,'1176002',1349,,1429,13,,,0
19001709,'1176024',2149,,1430,13,0,8 21,0
19001709,'1176147',1949,,1431,13,,,0
19001709,'1176151',1449,,1432,13,,,0
19001709,'1176162',1149,,1433,13,,,0
19001709,'1176204',1549,,1434,13,,,0
19001709,'1176288',749,,1435,13,,,0
19001709,'1176339',1649,,1436,13,,,0
19001709,'1176366',649,,1437,13,,,0
19001709,'1176369',1549,,1438,13,,,0
19001709,'1176400',1049,,1439,13,,,0
19001709,'1176416',1849,,1440,13,,,0
19001709,'1176419',849,,1441,13,,,0
19001709,'1176422',1449,,1442,13,,,0
19001709,'1176428',1619,,1443,13,,,0
19001709,'1176461',1719,,1444,13,,,0
19001709,'1176465',1949,,1445,13,,,0
19001709,'1176466',2249,,1446,13,0,8 21,0
19001709,'1176481',1349,,1447,13,,,0
19001709,'1176493',619,,1448,13,,,0
19001709,'1176540',949,,1449,13,,,0
19001709,'1176561',1649,,1450,13,,,0
19001709,'1176587',749,,1451,13,,,0
19001709,'1176600',1249,,1452,13,,,0
19001709,'1176606',1249,,1453,13,,,0
19001709,'1176634',649,,1454,13,,,0
19001709,'1176635',819,,1455,13,,,0
19001709,'1176654',1819,,1456,13,0,8 21,0
19001709,'1176664',1149,,1457,13,,,0
19001709,'1176670',1749,,1458,13,,,0
19001709,'1176677',2249,,1459,13,0,8 21,0
