19001309,'1142849',1828,,1152,27,0,8 21,0
19001309,'1175725',658,,1374,27,,,0
19001309,'1175746',1258,,1375,27,,,0
19001309,'1175750',2158,,1376,27,,,0
19001309,'1175772',2058,,1378,27,,,0
19001309,'1175824',1958,,1379,27,,,0
19001309,'1175844',658,,1380,27,,,0
19001309,'1175930',1758,,1381,27,,,0
19001309,'1175941',1458,,1382,27,,,0
19001309,'1175974',1628,,1383,27,,,0
19001309,'1176027',1158,,1384,27,,,0
19001309,'1176051',1328,,1385,27,,,0
19001309,'1176056',1528,,1386,27,,,0
19001309,'1176072',858,,1387,27,,,0
19001309,'1176088',828,,1388,27,,,0
19001309,'1176113',958,,1389,27,,,0
19001309,'1176123',1458,,1390,27,,,0
19001309,'1176150',1658,,1391,27,,,0
19001309,'1176155',1728,,1392,27,,,0
19001309,'1176191',1858,,1393,27,,,0
19001309,'1176203',1958,,1394,27,,,0
19001309,'1176205',758,,1395,27,,,0
19001309,'1176216',728,,1396,27,,,0
19001309,'1176219',1558,,1397,27,,,0
19001309,'1176231',1258,,1398,27,,,0
19001309,'1176237',1158,,1399,27,,,0
19001309,'1176251',858,,1400,27,,,0
19001309,'1176267',1858,,1401,27,,,0
19001309,'1176327',2158,,1403,27,,,0
19001309,'1176330',1058,,1404,27,,,0
19001309,'1176347',1358,,1405,27,,,0
19001309,'1176350',1358,,1406,27,,,0
19001309,'1176372',928,,1407,27,,,0
19001309,'1176377',2058,,1408,27,,,0
19001309,'1176385',958,,1409,27,,,0
19001309,'1176484',1558,,1410,27,,,0
19001309,'1176487',1228,,1411,27,,,0
19001309,'1176502',1428,,1412,27,,,0
19001309,'1176565',1058,,1413,27,,,0
19001309,'1176609',1658,,1414,27,,,0
19001309,'1176622',1758,,1415,27,,,0
19001309,'1176667',758,,1416,27,,,0
19001309,'1176691',1128,,1417,27,,,0
19001309,'1176694',1028,,1418,27,,,0
