14001009,'1142143',1419,,875,37,,,0
14001009,'1142178',719,,876,37,,,0
14001009,'1142189',919,,877,37,,,0
14001009,'1142190',749,,878,37,,,0
14001009,'1142194',1519,,879,37,,,0
14001009,'1142216',1019,,880,37,,,0
14001009,'1142231',849,,881,37,,,0
14001009,'1142237',1419,,882,37,,,0
14001009,'1142279',1719,,883,37,,,0
14001009,'1142282',1319,,884,37,,,0
14001009,'1142286',919,,885,37,,,0
14001009,'1142290',2019,,886,37,,,0
14001009,'1142344',2119,,888,37,,,0
14001009,'1142360',1219,,889,37,,,0
14001009,'1142375',1119,,891,37,,,0
14001009,'1142459',1019,,894,37,,,0
14001009,'1142462',1619,,896,37,,,0
14001009,'1142479',1919,,897,37,,,0
14001009,'1142483',1519,,898,37,,,0
14001009,'1142508',1919,,900,37,,,0
14001009,'1142510',1619,,901,37,,,0
14001009,'1142538',1119,,903,37,,,0
14001009,'1142580',1819,,905,37,,,0
14001009,'1142619',2119,,906,37,,,0
14001009,'1142660',1649,,908,37,,,0
14001009,'1142682',819,,909,37,,,0
14001009,'1142715',2019,,910,37,,,0
14001009,'1142724',719,,911,4,,,0
14001009,'1142781',2219,,912,37,,,0
14001009,'1142787',1819,,913,37,,,0
14001009,'1142811',1219,,915,37,,,0
14001009,'1142812',1749,,916,37,,,0
14001009,'1142840',819,,917,37,,,0
14001009,'1142842',2219,,918,37,,,0
14001009,'1142843',1319,,919,37,,,0
14001009,'1142861',1719,,920,37,,,0
14001409,'1142132',1219,,967,25,,,0
14001409,'1142141',919,,968,25,,,0
14001409,'1142149',1719,,969,25,,,0
14001409,'1142155',1219,,970,25,,,0
14001409,'1142175',1319,,971,25,,,0
14001409,'1142179',1449,,972,25,,,0
14001409,'1142200',1419,,973,25,,,0
14001409,'1142203',2219,,974,25,,,0
14001409,'1142206',1919,,975,25,,,0
14001409,'1142211',749,,976,25,,,0
14001409,'1142248',649,,977,4,,,0
14001409,'1142253',1019,,978,25,,,0
14001409,'1142257',2019,,979,25,,,0
14001409,'1142272',1919,,980,25,,,0
14001409,'1142298',919,,981,25,,,0
14001409,'1142299',1719,,982,25,,,0
14001409,'1142338',1619,,983,25,,,0
14001409,'1142361',2119,,984,25,,,0
14001409,'1142371',1249,,985,25,,,0
14001409,'1142372',719,,986,4,,,0
14001409,'1142373',1749,,987,25,,,0
14001409,'1142381',2119,,988,25,,,0
14001409,'1142416',719,,989,25,,,0
14001409,'1142418',1519,,990,25,,,0
14001409,'1142456',1119,,992,25,,,0
14001409,'1142477',1149,,993,25,,,0
14001409,'1142481',1649,,994,25,,,0
14001409,'1142488',1549,,995,25,,,0
14001409,'1142526',1319,,996,25,,,0
14001409,'1142560',1519,,998,25,,,0
14001409,'1142562',1419,,999,25,,,0
14001409,'1142611',1349,,1000,25,,,0
14001409,'1142629',949,,1001,25,,,0
14001409,'1142639',1819,,1002,25,,,0
14001409,'1142654',1619,,1003,25,,,0
14001409,'1142701',819,,1004,25,,,0
14001409,'1142714',1019,,1005,25,,,0
14001409,'1142752',2019,,1007,25,,,0
14001409,'1142757',819,,1008,25,,,0
14001409,'1142821',2219,,1009,25,,,0
14001409,'1142851',1119,,1010,25,,,0
14001409,'1142870',1049,,1011,25,,,0
14001409,'1142874',1819,,1012,25,,,0
14001409,'1142883',849,,1013,25,,,0
14001609,'1175743',719,,1306,24,,,0
14001609,'1175762',819,,1307,24,,,0
14001609,'1175785',1019,,1308,24,,,0
14001609,'1175815',749,,1309,24,,,0
14001609,'1175849',919,,1310,24,,,0
14001609,'1175881',919,,1311,24,,,0
14001609,'1175882',719,,1312,4,,,0
14001609,'1175901',1319,,1313,24,,,0
14001609,'1175909',849,,1314,24,,,0
14001609,'1175926',1219,,1315,24,,,0
14001609,'1175981',1749,,1316,24,,,0
14001609,'1176005',2219,,1317,24,,,0
14001609,'1176019',1919,,1318,24,,,0
14001609,'1176030',1419,,1319,24,,,0
14001609,'1176078',1719,,1321,24,,,0
14001609,'1176081',2019,,1322,24,,,0
14001609,'1176129',1519,,1323,24,,,0
14001609,'1176134',2119,,1325,24,,,0
14001609,'1176154',2119,,1326,24,,,0
14001609,'1176172',1619,,1327,24,,,0
14001609,'1176186',1649,,1328,24,,,0
14001609,'1176192',2219,,1329,24,,,0
14001609,'1176206',1319,,1330,24,,,0
14001609,'1176260',1419,,1331,24,,,0
14001609,'1176285',1819,,1332,24,,,0
14001609,'1176332',1819,,1334,24,,,0
14001609,'1176457',1119,,1335,24,,,0
14001609,'1176506',1919,,1336,24,,,0
14001609,'1176531',2019,,1337,24,,,0
14001609,'1176542',1549,,1338,24,,,0
14001609,'1176555',1219,,1339,24,,,0
14001609,'1176566',1119,,1340,24,,,0
14001609,'1176590',1019,,1341,24,,,0
14001609,'1176615',1519,,1342,24,,,0
14001609,'1176650',1619,,1343,24,,,0
14001609,'1176683',1719,,1344,24,,,0
14001609,'1176688',819,,1345,24,,,0
