14001009,'1083711',1830,,202,50,,,0
14001009,'1083714',2030,,203,50,,,0
14001009,'1083727',2030,,204,50,,,0
14001009,'1083743',2230,,206,50,,,0
14001009,'1083763',2130,,207,50,,,0
14001009,'1083798',730,,208,17,,,0
14001009,'1083841',1425,,210,51,,,0
14001009,'1083897',1930,,212,50,,,0
14001009,'1083901',1730,,213,50,,,0
14001009,'1083953',1630,,215,50,,,0
14001009,'1084005',1930,,218,50,,,0
14001009,'1084014',1125,,219,51,,,0
14001009,'1084040',1730,,221,50,,,0
14001009,'1084045',1328,,222,51,,,0
14001009,'1084052',2130,,224,50,,,0
14001009,'1084056',930,,225,50,,,0
14001009,'1084072',1128,,226,51,,,0
14001009,'1084104',1325,,228,51,,,0
14001009,'1084126',1700,,230,50,,,0
14001009,'1084128',900,,231,50,,,0
14001009,'1084133',830,,233,50,,,0
14001009,'1084154',2230,,234,50,,,0
14001009,'1084167',1830,,235,50,,,0
14001009,'1084176',930,,236,50,,,0
14001009,'1084187',1630,,237,50,,,0
14001009,'1084219',830,,239,50,,,0
14001009,'1084221',1428,,240,51,,,0
14001009,'1084349',800,,246,50,,,0
14001009,'1084363',1800,,247,50,,,0
14001009,'1142404',1525,,625,51,,,0
14001009,'1142495',1025,,627,51,,,0
14001009,'1142534',1528,,628,51,,,0
14001009,'1142603',1028,,629,51,,,0
14001009,'1142604',1228,,630,51,,,0
14001009,'1142648',730,,632,50,,,0
14001009,'1142722',1225,,633,51,,,0
