15009,'1175719',1658,,1569,3,0,20 15,0
15009,'1175730',1458,,1570,3,0,20 15,0
15009,'1175737',1258,,1571,3,0,20 15,0
15009,'1175828',1358,,1572,3,0,20 15,0
15009,'1175835',958,,1573,3,0,20 15,0
15009,'1176048',1158,,1578,3,0,20 15,0
15009,'1176230',1558,,1580,3,0,20 15,0
15009,'1176301',858,,1582,3,0,20 15,0
15009,'1176568',1058,,1584,3,0,20 15,0
19001509,'1175715',2117,,2024,28,,,0
19001509,'1175729',1017,,2025,28,,,0
19001509,'1175740',817,,2027,28,,,0
19001509,'1175741',1317,,2028,28,,,0
19001509,'1175778',1747,,2031,28,,,0
19001509,'1175793',1817,,2032,28,,,0
19001509,'1175801',817,,2033,28,,,0
19001509,'1175845',1347,,2034,28,,,0
19001509,'1175897',1447,,2035,28,,,0
19001509,'1175899',1217,,2036,28,,,0
19001509,'1175907',947,,2037,28,,,0
19001509,'1175925',1617,,2038,28,,,0
19001509,'1175932',1517,,2039,28,,,0
19001509,'1175953',1547,,2040,28,,,0
19001509,'1175965',647,,2041,3,,,0
19001509,'1175967',1047,,2042,28,,,0
19001509,'1175996',1647,,2043,28,,,0
19001509,'1176000',917,,2044,28,,,0
19001509,'1176049',1717,,2045,28,,,0
19001509,'1176055',1917,,2046,28,,,0
19001509,'1176057',1017,,2047,28,,,0
19001509,'1176073',747,,2048,28,,,0
19001509,'1176074',717,,2049,28,,,0
19001509,'1176085',1917,,2050,28,,,0
19001509,'1176090',2117,,2051,28,,,0
19001509,'1176092',1117,,2052,28,,,0
19001509,'1176093',917,,2053,28,,,0
19001509,'1176105',2017,,2054,28,,,0
19001509,'1176238',1517,,2055,28,,,0
19001509,'1176266',1147,,2056,28,,,0
19001509,'1176293',1417,,2057,28,,,0
19001509,'1176328',1247,,2058,28,,,0
19001509,'1176335',2017,,2059,28,,,0
19001509,'1176355',1617,,2061,28,,,0
19001509,'1176358',1317,,2062,28,,,0
19001509,'1176362',1817,,2063,28,,,0
19001509,'1176426',1117,,2064,28,,,0
19001509,'1176450',617,,2066,3,,,0
19001509,'1176496',1417,,2067,28,,,0
19001509,'1176536',717,,2068,28,,,0
19001509,'1176537',847,,2069,28,,,0
19001509,'1176684',1717,,2070,28,,,0
19001509,'1176689',1217,,2071,28,,,0
