11009,'1175720',1204,,1460,17,0,13 14 15,0
11009,'1175910',904,,1463,17,0,13 14 15,0
11009,'1175948',1704,,1464,17,0,13 14 15,0
11009,'1176063',1504,,1465,17,0,13 14 15,0
11009,'1176079',1404,,1466,17,0,13 14 15,0
11009,'1176108',1004,,1467,17,0,13 14 15,0
11009,'1176321',1104,,1471,17,0,13 14 15,0
11009,'1176658',1604,,1476,17,0,13 14 15,0
11009,'1176675',1304,,1477,17,0,13 14 15,0
11609,'1175716',1154,,1478,30,,,0
11609,'1175732',1554,,1479,30,,,0
11609,'1175756',1354,,1480,30,,,0
11609,'1175773',2054,,1481,30,,,0
11609,'1175832',1824,,1482,30,,,0
11609,'1175843',1454,,1483,30,,,0
11609,'1175850',2154,,1484,30,,,0
11609,'1175868',1254,,1485,30,,,0
11609,'1175918',1658,,1486,31,,,0
11609,'1175942',1754,,1487,30,,,0
11609,'1175949',1728,,1488,31,,,0
11609,'1175954',954,,1489,30,,,0
11609,'1175958',1554,,1490,30,,,0
11609,'1175970',1154,,1491,30,,,0
11609,'1176003',1954,,1492,30,,,0
11609,'1176080',1354,,1493,30,,,0
11609,'1176101',1854,,1494,30,,,0
11609,'1176137',1854,,1495,30,,,0
11609,'1176153',1654,,1496,30,,,0
11609,'1176239',1254,,1497,30,,,0
11609,'1176240',754,,1498,30,,,0
11609,'1176243',658,,1499,31,,,0
11609,'1176254',824,,1500,30,,,0
11609,'1176259',2054,,1501,30,,,0
11609,'1176276',854,,1502,30,,,0
11609,'1176432',728,,1503,31,,,0
11609,'1176433',1624,,1504,30,,,0
11609,'1176442',924,,1505,30,,,0
11609,'1176443',1054,,1506,30,,,0
11609,'1176475',754,,1507,30,,,0
11609,'1176603',1754,,1508,30,,,0
11609,'1176630',2154,,1509,30,,,0
11609,'1176639',1954,,1510,30,,,0
11609,'1176641',1054,,1511,30,,,0
11609,'1176646',954,,1512,30,,,0
11609,'1176652',854,,1513,30,,,0
11609,'1176685',1454,,1514,30,,,0
16009,'1175859',1243,,1588,29,0,16 17 11,0
16009,'1176087',1343,,1589,29,0,16 17 11,0
16009,'1176112',1443,,1590,29,0,16 17 11,0
16009,'1176128',1743,,1591,29,0,16 17 11,0
16009,'1176235',1043,,1593,29,0,16 17 11,0
16009,'1176236',1643,,1594,29,0,16 17 11,0
16009,'1176410',1543,,1599,29,0,16 17 11,0
16009,'1176572',943,,1602,29,0,16 17 11,0
16009,'1176585',1143,,1603,29,0,16 17 11,0
19001109,'1175757',2227,,1930,41,,,0
19001109,'1175788',1827,,1931,41,,,0
19001109,'1175797',1427,,1932,41,,,0
19001109,'1175800',1027,,1933,41,,,0
19001109,'1175811',1557,,1934,17,,,0
19001109,'1175846',1927,,1935,41,,,0
19001109,'1175854',1057,,1936,17,,,0
19001109,'1175866',1757,,1937,41,,,0
19001109,'1175889',1327,,1939,41,,,0
19001109,'1175960',1257,,1940,17,,,0
19001109,'1175990',1227,,1942,41,,,0
19001109,'1176025',627,,1943,20,,,0
19001109,'1176026',1327,,1944,41,,,0
19001109,'1176076',657,,1945,17,,,0
19001109,'1176086',1027,,1946,41,,,0
19001109,'1176114',927,,1947,41,,,0
19001109,'1176152',757,,1948,41,,,0
19001109,'1176229',2227,,1949,41,,,0
19001109,'1176246',827,,1950,41,,,0
19001109,'1176315',727,,1951,41,,,0
19001109,'1176316',1227,,1952,41,,,0
19001109,'1176317',1727,,1953,41,,,0
19001109,'1176322',957,,1954,41,,,0
19001109,'1176337',2027,,1955,41,,,0
19001109,'1176344',1627,,1956,41,,,0
19001109,'1176353',1627,,1957,41,,,0
19001109,'1176386',727,,1958,41,,,0
19001109,'1176406',1457,,1959,17,,,0
19001109,'1176429',1357,,1960,17,,,0
19001109,'1176444',1927,,1961,41,,,0
19001109,'1176445',2127,,1962,41,,,0
19001109,'1176478',1827,,1963,41,,,0
19001109,'1176517',1527,,1965,41,,,0
19001109,'1176557',927,,1966,41,,,0
19001109,'1176559',2027,,1967,41,,,0
19001109,'1176563',857,,1968,41,,,0
19001109,'1176570',1527,,1969,41,,,0
19001109,'1176581',1157,,1970,17,,,0
19001109,'1176586',1657,,1971,17,,,0
19001109,'1176595',1727,,1972,41,,,0
19001109,'1176605',1127,,1973,41,,,0
19001109,'1176616',1127,,1974,41,,,0
19001109,'1176620',827,,1975,41,,,0
19001109,'1176668',2127,,1976,41,,,0
19001109,'1176674',1427,,1977,41,,,0
