14001609,'1142224',1324,,1020,11,0,8 21,0
14001609,'1142239',1024,,1022,11,0,8 21,0
14001609,'1142308',1824,,1028,11,0,8 21,0
14001609,'1142473',1124,,1035,11,0,8 21,0
14001609,'1142717',1224,,1051,11,0,8 21,0
14001609,'1142803',924,,1054,11,0,8 21,0
14001609,'1142886',1424,,1060,11,0,8 21,0
14001609,'1175743',654,,1306,11,,,0
14001609,'1175762',754,,1307,11,,,0
14001609,'1175785',954,,1308,11,,,0
14001609,'1175815',724,,1309,11,,,0
14001609,'1175849',854,,1310,11,,,0
14001609,'1175881',854,,1311,11,,,0
14001609,'1175901',1254,,1313,11,,,0
14001609,'1175909',824,,1314,11,,,0
14001609,'1175926',1154,,1315,11,,,0
14001609,'1175981',1724,,1316,11,,,0
14001609,'1176005',2154,,1317,11,,,0
14001609,'1176019',1854,,1318,11,,,0
14001609,'1176030',1354,,1319,11,,,0
14001609,'1176078',1654,,1321,11,,,0
14001609,'1176081',1954,,1322,11,,,0
14001609,'1176129',1454,,1323,11,,,0
14001609,'1176134',2054,,1325,11,,,0
14001609,'1176154',2054,,1326,11,,,0
14001609,'1176172',1554,,1327,11,,,0
14001609,'1176186',1624,,1328,11,,,0
14001609,'1176192',2154,,1329,11,,,0
14001609,'1176206',1254,,1330,11,,,0
14001609,'1176260',1354,,1331,11,,,0
14001609,'1176285',1754,,1332,11,,,0
14001609,'1176332',1754,,1334,11,,,0
14001609,'1176457',1054,,1335,11,,,0
14001609,'1176506',1854,,1336,11,,,0
14001609,'1176531',1954,,1337,11,,,0
14001609,'1176542',1524,,1338,11,,,0
14001609,'1176555',1154,,1339,11,,,0
14001609,'1176566',1054,,1340,11,,,0
14001609,'1176590',954,,1341,11,,,0
14001609,'1176615',1454,,1342,11,,,0
14001609,'1176650',1554,,1343,11,,,0
14001609,'1176683',1654,,1344,11,,,0
14001609,'1176688',754,,1345,11,,,0
