14009,'1142164',1155,,765,38,0,5 6 7,0
14009,'1142187',1455,,767,38,0,5 6 7,0
14009,'1142323',1655,,768,38,0,5 6 7,0
14009,'1142325',1808,,769,38,0,5 6 7,0
14009,'1142341',1255,,770,38,0,5 6 7,0
14009,'1142386',955,,773,38,0,5 6 7,0
14009,'1142559',1555,,776,38,0,5 6 7,0
14009,'1142645',1355,,778,38,0,5 6 7,0
14009,'1142708',1055,,780,38,0,5 6 7,0
14001409,'1142132',1236,,967,44,,,0
14001409,'1142141',936,,968,44,,,0
14001409,'1142149',1736,,969,44,,,0
14001409,'1142155',1234,,970,44,,,0
14001409,'1142175',1334,,971,44,,,0
14001409,'1142179',1506,,972,44,,,0
14001409,'1142200',1436,,973,44,,,0
14001409,'1142203',2234,,974,44,,,0
14001409,'1142206',1934,,975,44,,,0
14001409,'1142211',806,,976,44,,,0
14001409,'1142248',706,,977,23,,,0
14001409,'1142253',1036,,978,44,,,0
14001409,'1142257',2034,,979,44,,,0
14001409,'1142272',1936,,980,44,,,0
14001409,'1142298',934,,981,44,,,0
14001409,'1142299',1734,,982,44,,,0
14001409,'1142338',1634,,983,44,,,0
14001409,'1142361',2134,,984,44,,,0
14001409,'1142371',1306,,985,44,,,0
14001409,'1142372',734,,986,23,,,0
14001409,'1142373',1806,,987,44,,,0
14001409,'1142381',2136,,988,44,,,0
14001409,'1142416',736,,989,44,,,0
14001409,'1142418',1536,,990,44,,,0
14001409,'1142456',1134,,992,44,,,0
14001409,'1142477',1206,,993,44,,,0
14001409,'1142481',1706,,994,44,,,0
14001409,'1142488',1606,,995,44,,,0
14001409,'1142526',1336,,996,44,,,0
14001409,'1142544',634,,997,16,,,0
14001409,'1142560',1534,,998,44,,,0
14001409,'1142562',1434,,999,44,,,0
14001409,'1142611',1406,,1000,44,,,0
14001409,'1142629',1006,,1001,44,,,0
14001409,'1142639',1834,,1002,44,,,0
14001409,'1142654',1636,,1003,44,,,0
14001409,'1142701',836,,1004,44,,,0
14001409,'1142714',1034,,1005,44,,,0
14001409,'1142737',636,,1006,16,,,0
14001409,'1142752',2036,,1007,44,,,0
14001409,'1142757',834,,1008,44,,,0
14001409,'1142821',2236,,1009,44,,,0
14001409,'1142851',1136,,1010,44,,,0
14001409,'1142870',1106,,1011,44,,,0
14001409,'1142874',1836,,1012,44,,,0
14001409,'1142883',906,,1013,44,,,0
