20009,'1175886',1432,,1606,6,,,0
20009,'1176006',932,,1608,6,,,0
20009,'1176032',1232,,1609,6,,,0
20009,'1176110',1532,,1610,6,,,0
20009,'1176195',1716,,1611,6,,,0
20009,'1176370',1132,,1614,6,,,0
20009,'1176412',1032,,1617,6,,,0
20009,'1176469',1332,,1619,6,,,0
20009,'1176512',1632,,1620,6,,,0
14001409,'1175733',1926,,1835,34,,,0
14001409,'1175775',1226,,1836,34,,,0
14001409,'1175776',2125,,1837,34,,,0
14001409,'1175786',2025,,1838,34,,,0
14001409,'1175790',1626,,1839,34,,,0
14001409,'1175803',1426,,1840,34,,,0
14001409,'1175809',956,,1841,34,,,0
14001409,'1175820',1526,,1842,34,,,0
14001409,'1175821',1225,,1843,34,,,0
14001409,'1175838',1156,,1844,34,,,0
14001409,'1175856',1125,,1845,34,,,0
14001409,'1175876',1625,,1846,34,,,0
14001409,'1175893',1925,,1847,34,,,0
14001409,'1175894',1756,,1848,34,,,0
14001409,'1175902',1656,,1849,34,,,0
14001409,'1175961',1326,,1850,34,,,0
14001409,'1175973',925,,1851,34,,,0
14001409,'1175975',1826,,1852,34,,,0
14001409,'1175999',856,,1854,34,,,0
14001409,'1176001',1056,,1855,34,,,0
14001409,'1176014',1126,,1856,34,,,0
14001409,'1176036',756,,1857,34,,,0
14001409,'1176047',1425,,1858,34,,,0
14001409,'1176050',2126,,1859,34,,,0
14001409,'1176071',1256,,1860,34,,,0
14001409,'1176160',1726,,1861,34,,,0
14001409,'1176250',825,,1862,34,,,0
14001409,'1176268',2226,,1863,34,,,0
14001409,'1176283',1356,,1864,34,,,0
14001409,'1176287',625,,1865,6,,,0
14001409,'1176308',2225,,1866,34,,,0
14001409,'1176314',726,,1867,34,,,0
14001409,'1176357',626,,1868,6,,,0
14001409,'1176393',1025,,1869,34,,,0
14001409,'1176423',826,,1870,34,,,0
14001409,'1176464',656,,1871,13,,,0
14001409,'1176476',1556,,1872,34,,,0
14001409,'1176485',1026,,1873,34,,,0
14001409,'1176522',926,,1874,34,,,0
14001409,'1176530',725,,1875,13,,,0
14001409,'1176556',1725,,1876,34,,,0
14001409,'1176558',1525,,1877,34,,,0
14001409,'1176598',2026,,1878,34,,,0
14001409,'1176631',1325,,1879,34,,,0
14001409,'1176643',1456,,1880,34,,,0
14001409,'1176681',1825,,1881,34,,,0
