14009,'1142177',1049,,766,25,,,0
14009,'1142342',1549,,771,25,,,0
14009,'1142362',1349,,772,25,,,0
14009,'1142406',949,,774,25,,,0
14009,'1142444',1249,,775,25,,,0
14009,'1142613',1802,,777,25,,,0
14009,'1142687',1649,,779,25,,,0
14009,'1142827',1449,,781,25,,,0
14009,'1142830',1149,,782,25,,,0
14001209,'1142139',1353,,921,35,,,0
14001209,'1142151',1223,,922,35,,,0
14001209,'1142158',1553,,923,35,,,0
14001209,'1142168',1453,,924,35,,,0
14001209,'1142228',1423,,925,35,,,0
14001209,'1142235',1123,,926,35,,,0
14001209,'1142256',1253,,927,35,,,0
14001209,'1142291',1723,,928,35,,,0
14001209,'1142293',1653,,929,35,,,0
14001209,'1142309',1053,,930,35,,,0
14001209,'1142370',823,,931,35,,,0
14001209,'1142423',1153,,933,35,,,0
14001209,'1142439',823,,934,35,,,0
14001209,'1142486',853,,935,35,,,0
14001209,'1142509',1523,,936,35,,,0
14001209,'1142542',1923,,937,35,,,0
14001209,'1142545',1123,,938,35,,,0
14001209,'1142567',1023,,939,35,,,0
14001209,'1142571',1723,,940,35,,,0
14001209,'1142573',1323,,941,35,,,0
14001209,'1142591',1823,,942,35,,,0
14001209,'1142598',923,,943,35,,,0
14001209,'1142600',753,,944,35,,,0
14001209,'1142650',2223,,945,35,,,0
14001209,'1142691',1823,,947,35,,,0
14001209,'1142694',1323,,948,35,,,0
14001209,'1142710',2223,,949,35,,,0
14001209,'1142733',723,,950,13,,,0
14001209,'1142742',723,,951,35,,,0
14001209,'1142760',953,,952,35,,,0
14001209,'1142766',1223,,953,35,,,0
14001209,'1142771',1753,,954,35,,,0
14001209,'1142778',1623,,955,35,,,0
14001209,'1142786',2123,,956,35,,,0
14001209,'1142797',2023,,957,35,,,0
14001209,'1142806',1423,,958,35,,,0
14001209,'1142817',1623,,960,35,,,0
14001209,'1142820',1923,,961,35,,,0
14001209,'1142837',923,,962,35,,,0
14001209,'1142854',1023,,963,35,,,0
14001209,'1142855',2123,,964,35,,,0
14001209,'1142858',1523,,965,35,,,0
14001209,'1142869',2023,,966,35,,,0
