19001509,'1175715',2058,,2024,21,,,0
19001509,'1175729',958,,2025,21,,,0
19001509,'1175736',2158,,2026,21,0,12,0
19001509,'1175740',758,,2027,21,,,0
19001509,'1175741',1258,,2028,21,,,0
19001509,'1175769',2258,,2029,21,0,12,0
19001509,'1175774',2158,,2030,21,0,12,0
19001509,'1175778',1728,,2031,21,,,0
19001509,'1175793',1758,,2032,21,,,0
19001509,'1175801',758,,2033,21,,,0
19001509,'1175845',1328,,2034,21,,,0
19001509,'1175897',1428,,2035,21,,,0
19001509,'1175899',1158,,2036,21,,,0
19001509,'1175907',928,,2037,21,,,0
19001509,'1175925',1558,,2038,21,,,0
19001509,'1175932',1458,,2039,21,,,0
19001509,'1175953',1528,,2040,21,,,0
19001509,'1175967',1028,,2042,21,,,0
19001509,'1175996',1628,,2043,21,,,0
19001509,'1176000',858,,2044,21,,,0
19001509,'1176049',1658,,2045,21,,,0
19001509,'1176055',1858,,2046,21,,,0
19001509,'1176057',958,,2047,21,,,0
19001509,'1176073',728,,2048,21,,,0
19001509,'1176074',658,,2049,21,,,0
19001509,'1176085',1858,,2050,21,,,0
19001509,'1176090',2058,,2051,21,,,0
19001509,'1176092',1058,,2052,21,,,0
19001509,'1176093',858,,2053,21,,,0
19001509,'1176105',1958,,2054,21,,,0
19001509,'1176238',1458,,2055,21,,,0
19001509,'1176266',1128,,2056,21,,,0
19001509,'1176293',1358,,2057,21,,,0
19001509,'1176328',1228,,2058,21,,,0
19001509,'1176335',1958,,2059,21,,,0
19001509,'1176340',1828,,2060,21,0,12,0
19001509,'1176355',1558,,2061,21,,,0
19001509,'1176358',1258,,2062,21,,,0
19001509,'1176362',1758,,2063,21,,,0
19001509,'1176426',1058,,2064,21,,,0
19001509,'1176434',2258,,2065,21,0,12,0
19001509,'1176496',1358,,2067,21,,,0
19001509,'1176536',658,,2068,21,,,0
19001509,'1176537',828,,2069,21,,,0
19001509,'1176684',1658,,2070,21,,,0
19001509,'1176689',1158,,2071,21,,,0
