21609,'1083705',928,,165,19,,,0
21609,'1083713',1328,,166,19,,,0
21609,'1083740',701,,167,20,,,0
21609,'1083767',858,,168,19,,,0
21609,'1083813',728,,170,19,,,0
21609,'1083824',1128,,171,19,,,0
21609,'1083865',928,,172,19,,,0
21609,'1083868',2128,,173,19,,,0
21609,'1083869',1758,,174,19,,,0
21609,'1083929',1731,,175,20,,,0
21609,'1083944',2028,,176,19,,,0
21609,'1083952',758,,177,19,,,0
21609,'1083956',1558,,178,19,,,0
21609,'1083970',1428,,179,19,,,0
21609,'1083985',1728,,180,19,,,0
21609,'1083994',1228,,181,19,,,0
21609,'1083995',1828,,182,19,,,0
21609,'1084073',1028,,183,19,,,0
21609,'1084096',1828,,184,19,,,0
21609,'1084144',731,,185,20,,,0
21609,'1084182',2028,,186,19,,,0
21609,'1084211',1528,,187,19,,,0
21609,'1084216',1328,,188,19,,,0
21609,'1084222',828,,189,19,,,0
21609,'1084229',1528,,190,19,,,0
21609,'1084233',1628,,191,19,,,0
21609,'1084253',1028,,192,19,,,0
21609,'1084297',2128,,193,19,,,0
21609,'1084300',1228,,194,19,,,0
21609,'1084324',1428,,195,19,,,0
21609,'1084339',1701,,196,20,,,0
21609,'1084342',1128,,197,19,,,0
21609,'1084351',1928,,198,19,,,0
21609,'1084373',1928,,199,19,,,0
21609,'1084376',828,,200,19,,,0
21609,'1084380',1631,,201,20,,,0
21609,'1142315',628,,624,19,,,0
