11609,'1142131',1620,,692,23,,,0
11609,'1142167',950,,693,23,,,0
11609,'1142222',1250,,694,23,,,0
11609,'1142226',2050,,695,23,,,0
11609,'1142297',1250,,696,23,,,0
11609,'1142329',1050,,697,23,,,0
11609,'1142334',1820,,698,23,,,0
11609,'1142336',1750,,699,23,,,0
11609,'1142364',1750,,700,23,,,0
11609,'1142388',1350,,701,23,,,0
11609,'1142390',1150,,702,23,,,0
11609,'1142392',920,,703,23,,,0
11609,'1142399',2050,,704,23,,,0
11609,'1142441',2150,,705,23,,,0
11609,'1142450',1950,,706,23,,,0
11609,'1142454',1550,,707,23,,,0
11609,'1142465',723,,708,24,,,0
11609,'1142475',850,,709,23,,,0
11609,'1142493',1653,,710,24,,,0
11609,'1142497',1550,,711,23,,,0
11609,'1142504',1850,,712,23,,,0
11609,'1142519',653,,713,24,,,0
11609,'1142524',1350,,714,23,,,0
11609,'1142530',1150,,715,23,,,0
11609,'1142561',750,,716,23,,,0
11609,'1142586',1450,,717,23,,,0
11609,'1142593',1950,,718,23,,,0
11609,'1142599',1850,,719,23,,,0
11609,'1142608',1450,,720,23,,,0
11609,'1142624',750,,721,23,,,0
11609,'1142649',1050,,722,23,,,0
11609,'1142676',1650,,723,23,,,0
11609,'1142697',820,,724,23,,,0
11609,'1142702',950,,725,23,,,0
11609,'1142719',850,,726,23,,,0
11609,'1142857',1723,,727,24,,,0
11609,'1142878',2150,,728,23,,,0
