12009,'1175745',1517,,1515,2,,,0
12009,'1175747',1417,,1516,2,,,0
12009,'1175827',1117,,1517,2,,,0
12009,'1175839',1717,,1518,2,,,0
12009,'1176031',1017,,1523,2,,,0
12009,'1176149',1217,,1525,2,,,0
12009,'1176417',1317,,1527,2,,,0
12009,'1176471',1617,,1529,2,,,0
12009,'1176692',917,,1532,2,,,0
19001709,'1175717',1443,,2072,2,,,0
19001709,'1175742',1043,,2073,2,,,0
19001709,'1175751',1043,,2074,2,,,0
19001709,'1175789',643,,2076,2,,,0
19001709,'1175830',1943,,2077,2,,,0
19001709,'1175877',1143,,2078,2,,,0
19001709,'1175947',1643,,2079,2,,,0
19001709,'1175951',713,,2080,2,,,0
19001709,'1175978',743,,2081,2,,,0
19001709,'1176042',1643,,2082,2,,,0
19001709,'1176052',2143,,2083,2,0,8 21,0
19001709,'1176058',1443,,2084,2,,,0
19001709,'1176065',1543,,2085,2,,,0
19001709,'1176099',1343,,2086,2,,,0
19001709,'1176119',1743,,2088,2,,,0
19001709,'1176120',1843,,2089,2,,,0
19001709,'1176124',2243,,2090,2,0,8 21,0
19001709,'1176130',1243,,2091,2,,,0
19001709,'1176156',1943,,2092,2,,,0
19001709,'1176161',1343,,2093,2,,,0
19001709,'1176166',913,,2094,2,,,0
19001709,'1176201',843,,2095,2,,,0
19001709,'1176252',813,,2097,2,,,0
19001709,'1176273',943,,2099,2,,,0
19001709,'1176303',1613,,2101,2,,,0
19001709,'1176312',1713,,2102,2,,,0
19001709,'1176349',1843,,2103,2,,,0
19001709,'1176415',743,,2105,2,,,0
19001709,'1176420',1143,,2106,2,,,0
19001709,'1176468',2143,,2107,2,0,8 21,0
19001709,'1176482',1243,,2108,2,,,0
19001709,'1176513',643,,2109,2,,,0
19001709,'1176554',1743,,2111,2,,,0
19001709,'1176592',613,,2112,2,,,0
19001709,'1176601',1543,,2113,2,,,0
19001709,'1176617',2043,,2114,2,,,0
19001709,'1176629',943,,2115,2,,,0
19001709,'1176637',843,,2116,2,,,0
19001709,'1176640',1813,,2117,2,0,8 21,0
19001709,'1176655',2043,,2118,2,,,0
19001709,'1176661',2243,,2119,2,0,8 21,0
