11009,'1175720',1210,,1460,28,0,13 14 15,0
11009,'1175910',910,,1463,28,0,13 14 15,0
11009,'1175948',1710,,1464,28,0,13 14 15,0
11009,'1176063',1510,,1465,28,0,13 14 15,0
11009,'1176079',1410,,1466,28,0,13 14 15,0
11009,'1176108',1010,,1467,28,0,13 14 15,0
11009,'1176321',1110,,1471,28,0,13 14 15,0
11009,'1176658',1610,,1476,28,0,13 14 15,0
11009,'1176675',1310,,1477,28,0,13 14 15,0
20009,'1175886',1515,,1606,26,,,0
20009,'1176006',1015,,1608,26,,,0
20009,'1176032',1315,,1609,26,,,0
20009,'1176110',1615,,1610,26,,,0
20009,'1176370',1215,,1614,26,,,0
20009,'1176412',1115,,1617,26,,,0
20009,'1176469',1415,,1619,26,,,0
20009,'1176512',1715,,1620,26,,,0
20009,'1176525',915,,1621,16,,,0
19001109,'1175757',2233,,1930,52,,,0
19001109,'1175788',1833,,1931,52,,,0
19001109,'1175797',1433,,1932,52,,,0
19001109,'1175800',1033,,1933,52,,,0
19001109,'1175811',1603,,1934,28,,,0
19001109,'1175846',1933,,1935,52,,,0
19001109,'1175854',1103,,1936,28,,,0
19001109,'1175866',1803,,1937,52,,,0
19001109,'1175889',1333,,1939,52,,,0
19001109,'1175960',1303,,1940,28,,,0
19001109,'1175990',1233,,1942,52,,,0
19001109,'1176025',633,,1943,31,,,0
19001109,'1176026',1333,,1944,52,,,0
19001109,'1176076',703,,1945,28,,,0
19001109,'1176086',1033,,1946,52,,,0
19001109,'1176114',933,,1947,52,,,0
19001109,'1176152',803,,1948,52,,,0
19001109,'1176229',2233,,1949,52,,,0
19001109,'1176246',833,,1950,52,,,0
19001109,'1176315',733,,1951,52,,,0
19001109,'1176316',1233,,1952,52,,,0
19001109,'1176317',1733,,1953,52,,,0
19001109,'1176322',1003,,1954,52,,,0
19001109,'1176337',2033,,1955,52,,,0
19001109,'1176344',1633,,1956,52,,,0
19001109,'1176353',1633,,1957,52,,,0
19001109,'1176386',733,,1958,52,,,0
19001109,'1176406',1503,,1959,28,,,0
19001109,'1176429',1403,,1960,28,,,0
19001109,'1176444',1933,,1961,52,,,0
19001109,'1176445',2133,,1962,52,,,0
19001109,'1176478',1833,,1963,52,,,0
19001109,'1176517',1533,,1965,52,,,0
19001109,'1176557',933,,1966,52,,,0
19001109,'1176559',2033,,1967,52,,,0
19001109,'1176563',903,,1968,52,,,0
19001109,'1176570',1533,,1969,52,,,0
19001109,'1176581',1203,,1970,28,,,0
19001109,'1176586',1703,,1971,28,,,0
19001109,'1176595',1733,,1972,52,,,0
19001109,'1176605',1133,,1973,52,,,0
19001109,'1176616',1133,,1974,52,,,0
19001109,'1176620',833,,1975,52,,,0
19001109,'1176668',2133,,1976,52,,,0
19001109,'1176674',1433,,1977,52,,,0
19001709,'1175717',1529,,2072,48,,,0
19001709,'1175742',1129,,2073,48,,,0
19001709,'1175751',1129,,2074,48,,,0
19001709,'1175777',1159,,2075,15,,,0
19001709,'1175789',729,,2076,48,,,0
19001709,'1175830',2029,,2077,48,,,0
19001709,'1175877',1229,,2078,48,,,0
19001709,'1175947',1729,,2079,48,,,0
19001709,'1175951',759,,2080,48,,,0
19001709,'1175978',829,,2081,48,,,0
19001709,'1176042',1729,,2082,48,,,0
19001709,'1176058',1529,,2084,48,,,0
19001709,'1176065',1629,,2085,48,,,0
19001709,'1176099',1429,,2086,48,,,0
19001709,'1176116',1559,,2087,15,,,0
19001709,'1176119',1829,,2088,48,,,0
19001709,'1176120',1929,,2089,48,,,0
19001709,'1176130',1329,,2091,48,,,0
19001709,'1176156',2029,,2092,48,,,0
19001709,'1176161',1429,,2093,48,,,0
19001709,'1176166',959,,2094,48,,,0
19001709,'1176201',929,,2095,48,,,0
19001709,'1176209',1359,,2096,15,,,0
19001709,'1176252',859,,2097,48,,,0
19001709,'1176264',1459,,2098,15,,,0
19001709,'1176273',1029,,2099,48,,,0
19001709,'1176297',1259,,2100,15,,,0
19001709,'1176303',1659,,2101,48,,,0
19001709,'1176312',1759,,2102,48,,,0
19001709,'1176349',1929,,2103,48,,,0
19001709,'1176380',1059,,2104,15,,,0
19001709,'1176415',829,,2105,48,,,0
19001709,'1176420',1229,,2106,48,,,0
19001709,'1176482',1329,,2108,48,,,0
19001709,'1176513',729,,2109,48,,,0
19001709,'1176547',629,,2110,15,,,0
19001709,'1176554',1829,,2111,48,,,0
19001709,'1176592',659,,2112,48,,,0
19001709,'1176601',1629,,2113,48,,,0
19001709,'1176617',2129,,2114,48,,,0
19001709,'1176629',1029,,2115,48,,,0
19001709,'1176637',929,,2116,48,,,0
19001709,'1176655',2129,,2118,48,,,0
