11009,'1175771',1449,,1461,31,,,0
11009,'1175802',1749,,1462,31,,,0
11009,'1176133',1649,,1468,31,,,0
11009,'1176140',1049,,1469,31,,,0
11009,'1176188',1249,,1470,31,,,0
11009,'1176403',1149,,1472,31,,,0
11009,'1176448',949,,1473,31,,,0
11009,'1176583',1549,,1474,31,,,0
11009,'1176618',1349,,1475,31,,,0
11609,'1175716',1203,,1478,36,,,0
11609,'1175732',1603,,1479,36,,,0
11609,'1175756',1403,,1480,36,,,0
11609,'1175773',2103,,1481,36,,,0
11609,'1175832',1837,,1482,36,,,0
11609,'1175843',1503,,1483,36,,,0
11609,'1175850',2203,,1484,36,,,0
11609,'1175868',1303,,1485,36,,,0
11609,'1175918',1704,,1486,37,,,0
11609,'1175942',1803,,1487,36,,,0
11609,'1175949',1734,,1488,37,,,0
11609,'1175954',1003,,1489,36,,,0
11609,'1175958',1603,,1490,36,,,0
11609,'1175970',1203,,1491,36,,,0
11609,'1176003',2003,,1492,36,,,0
11609,'1176080',1403,,1493,36,,,0
11609,'1176101',1903,,1494,36,,,0
11609,'1176137',1903,,1495,36,,,0
11609,'1176153',1703,,1496,36,,,0
11609,'1176239',1303,,1497,36,,,0
11609,'1176240',803,,1498,36,,,0
11609,'1176243',704,,1499,37,,,0
11609,'1176254',833,,1500,36,,,0
11609,'1176259',2103,,1501,36,,,0
11609,'1176276',903,,1502,36,,,0
11609,'1176432',734,,1503,37,,,0
11609,'1176433',1633,,1504,36,,,0
11609,'1176442',933,,1505,36,,,0
11609,'1176443',1103,,1506,36,,,0
11609,'1176475',803,,1507,36,,,0
11609,'1176603',1803,,1508,36,,,0
11609,'1176630',2203,,1509,36,,,0
11609,'1176639',2003,,1510,36,,,0
11609,'1176641',1103,,1511,36,,,0
11609,'1176646',1003,,1512,36,,,0
11609,'1176652',903,,1513,36,,,0
11609,'1176685',1503,,1514,36,,,0
13009,'1175768',1356,,1533,2,0,19 15,0
13009,'1175851',1156,,1534,2,0,19 15,0
13009,'1175875',1256,,1535,2,0,19 15,0
13009,'1175888',1056,,1536,2,0,19 15,0
13009,'1176171',1456,,1538,2,0,19 15,0
13009,'1176184',856,,1539,2,0,19 15,0
13009,'1176223',1556,,1541,2,0,19 15,0
13009,'1176463',956,,1547,2,0,19 15,0
13009,'1176497',1656,,1548,2,0,19 15,0
15009,'1175719',1656,,1569,2,0,20 15,0
15009,'1175730',1456,,1570,2,0,20 15,0
15009,'1175737',1256,,1571,2,0,20 15,0
15009,'1175828',1356,,1572,2,0,20 15,0
15009,'1175835',956,,1573,2,0,20 15,0
15009,'1176048',1156,,1578,2,0,20 15,0
15009,'1176230',1556,,1580,2,0,20 15,0
15009,'1176301',856,,1582,2,0,20 15,0
15009,'1176568',1056,,1584,2,0,20 15,0
16009,'1175859',1248,,1588,35,0,16 17 11,0
16009,'1176087',1348,,1589,35,0,16 17 11,0
16009,'1176112',1448,,1590,35,0,16 17 11,0
16009,'1176128',1748,,1591,35,0,16 17 11,0
16009,'1176235',1048,,1593,35,0,16 17 11,0
16009,'1176236',1648,,1594,35,0,16 17 11,0
16009,'1176410',1548,,1599,35,0,16 17 11,0
16009,'1176572',948,,1602,35,0,16 17 11,0
16009,'1176585',1148,,1603,35,0,16 17 11,0
20009,'1175879',1448,,1605,18,0,10 11,0,53,,1605,20,0,10 11,0
20009,'1175940',1048,,1607,18,0,10 11,0,53,,1607,20,0,10 11,0
20009,'1176265',1548,,1612,18,0,10 11,0,53,,1612,20,0,10 11,0
20009,'1176319',1748,,1613,18,0,10 11,0,5,,1613,20,0,10 11,0
20009,'1176398',1348,,1615,18,0,10 11,0,53,,1615,20,0,10 11,0
20009,'1176408',948,,1616,18,0,10 11,0,53,,1616,20,0,10 11,0
20009,'1176425',1148,,1618,18,0,10 11,0,53,,1618,20,0,10 11,0
20009,'1176552',1248,,1622,18,0,10 11,0,53,,1622,20,0,10 11,0
20009,'1176647',1648,,1623,18,0,10 11,0,53,,1623,20,0,10 11,0
14001009,'1175755',859,,1743,33,,,0,57,,1743,35,,,0
14001009,'1175787',1759,,1744,33,,,0,57,,1744,35,,,0
14001009,'1175798',1759,,1745,33,,,0,57,,1745,35,,,0
14001009,'1175806',1129,,1746,33,0,8 21,0
14001009,'1175810',716,,1747,2,,,0
14001009,'1175825',1559,,1748,33,,,0,57,,1748,35,,,0
14001009,'1175826',1300,,1749,33,,,0,16,,1749,35,,,0
14001009,'1175836',1729,,1750,33,,,0,17,,1750,35,,,0
14001009,'1175840',1959,,1751,33,,,0,57,,1751,35,,,0
14001009,'1175865',1029,,1752,33,0,8 21,0
14001009,'1175890',1959,,1753,33,,,0,57,,1753,35,,,0
14001009,'1175905',2059,,1754,33,,,0,57,,1754,35,,,0
14001009,'1175937',1400,,1755,33,,,0,16,,1755,35,,,0
14001009,'1175943',1659,,1756,33,,,0,57,,1756,35,,,0
14001009,'1175962',2259,,1757,33,0,8 21,0
14001009,'1175995',1100,,1758,33,,,0,16,,1758,35,,,0
14001009,'1176008',729,,1759,33,,,0,17,,1759,35,,,0
14001009,'1176017',759,,1760,33,,,0,57,,1760,35,,,0
14001009,'1176075',1659,,1761,33,,,0,57,,1761,35,,,0
14001009,'1176104',2159,,1762,33,,,0,57,,1762,35,,,0
14001009,'1176141',1300,,1763,33,,,0,16,,1763,35,,,0
14001009,'1176158',1500,,1764,33,,,0,16,,1764,35,,,0
14001009,'1176181',929,,1765,33,0,8 21,0
14001009,'1176198',1000,,1766,33,,,0,16,,1766,35,,,0
14001009,'1176208',2159,,1767,33,,,0,57,,1767,35,,,0
14001009,'1176215',1859,,1768,33,,,0,57,,1768,35,,,0
14001009,'1176225',1329,,1769,33,0,8 21,0
14001009,'1176249',1100,,1770,33,,,0,16,,1770,35,,,0
14001009,'1176269',2059,,1771,33,,,0,57,,1771,35,,,0
14001009,'1176278',2259,,1772,33,0,8 21,0
14001009,'1176300',1529,,1773,33,0,8 21,0
14001009,'1176311',1000,,1774,33,,,0,16,,1774,35,,,0
14001009,'1176346',829,,1775,33,,,0,17,,1775,35,,,0
14001009,'1176365',859,,1776,33,,,0,57,,1776,35,,,0
14001009,'1176376',1559,,1777,33,,,0,57,,1777,35,,,0
14001009,'1176382',1200,,1778,33,,,0,16,,1778,35,,,0
14001009,'1176449',659,,1779,33,,,0,57,,1779,35,,,0
14001009,'1176452',1229,,1780,33,0,8 21,0
14001009,'1176545',759,,1781,33,,,0,57,,1781,35,,,0
14001009,'1176551',1400,,1782,33,,,0,16,,1782,35,,,0
14001009,'1176579',1629,,1783,33,,,0,17,,1783,35,,,0
14001009,'1176580',1200,,1784,33,,,0,16,,1784,35,,,0
14001009,'1176607',1859,,1785,33,,,0,57,,1785,35,,,0
14001009,'1176612',1829,,1786,33,0,8 21,0
14001009,'1176628',1429,,1787,33,0,8 21,0
14001009,'1176653',1500,,1788,33,,,0,16,,1788,35,,,0
14001209,'1175718',1646,,1789,24,,,0
14001209,'1175861',1916,,1790,24,,,0
14001209,'1175900',1746,,1791,24,,,0
14001209,'1175915',2116,,1793,24,,,0
14001209,'1175917',1446,,1794,24,,,0
14001209,'1175919',2016,,1795,24,,,0
14001209,'1175938',816,,1796,24,,,0
14001209,'1175939',1816,,1797,24,,,0
14001209,'1175983',2216,,1798,24,,,0
14001209,'1176007',1316,,1799,24,,,0
14001209,'1176012',1116,,1800,24,,,0
14001209,'1176069',916,,1801,24,,,0
14001209,'1176070',1216,,1802,24,,,0
14001209,'1176091',1016,,1803,24,,,0
14001209,'1176100',716,,1804,2,,,0
14001209,'1176103',1016,,1805,24,,,0
14001209,'1176117',1216,,1806,24,,,0
14001209,'1176163',1916,,1808,24,,,0
14001209,'1176213',1116,,1809,24,,,0
14001209,'1176217',1616,,1810,24,,,0
14001209,'1176245',1816,,1811,24,,,0
14001209,'1176255',916,,1812,24,,,0
14001209,'1176275',1716,,1813,24,,,0
14001209,'1176323',1146,,1814,24,,,0
14001209,'1176343',1416,,1816,24,,,0
14001209,'1176354',1516,,1817,24,,,0
14001209,'1176378',1316,,1818,24,,,0
14001209,'1176401',746,,1819,24,,,0
14001209,'1176411',2116,,1820,24,,,0
14001209,'1176440',1516,,1821,24,,,0
14001209,'1176458',716,,1822,24,,,0
14001209,'1176470',1616,,1823,24,,,0
14001209,'1176472',1046,,1824,24,,,0
14001209,'1176483',1346,,1825,24,,,0
14001209,'1176488',1716,,1826,24,,,0
14001209,'1176515',2016,,1827,24,,,0
14001209,'1176526',946,,1828,24,,,0
14001209,'1176532',1246,,1829,24,,,0
14001209,'1176546',2216,,1830,24,,,0
14001209,'1176594',846,,1831,24,,,0
14001209,'1176599',1546,,1832,24,,,0
14001209,'1176626',816,,1833,24,,,0
14001209,'1176676',1416,,1834,24,,,0
14001409,'1175733',1916,,1835,23,,,0
14001409,'1175775',1216,,1836,23,,,0
14001409,'1175776',2116,,1837,23,,,0
14001409,'1175786',2016,,1838,23,,,0
14001409,'1175790',1616,,1839,23,,,0
14001409,'1175803',1416,,1840,23,,,0
14001409,'1175809',946,,1841,23,,,0
14001409,'1175820',1516,,1842,23,,,0
14001409,'1175821',1216,,1843,23,,,0
14001409,'1175838',1146,,1844,23,,,0
14001409,'1175856',1116,,1845,23,,,0
14001409,'1175876',1616,,1846,23,,,0
14001409,'1175893',1916,,1847,23,,,0
14001409,'1175894',1746,,1848,23,,,0
14001409,'1175902',1646,,1849,23,,,0
14001409,'1175961',1316,,1850,23,,,0
14001409,'1175973',916,,1851,23,,,0
14001409,'1175975',1816,,1852,23,,,0
14001409,'1175999',846,,1854,23,,,0
14001409,'1176001',1046,,1855,23,,,0
14001409,'1176014',1116,,1856,23,,,0
14001409,'1176036',746,,1857,23,,,0
14001409,'1176047',1416,,1858,23,,,0
14001409,'1176050',2116,,1859,23,,,0
14001409,'1176071',1246,,1860,23,,,0
14001409,'1176160',1716,,1861,23,,,0
14001409,'1176250',816,,1862,23,,,0
14001409,'1176268',2216,,1863,23,,,0
14001409,'1176283',1346,,1864,23,,,0
14001409,'1176308',2216,,1866,23,,,0
14001409,'1176314',716,,1867,23,,,0
14001409,'1176393',1016,,1869,23,,,0
14001409,'1176423',816,,1870,23,,,0
14001409,'1176464',646,,1871,2,,,0
14001409,'1176476',1546,,1872,23,,,0
14001409,'1176485',1016,,1873,23,,,0
14001409,'1176522',916,,1874,23,,,0
14001409,'1176530',716,,1875,2,,,0
14001409,'1176556',1716,,1876,23,,,0
14001409,'1176558',1516,,1877,23,,,0
14001409,'1176598',2016,,1878,23,,,0
14001409,'1176631',1316,,1879,23,,,0
14001409,'1176643',1446,,1880,23,,,0
14001409,'1176681',1816,,1881,23,,,0
14001609,'1175722',1104,,1882,20,,,0,12,,1882,22,,,0
14001609,'1175752',704,,1883,20,,,0,12,,1883,22,,,0
14001609,'1175760',2004,,1884,20,,,0,12,,1884,22,,,0
14001609,'1175799',934,,1885,20,0,8 21,0
14001609,'1175804',1034,,1886,20,0,8 21,0
14001609,'1175908',834,,1888,20,,,0,12,,1888,22,,,0
14001609,'1175922',1204,,1889,20,,,0,12,,1889,22,,,0
14001609,'1175936',804,,1890,20,,,0,12,,1890,22,,,0
14001609,'1175982',1134,,1891,20,0,8 21,0
14001609,'1175986',1404,,1892,20,,,0,12,,1892,22,,,0
14001609,'1175988',1304,,1893,20,,,0,12,,1893,22,,,0
14001609,'1175989',1804,,1894,20,,,0,12,,1894,22,,,0
14001609,'1176010',1234,,1895,20,0,8 21,0
14001609,'1176015',904,,1896,20,,,0,12,,1896,22,,,0
14001609,'1176131',1334,,1897,20,0,8 21,0
14001609,'1176168',1304,,1898,20,,,0,12,,1898,22,,,0
14001609,'1176170',1534,,1899,20,,,0,12,,1899,22,,,0
14001609,'1176241',2104,,1900,20,,,0,12,,1900,22,,,0
14001609,'1176247',734,,1901,20,,,0,12,,1901,22,,,0
14001609,'1176270',2204,,1902,20,,,0,12,,1902,22,,,0
14001609,'1176280',1604,,1903,20,,,0,12,,1903,22,,,0
14001609,'1176296',1504,,1904,20,,,0,12,,1904,22,,,0
14001609,'1176309',2204,,1905,20,,,0,12,,1905,22,,,0
14001609,'1176320',1804,,1906,20,,,0,12,,1906,22,,,0
14001609,'1176374',1834,,1907,20,0,8 21,0
14001609,'1176381',1004,,1908,20,,,0,12,,1908,22,,,0
14001609,'1176402',2004,,1909,20,,,0,12,,1909,22,,,0
14001609,'1176421',804,,1910,20,,,0,12,,1910,22,,,0
14001609,'1176486',1734,,1911,20,,,0,12,,1911,22,,,0
14001609,'1176492',1104,,1912,20,,,0,12,,1912,22,,,0
14001609,'1176495',1904,,1913,20,,,0,12,,1913,22,,,0
14001609,'1176500',1604,,1914,20,,,0,12,,1914,22,,,0
14001609,'1176504',1704,,1915,20,,,0,12,,1915,22,,,0
14001609,'1176510',1504,,1916,20,,,0,12,,1916,22,,,0
14001609,'1176518',1634,,1917,20,,,0,12,,1917,22,,,0
14001609,'1176524',1004,,1918,20,,,0,12,,1918,22,,,0
14001609,'1176533',904,,1919,20,,,0,12,,1919,22,,,0
14001609,'1176577',2104,,1921,20,,,0,12,,1921,22,,,0
14001609,'1176593',1434,,1923,20,0,8 21,0
14001609,'1176602',1404,,1924,20,,,0,12,,1924,22,,,0
14001609,'1176621',1904,,1926,20,,,0,12,,1926,22,,,0
14001609,'1176627',1704,,1927,20,,,0,12,,1927,22,,,0
14001609,'1176666',716,,1928,2,,,0
14001609,'1176671',1204,,1929,20,,,0,12,,1929,22,,,0
19001309,'1175728',846,,1978,34,,,0
19001309,'1175734',1516,,1979,34,,,0
19001309,'1175770',2016,,1980,34,,,0
19001309,'1175816',1816,,1982,34,,,0
19001309,'1175833',1716,,1983,34,,,0
19001309,'1175860',1346,,1984,34,,,0
19001309,'1175862',1116,,1985,34,,,0
19001309,'1175891',1146,,1986,34,,,0
19001309,'1175892',946,,1987,34,,,0
19001309,'1175985',646,,1988,2,,,0
19001309,'1175994',916,,1989,34,,,0
19001309,'1176023',816,,1990,34,,,0
19001309,'1176034',1116,,1991,34,,,0
19001309,'1176044',1416,,1992,34,,,0
19001309,'1176064',1046,,1993,34,,,0
19001309,'1176125',1716,,1994,34,,,0
19001309,'1176139',1216,,1995,34,,,0
19001309,'1176167',2216,,1996,34,,,0
19001309,'1176182',1316,,1997,34,,,0
19001309,'1176185',746,,1998,34,,,0
19001309,'1176187',1316,,1999,34,,,0
19001309,'1176196',1216,,2000,34,,,0
19001309,'1176261',1016,,2001,34,,,0
19001309,'1176277',2116,,2002,34,,,0
19001309,'1176318',1416,,2003,34,,,0
19001309,'1176331',2016,,2004,34,,,0
19001309,'1176338',1916,,2005,34,,,0
19001309,'1176348',1546,,2006,34,,,0
19001309,'1176367',1616,,2007,34,,,0
19001309,'1176387',2216,,2008,34,,,0
19001309,'1176389',816,,2009,34,,,0
19001309,'1176392',716,,2010,34,,,0
19001309,'1176394',1616,,2011,34,,,0
19001309,'1176446',1816,,2012,34,,,0
19001309,'1176462',2116,,2013,34,,,0
19001309,'1176473',1916,,2014,34,,,0
19001309,'1176527',1016,,2015,34,,,0
19001309,'1176539',1646,,2016,34,,,0
19001309,'1176543',1446,,2017,34,,,0
19001309,'1176550',616,,2018,2,,,0
19001309,'1176567',916,,2019,34,,,0
19001309,'1176597',1516,,2020,34,,,0
19001309,'1176614',1246,,2021,34,,,0
19001309,'1176638',1746,,2022,34,,,0
19001309,'1176660',716,,2023,34,,,0
19001509,'1175715',2115,,2024,27,,,0
19001509,'1175729',1015,,2025,27,,,0
19001509,'1175740',815,,2027,27,,,0
19001509,'1175741',1315,,2028,27,,,0
19001509,'1175778',1745,,2031,27,,,0
19001509,'1175793',1815,,2032,27,,,0
19001509,'1175801',815,,2033,27,,,0
19001509,'1175845',1345,,2034,27,,,0
19001509,'1175897',1445,,2035,27,,,0
19001509,'1175899',1215,,2036,27,,,0
19001509,'1175907',945,,2037,27,,,0
19001509,'1175925',1615,,2038,27,,,0
19001509,'1175932',1515,,2039,27,,,0
19001509,'1175953',1545,,2040,27,,,0
19001509,'1175965',645,,2041,2,,,0
19001509,'1175967',1045,,2042,27,,,0
19001509,'1175996',1645,,2043,27,,,0
19001509,'1176000',915,,2044,27,,,0
19001509,'1176049',1715,,2045,27,,,0
19001509,'1176055',1915,,2046,27,,,0
19001509,'1176057',1015,,2047,27,,,0
19001509,'1176073',745,,2048,27,,,0
19001509,'1176074',715,,2049,27,,,0
19001509,'1176085',1915,,2050,27,,,0
19001509,'1176090',2115,,2051,27,,,0
19001509,'1176092',1115,,2052,27,,,0
19001509,'1176093',915,,2053,27,,,0
19001509,'1176105',2015,,2054,27,,,0
19001509,'1176238',1515,,2055,27,,,0
19001509,'1176266',1145,,2056,27,,,0
19001509,'1176293',1415,,2057,27,,,0
19001509,'1176328',1245,,2058,27,,,0
19001509,'1176335',2015,,2059,27,,,0
19001509,'1176355',1615,,2061,27,,,0
19001509,'1176358',1315,,2062,27,,,0
19001509,'1176362',1815,,2063,27,,,0
19001509,'1176426',1115,,2064,27,,,0
19001509,'1176450',615,,2066,2,,,0
19001509,'1176496',1415,,2067,27,,,0
19001509,'1176536',715,,2068,27,,,0
19001509,'1176537',845,,2069,27,,,0
19001509,'1176684',1715,,2070,27,,,0
19001509,'1176689',1215,,2071,27,,,0
