11009,'1083926',946,,5,26,,,0
11009,'1084019',1146,,7,26,,,0
11009,'1084060',1546,,8,26,,,0
11009,'1084136',1246,,9,26,,,0
11009,'1084186',1046,,10,26,,,0
11009,'1084196',1646,,12,26,,,0
11009,'1084205',1346,,13,26,,,0
11009,'1084226',1446,,14,26,,,0
11009,'1084235',1746,,15,26,,,0
14001009,'1083711',1756,,202,28,,,0
14001009,'1083714',1956,,203,28,,,0
14001009,'1083727',1956,,204,28,,,0
14001009,'1083739',1026,,205,28,0,8 9,0
14001009,'1083743',2156,,206,28,,,0
14001009,'1083763',2056,,207,28,,,0
14001009,'1083809',1826,,209,28,0,8 9,0
14001009,'1083841',1356,,210,28,,,0
14001009,'1083888',1456,,211,28,,,0
14001009,'1083897',1856,,212,28,,,0
14001009,'1083901',1656,,213,28,,,0
14001009,'1083919',1156,,214,28,,,0
14001009,'1083953',1556,,215,28,,,0
14001009,'1083971',1226,,216,28,0,8 9,0
14001009,'1083977',1426,,217,28,0,8 9,0
14001009,'1084005',1856,,218,28,,,0
14001009,'1084014',1056,,219,28,,,0
14001009,'1084030',956,,220,28,,,0
14001009,'1084040',1656,,221,28,,,0
14001009,'1084045',1256,,222,28,,,0
14001009,'1084046',956,,223,28,,,0
14001009,'1084052',2056,,224,28,,,0
14001009,'1084056',856,,225,28,,,0
14001009,'1084072',1056,,226,28,,,0
14001009,'1084076',926,,227,28,0,8 9,0
14001009,'1084104',1256,,228,28,,,0
14001009,'1084118',1326,,229,28,0,8 9,0
14001009,'1084126',1626,,230,28,,,0
14001009,'1084128',826,,231,28,,,0
14001009,'1084131',656,,232,28,,,0
14001009,'1084133',756,,233,28,,,0
14001009,'1084154',2156,,234,28,,,0
14001009,'1084167',1756,,235,28,,,0
14001009,'1084176',856,,236,28,,,0
14001009,'1084187',1556,,237,28,,,0
14001009,'1084190',2256,,238,28,0,8 9,0
14001009,'1084219',756,,239,28,,,0
14001009,'1084221',1356,,240,28,,,0
14001009,'1084288',1526,,241,28,0,8 9,0
14001009,'1084291',1126,,242,28,0,8 9,0
14001009,'1084321',1156,,243,28,,,0
14001009,'1084325',2256,,244,28,0,8 9,0
14001009,'1084338',1456,,245,28,,,0
14001009,'1084349',726,,246,28,,,0
14001009,'1084363',1726,,247,28,,,0
