19001109,'1142212',1251,,1065,11,,,0
19001109,'1142345',1151,,1078,11,,,0
19001109,'1142412',1351,,1081,11,,,0
19001109,'1142503',1351,,1086,11,,,0
19001109,'1142554',1451,,1091,11,,,0
19001109,'1142583',1051,,1094,11,,,0
19001109,'1142588',1151,,1095,11,,,0
19001109,'1142664',1451,,1098,11,,,0
19001109,'1142756',1551,,1101,11,,,0
19001109,'1142845',1051,,1106,11,,,0
19001109,'1142860',1251,,1107,11,,,0
19001109,'1142880',1551,,1108,11,,,0
19001109,'1175791',2052,,1347,11,,,0
19001109,'1175792',1852,,1348,11,,,0
19001109,'1175853',1852,,1349,11,,,0
19001109,'1175887',1722,,1350,11,,,0
19001109,'1175950',652,,1351,11,,,0
19001109,'1175987',752,,1352,11,,,0
19001109,'1175992',1752,,1353,11,,,0
19001109,'1176020',652,,1354,11,,,0
19001109,'1176179',1752,,1355,11,,,0
19001109,'1176193',1952,,1356,11,,,0
19001109,'1176227',2052,,1357,11,,,0
19001109,'1176244',1652,,1358,11,,,0
19001109,'1176256',822,,1359,11,,,0
19001109,'1176310',852,,1360,11,,,0
19001109,'1176359',1952,,1361,11,,,0
19001109,'1176409',2247,,1362,11,0,12,0
19001109,'1176413',922,,1363,11,,,0
19001109,'1176424',952,,1364,11,,,0
19001109,'1176436',952,,1365,11,,,0
19001109,'1176437',852,,1366,11,,,0
19001109,'1176447',2247,,1367,11,0,12,0
19001109,'1176477',1652,,1368,11,,,0
19001109,'1176498',722,,1369,11,,,0
19001109,'1176505',2152,,1370,11,,,0
19001109,'1176514',752,,1371,11,,,0
19001109,'1176571',2152,,1372,11,,,0
19001109,'1176619',1822,,1373,11,0,8 21,0
