14009,'1142177',1030,,766,11,,,0
14009,'1142342',1530,,771,11,,,0
14009,'1142362',1330,,772,11,,,0
14009,'1142406',930,,774,11,,,0
14009,'1142444',1230,,775,11,,,0
14009,'1142613',1730,,777,11,,,0
14009,'1142687',1630,,779,11,,,0
14009,'1142827',1430,,781,11,,,0
14009,'1142830',1130,,782,11,,,0
19001509,'1142133',1651,,1156,10,,,0
19001509,'1142153',651,,1158,10,,,0
19001509,'1142160',951,,1159,10,,,0
19001509,'1142170',1451,,1160,10,,,0
19001509,'1142181',651,,1161,10,,,0
19001509,'1142183',1551,,1162,10,,,0
19001509,'1142185',1451,,1163,10,,,0
19001509,'1142201',821,,1164,10,,,0
19001509,'1142204',1251,,1165,10,,,0
19001509,'1142207',2151,,1166,10,0,12,0
19001509,'1142217',1051,,1167,10,,,0
19001509,'1142250',2051,,1168,10,,,0
19001509,'1142261',1221,,1169,10,,,0
19001509,'1142284',1021,,1170,10,,,0
19001509,'1142295',2251,,1171,10,0,12,0
19001509,'1142302',1751,,1172,10,,,0
19001509,'1142304',1821,,1173,10,0,12,0
19001509,'1142318',921,,1174,10,,,0
19001509,'1142351',1951,,1175,10,,,0
19001509,'1142376',1751,,1176,10,,,0
19001509,'1142422',1151,,1177,10,,,0
19001509,'1142427',751,,1178,10,,,0
19001509,'1142428',1621,,1179,10,,,0
19001509,'1142440',1251,,1180,10,,,0
19001509,'1142443',1951,,1181,10,,,0
19001509,'1142474',721,,1182,10,,,0
19001509,'1142476',1321,,1183,10,,,0
19001509,'1142512',1121,,1184,10,,,0
19001509,'1142514',1551,,1185,10,,,0
19001509,'1142532',2151,,1186,10,0,12,0
19001509,'1142587',1721,,1187,10,,,0
19001509,'1142615',1851,,1188,10,,,0
19001509,'1142630',1851,,1189,10,,,0
19001509,'1142653',1651,,1190,10,,,0
19001509,'1142655',851,,1191,10,,,0
19001509,'1142675',751,,1192,10,,,0
19001509,'1142699',2251,,1193,10,0,12,0
19001509,'1142725',1521,,1194,10,,,0
19001509,'1142736',1351,,1195,10,,,0
19001509,'1142755',1051,,1196,10,,,0
19001509,'1142799',1421,,1198,10,,,0
19001509,'1142808',2051,,1199,10,,,0
19001509,'1142818',1151,,1200,10,,,0
19001509,'1142823',1351,,1201,10,,,0
19001509,'1142868',851,,1202,10,,,0
19001509,'1142879',951,,1203,10,,,0
