14009,'1175724',1420,,1551,1,0,5 6 22,0
14009,'1175759',1220,,1552,1,0,5 6 22,0
14009,'1175767',1320,,1553,1,0,5 6 22,0
14009,'1175812',1815,,1554,42,4,,0
14009,'1175822',1116,,1555,42,4,,0
14009,'1175823',1716,,1556,42,4,,0
14009,'1175834',1520,,1557,1,0,5 6 22,0
14009,'1175927',1416,,1558,42,4,,0
14009,'1176135',1016,,1559,42,4,,0
14009,'1176178',1020,,1560,1,0,5 6 22,0
14009,'1176234',1720,,1561,1,0,5 6 22,0
14009,'1176326',1216,,1562,42,4,,0
14009,'1176364',1516,,1563,42,4,,0
14009,'1176418',1120,,1564,1,0,5 6 22,0
14009,'1176520',1616,,1565,42,4,,0
14009,'1176613',1620,,1566,1,0,5 6 22,0
14009,'1176636',920,,1567,1,0,5 6 22,0
14009,'1176678',1316,,1568,42,4,,0
14001409,'1175733',1942,,1835,48,4,,0
14001409,'1175775',1242,,1836,48,4,,0
14001409,'1175776',2140,,1837,48,4,,0
14001409,'1175786',2040,,1838,48,4,,0
14001409,'1175790',1642,,1839,48,4,,0
14001409,'1175803',1442,,1840,48,4,,0
14001409,'1175809',1012,,1841,48,4,,0
14001409,'1175820',1542,,1842,48,4,,0
14001409,'1175821',1240,,1843,48,4,,0
14001409,'1175838',1212,,1844,48,4,,0
14001409,'1175856',1140,,1845,48,4,,0
14001409,'1175876',1640,,1846,48,4,,0
14001409,'1175893',1940,,1847,48,4,,0
14001409,'1175894',1812,,1848,48,4,,0
14001409,'1175902',1712,,1849,48,4,,0
14001409,'1175961',1342,,1850,48,4,,0
14001409,'1175973',940,,1851,48,4,,0
14001409,'1175975',1842,,1852,48,4,,0
14001409,'1175999',912,,1854,48,4,,0
14001409,'1176001',1112,,1855,48,4,,0
14001409,'1176014',1142,,1856,48,4,,0
14001409,'1176036',812,,1857,48,4,,0
14001409,'1176047',1440,,1858,48,4,,0
14001409,'1176050',2142,,1859,48,4,,0
14001409,'1176071',1312,,1860,48,4,,0
14001409,'1176160',1742,,1861,48,4,,0
14001409,'1176250',840,,1862,48,4,,0
14001409,'1176268',2242,,1863,48,4,,0
14001409,'1176283',1412,,1864,48,4,,0
14001409,'1176287',640,,1865,20,4,,0
14001409,'1176308',2240,,1866,48,4,,0
14001409,'1176314',742,,1867,48,4,,0
14001409,'1176357',642,,1868,20,4,,0
14001409,'1176393',1040,,1869,48,4,,0
14001409,'1176423',842,,1870,48,4,,0
14001409,'1176464',712,,1871,27,4,,0
14001409,'1176476',1612,,1872,48,4,,0
14001409,'1176485',1042,,1873,48,4,,0
14001409,'1176522',942,,1874,48,4,,0
14001409,'1176530',740,,1875,27,4,,0
14001409,'1176556',1740,,1876,48,4,,0
14001409,'1176558',1540,,1877,48,4,,0
14001409,'1176598',2042,,1878,48,4,,0
14001409,'1176631',1340,,1879,48,4,,0
14001409,'1176643',1512,,1880,48,4,,0
14001409,'1176681',1840,,1881,48,4,,0
19001509,'1175715',2044,,2024,1,,,0
19001509,'1175729',944,,2025,1,,,0
19001509,'1175736',2144,,2026,1,0,12,0
19001509,'1175740',744,,2027,1,,,0
19001509,'1175741',1244,,2028,1,,,0
19001509,'1175769',2244,,2029,1,0,12,0
19001509,'1175774',2144,,2030,1,0,12,0
19001509,'1175778',1714,,2031,1,,,0
19001509,'1175793',1744,,2032,1,,,0
19001509,'1175801',744,,2033,1,,,0
19001509,'1175845',1314,,2034,1,,,0
19001509,'1175897',1414,,2035,1,,,0
19001509,'1175899',1144,,2036,1,,,0
19001509,'1175907',914,,2037,1,,,0
19001509,'1175925',1544,,2038,1,,,0
19001509,'1175932',1444,,2039,1,,,0
19001509,'1175953',1514,,2040,1,,,0
19001509,'1175967',1014,,2042,1,,,0
19001509,'1175996',1614,,2043,1,,,0
19001509,'1176000',844,,2044,1,,,0
19001509,'1176049',1644,,2045,1,,,0
19001509,'1176055',1844,,2046,1,,,0
19001509,'1176057',944,,2047,1,,,0
19001509,'1176073',714,,2048,1,,,0
19001509,'1176074',644,,2049,1,,,0
19001509,'1176085',1844,,2050,1,,,0
19001509,'1176090',2044,,2051,1,,,0
19001509,'1176092',1044,,2052,1,,,0
19001509,'1176093',844,,2053,1,,,0
19001509,'1176105',1944,,2054,1,,,0
19001509,'1176238',1444,,2055,1,,,0
19001509,'1176266',1114,,2056,1,,,0
19001509,'1176293',1344,,2057,1,,,0
19001509,'1176328',1214,,2058,1,,,0
19001509,'1176335',1944,,2059,1,,,0
19001509,'1176340',1814,,2060,1,0,12,0
19001509,'1176355',1544,,2061,1,,,0
19001509,'1176358',1244,,2062,1,,,0
19001509,'1176362',1744,,2063,1,,,0
19001509,'1176426',1044,,2064,1,,,0
19001509,'1176434',2244,,2065,1,0,12,0
19001509,'1176496',1344,,2067,1,,,0
19001509,'1176536',644,,2068,1,,,0
19001509,'1176537',814,,2069,1,,,0
19001509,'1176684',1644,,2070,1,,,0
19001509,'1176689',1144,,2071,1,,,0
