14009,'1175812',1812,,1554,40,,,0
14009,'1175822',1113,55,1555,40,,,0
14009,'1175823',1713,55,1556,40,,,0
14009,'1175927',1413,55,1558,40,,,0
14009,'1176135',1013,55,1559,40,,,0
14009,'1176326',1213,55,1562,40,,,0
14009,'1176364',1513,55,1563,40,,,0
14009,'1176520',1613,55,1565,40,,,0
14009,'1176678',1313,55,1568,40,,,0
14001409,'1175733',1941,,1835,46,,,0
14001409,'1175775',1241,,1836,46,,,0
14001409,'1175776',2139,,1837,46,,,0
14001409,'1175786',2039,,1838,46,,,0
14001409,'1175790',1641,,1839,46,,,0
14001409,'1175803',1441,,1840,46,,,0
14001409,'1175809',1011,,1841,46,,,0
14001409,'1175820',1541,,1842,46,,,0
14001409,'1175821',1239,,1843,46,,,0
14001409,'1175838',1211,,1844,46,,,0
14001409,'1175856',1139,,1845,46,,,0
14001409,'1175876',1639,,1846,46,,,0
14001409,'1175893',1939,,1847,46,,,0
14001409,'1175894',1811,,1848,46,,,0
14001409,'1175902',1711,,1849,46,,,0
14001409,'1175961',1341,,1850,46,,,0
14001409,'1175973',939,,1851,46,,,0
14001409,'1175975',1841,,1852,46,,,0
14001409,'1175999',911,,1854,46,,,0
14001409,'1176001',1111,,1855,46,,,0
14001409,'1176014',1141,,1856,46,,,0
14001409,'1176036',811,,1857,46,,,0
14001409,'1176047',1439,,1858,46,,,0
14001409,'1176050',2141,,1859,46,,,0
14001409,'1176071',1311,,1860,46,,,0
14001409,'1176160',1741,,1861,46,,,0
14001409,'1176250',839,,1862,46,,,0
14001409,'1176268',2241,,1863,46,,,0
14001409,'1176283',1411,,1864,46,,,0
14001409,'1176287',639,,1865,18,,,0
14001409,'1176308',2239,,1866,46,,,0
14001409,'1176314',741,,1867,46,,,0
14001409,'1176357',641,,1868,18,,,0
14001409,'1176393',1039,,1869,46,,,0
14001409,'1176423',841,,1870,46,,,0
14001409,'1176464',711,,1871,25,,,0
14001409,'1176476',1611,,1872,46,,,0
14001409,'1176485',1041,,1873,46,,,0
14001409,'1176522',941,,1874,46,,,0
14001409,'1176530',739,,1875,25,,,0
14001409,'1176556',1739,,1876,46,,,0
14001409,'1176558',1539,,1877,46,,,0
14001409,'1176598',2041,,1878,46,,,0
14001409,'1176631',1339,,1879,46,,,0
14001409,'1176643',1511,,1880,46,,,0
14001409,'1176681',1839,,1881,46,,,0
