16009,'1175864',1405,,1282,14,,,0
16009,'1175957',1705,,1283,14,,,0
16009,'1175969',1105,,1284,14,,,0
16009,'1176053',1205,,1285,14,,,0
16009,'1176095',1605,,1286,14,,,0
16009,'1176194',1305,,1291,14,,,0
16009,'1176519',905,,1293,14,,,0
16009,'1176596',1505,,1295,14,,,0
16009,'1176648',1005,,1296,14,,,0
21609,'1142134',855,,838,14,,,0
21609,'1142173',1425,,839,14,,,0
21609,'1142220',1225,,840,14,,,0
21609,'1142255',1625,,841,14,,,0
21609,'1142260',625,,842,14,,,0
21609,'1142266',1325,,843,14,,,0
21609,'1142277',1725,,844,14,,,0
21609,'1142281',825,,845,14,,,0
21609,'1142305',1125,,846,14,,,0
21609,'1142347',2125,,847,14,,,0
21609,'1142348',1025,,848,14,,,0
21609,'1142363',1125,,849,14,,,0
21609,'1142398',725,,850,14,,,0
21609,'1142432',825,,851,14,,,0
21609,'1142489',655,,852,14,,,0
21609,'1142528',2125,,853,14,,,0
21609,'1142549',2025,,854,14,,,0
21609,'1142551',1025,,855,14,,,0
21609,'1142557',1425,,856,14,,,0
21609,'1142574',1325,,857,14,,,0
21609,'1142584',1555,,858,14,,,0
21609,'1142623',1225,,859,14,,,0
21609,'1142647',1525,,860,14,,,0
21609,'1142662',2025,,861,14,,,0
21609,'1142678',925,,862,14,,,0
21609,'1142730',1625,,863,14,,,0
21609,'1142732',925,,864,14,,,0
21609,'1142740',755,,865,14,,,0
21609,'1142753',725,,866,14,,,0
21609,'1142754',1655,,867,14,,,0
21609,'1142762',1925,,868,14,,,0
21609,'1142784',1925,,869,14,,,0
21609,'1142801',1755,,870,14,,,0
21609,'1142822',1525,,871,14,,,0
21609,'1142856',1725,,872,14,,,0
21609,'1142867',1825,,873,14,,,0
21609,'1142890',1825,,874,14,,,0
