12009,'1175841',1036,,1252,20,0,18 7,0
12009,'1175914',1436,,1254,20,0,18 7,0
12009,'1176038',1136,,1255,20,0,18 7,0
12009,'1176142',1236,,1256,20,0,18 7,0
12009,'1176291',1336,,1260,20,0,18 7,0
12009,'1176342',1536,,1261,20,0,18 7,0
12009,'1176399',1736,,1262,20,0,18 7,0
12009,'1176575',936,,1268,20,0,18 7,0
12009,'1176589',1636,,1269,20,0,18 7,0
19001109,'1142212',1255,,1065,16,,,0
19001109,'1142345',1155,,1078,16,,,0
19001109,'1142412',1355,,1081,16,,,0
19001109,'1142503',1355,,1086,16,,,0
19001109,'1142554',1455,,1091,16,,,0
19001109,'1142583',1055,,1094,16,,,0
19001109,'1142588',1155,,1095,16,,,0
19001109,'1142664',1455,,1098,16,,,0
19001109,'1142756',1555,,1101,16,,,0
19001109,'1142845',1055,,1106,16,,,0
19001109,'1142860',1255,,1107,16,,,0
19001109,'1142880',1555,,1108,16,,,0
19001109,'1175791',2055,,1347,15,,,0
19001109,'1175792',1855,,1348,15,,,0
19001109,'1175853',1855,,1349,15,,,0
19001109,'1175887',1725,,1350,15,,,0
19001109,'1175950',655,,1351,15,,,0
19001109,'1175987',755,,1352,15,,,0
19001109,'1175992',1755,,1353,15,,,0
19001109,'1176020',655,,1354,15,,,0
19001109,'1176179',1755,,1355,15,,,0
19001109,'1176193',1955,,1356,15,,,0
19001109,'1176227',2055,,1357,15,,,0
19001109,'1176244',1655,,1358,15,,,0
19001109,'1176256',825,,1359,15,,,0
19001109,'1176310',855,,1360,15,,,0
19001109,'1176359',1955,,1361,15,,,0
19001109,'1176409',2250,,1362,15,0,12,0
19001109,'1176413',925,,1363,15,,,0
19001109,'1176424',955,,1364,15,,,0
19001109,'1176436',955,,1365,15,,,0
19001109,'1176437',855,,1366,15,,,0
19001109,'1176447',2250,,1367,15,0,12,0
19001109,'1176477',1655,,1368,15,,,0
19001109,'1176498',725,,1369,15,,,0
19001109,'1176505',2155,,1370,15,,,0
19001109,'1176514',755,,1371,15,,,0
19001109,'1176571',2155,,1372,15,,,0
19001109,'1176619',1825,,1373,15,0,8 21,0
