15009,'1175719',1723,,1569,28,0,20 15,0
15009,'1175730',1523,,1570,28,0,20 15,0
15009,'1175737',1323,,1571,28,0,20 15,0
15009,'1175828',1423,,1572,28,0,20 15,0
15009,'1175835',1023,,1573,28,0,20 15,0
15009,'1176048',1223,,1578,28,0,20 15,0
15009,'1176230',1623,,1580,28,0,20 15,0
15009,'1176301',923,,1582,28,0,20 15,0
15009,'1176568',1123,,1584,28,0,20 15,0
14001409,'1175733',1848,,1835,4,,,0
14001409,'1175775',1148,,1836,4,,,0
14001409,'1175776',2048,,1837,4,,,0
14001409,'1175786',1948,,1838,4,,,0
14001409,'1175790',1548,,1839,4,,,0
14001409,'1175803',1348,,1840,4,,,0
14001409,'1175809',918,,1841,4,,,0
14001409,'1175820',1448,,1842,4,,,0
14001409,'1175821',1148,,1843,4,,,0
14001409,'1175838',1118,,1844,4,,,0
14001409,'1175856',1048,,1845,4,,,0
14001409,'1175876',1548,,1846,4,,,0
14001409,'1175893',1848,,1847,4,,,0
14001409,'1175894',1718,,1848,4,,,0
14001409,'1175902',1618,,1849,4,,,0
14001409,'1175961',1248,,1850,4,,,0
14001409,'1175973',848,,1851,4,,,0
14001409,'1175975',1748,,1852,4,,,0
14001409,'1175979',1818,,1853,4,0,8 21,0
14001409,'1175999',818,,1854,4,,,0
14001409,'1176001',1018,,1855,4,,,0
14001409,'1176014',1048,,1856,4,,,0
14001409,'1176036',718,,1857,4,,,0
14001409,'1176047',1348,,1858,4,,,0
14001409,'1176050',2048,,1859,4,,,0
14001409,'1176071',1218,,1860,4,,,0
14001409,'1176160',1648,,1861,4,,,0
14001409,'1176250',748,,1862,4,,,0
14001409,'1176268',2148,,1863,4,,,0
14001409,'1176283',1318,,1864,4,,,0
14001409,'1176308',2148,,1866,4,,,0
14001409,'1176314',648,,1867,4,,,0
14001409,'1176393',948,,1869,4,,,0
14001409,'1176423',748,,1870,4,,,0
14001409,'1176476',1518,,1872,4,,,0
14001409,'1176485',948,,1873,4,,,0
14001409,'1176522',848,,1874,4,,,0
14001409,'1176556',1648,,1876,4,,,0
14001409,'1176558',1448,,1877,4,,,0
14001409,'1176598',1948,,1878,4,,,0
14001409,'1176631',1248,,1879,4,,,0
14001409,'1176643',1418,,1880,4,,,0
14001409,'1176681',1748,,1881,4,,,0
