12009,'1175745',1522,,1515,9,,,0
12009,'1175747',1422,,1516,9,,,0
12009,'1175827',1122,,1517,9,,,0
12009,'1175839',1722,,1518,9,,,0
12009,'1176031',1022,,1523,9,,,0
12009,'1176149',1222,,1525,9,,,0
12009,'1176417',1322,,1527,9,,,0
12009,'1176471',1622,,1529,9,,,0
12009,'1176692',922,,1532,9,,,0
19001709,'1175717',1446,,2072,9,,,0
19001709,'1175742',1046,,2073,9,,,0
19001709,'1175751',1046,,2074,9,,,0
19001709,'1175789',646,,2076,9,,,0
19001709,'1175830',1946,,2077,9,,,0
19001709,'1175877',1146,,2078,9,,,0
19001709,'1175947',1646,,2079,9,,,0
19001709,'1175951',716,,2080,9,,,0
19001709,'1175978',746,,2081,9,,,0
19001709,'1176042',1646,,2082,9,,,0
19001709,'1176052',2146,,2083,9,0,8 21,0
19001709,'1176058',1446,,2084,9,,,0
19001709,'1176065',1546,,2085,9,,,0
19001709,'1176099',1346,,2086,9,,,0
19001709,'1176119',1746,,2088,9,,,0
19001709,'1176120',1846,,2089,9,,,0
19001709,'1176124',2246,,2090,9,0,8 21,0
19001709,'1176130',1246,,2091,9,,,0
19001709,'1176156',1946,,2092,9,,,0
19001709,'1176161',1346,,2093,9,,,0
19001709,'1176166',916,,2094,9,,,0
19001709,'1176201',846,,2095,9,,,0
19001709,'1176252',816,,2097,9,,,0
19001709,'1176273',946,,2099,9,,,0
19001709,'1176303',1616,,2101,9,,,0
19001709,'1176312',1716,,2102,9,,,0
19001709,'1176349',1846,,2103,9,,,0
19001709,'1176415',746,,2105,9,,,0
19001709,'1176420',1146,,2106,9,,,0
19001709,'1176468',2146,,2107,9,0,8 21,0
19001709,'1176482',1246,,2108,9,,,0
19001709,'1176513',646,,2109,9,,,0
19001709,'1176554',1746,,2111,9,,,0
19001709,'1176592',616,,2112,9,,,0
19001709,'1176601',1546,,2113,9,,,0
19001709,'1176617',2046,,2114,9,,,0
19001709,'1176629',946,,2115,9,,,0
19001709,'1176637',846,,2116,9,,,0
19001709,'1176640',1816,,2117,9,0,8 21,0
19001709,'1176655',2046,,2118,9,,,0
19001709,'1176661',2246,,2119,9,0,8 21,0
