15009,'1083765',910,,111,16,0,20 15,0
15009,'1083808',1110,,114,16,0,20 15,0
15009,'1083882',1310,,117,16,0,20 15,0
15009,'1083893',1510,,118,16,0,20 15,0
15009,'1083914',1210,,119,16,0,20 15,0
15009,'1084047',1710,,121,16,0,20 15,0
15009,'1084262',1410,,124,16,0,20 15,0
15009,'1084303',1010,,125,16,0,20 15,0
15009,'1084362',1610,,127,16,0,20 15,0
19001509,'1083702',1458,,487,41,,,0
19001509,'1083710',1628,,488,41,,,0
19001509,'1083729',1228,,489,41,,,0
19001509,'1083731',858,,490,41,,,0
19001509,'1083760',2028,,491,41,,,0
19001509,'1083772',828,,492,41,,,0
19001509,'1083789',1558,,493,41,,,0
19001509,'1083800',2128,,494,41,,,0
19001509,'1083805',1258,,495,41,,,0
19001509,'1083822',1358,,496,41,,,0
19001509,'1083829',1828,,497,41,,,0
19001509,'1083830',1428,,498,41,,,0
19001509,'1083856',1928,,500,41,,,0
19001509,'1083862',1628,,501,41,,,0
19001509,'1083872',1128,,502,41,,,0
19001509,'1083878',958,,504,41,,,0
19001509,'1083886',1028,,505,41,,,0
19001509,'1083890',1228,,506,41,,,0
19001509,'1083898',1728,,507,41,,,0
19001509,'1083913',658,,508,16,,,0
19001509,'1083964',1758,,509,41,,,0
19001509,'1084023',728,,510,41,,,0
19001509,'1084031',728,,511,41,,,0
19001509,'1084038',1058,,512,41,,,0
19001509,'1084062',1828,,513,41,,,0
19001509,'1084080',2028,,514,41,,,0
19001509,'1084094',2128,,515,41,,,0
19001509,'1084116',1428,,516,41,,,0
19001509,'1084135',758,,517,41,,,0
19001509,'1084184',1328,,518,41,,,0
19001509,'1084188',1128,,519,41,,,0
19001509,'1084197',1928,,520,41,,,0
19001509,'1084202',1528,,521,41,,,0
19001509,'1084225',828,,522,41,,,0
19001509,'1084228',1528,,523,41,,,0
19001509,'1084246',1158,,525,41,,,0
19001509,'1084266',928,,526,41,,,0
19001509,'1084293',628,,529,16,,,0
19001509,'1084332',1658,,530,41,,,0
19001509,'1084358',1728,,531,41,,,0
19001509,'1084364',928,,532,41,,,0
19001509,'1084377',1028,,533,41,,,0
19001509,'1084382',1328,,534,41,,,0
