11609,'1142131',1621,,692,25,,,0
11609,'1142167',951,,693,25,,,0
11609,'1142222',1251,,694,25,,,0
11609,'1142226',2051,,695,25,,,0
11609,'1142297',1251,,696,25,,,0
11609,'1142329',1051,,697,25,,,0
11609,'1142334',1821,,698,25,,,0
11609,'1142336',1751,,699,25,,,0
11609,'1142364',1751,,700,25,,,0
11609,'1142388',1351,,701,25,,,0
11609,'1142390',1151,,702,25,,,0
11609,'1142392',921,,703,25,,,0
11609,'1142399',2051,,704,25,,,0
11609,'1142441',2151,,705,25,,,0
11609,'1142450',1951,,706,25,,,0
11609,'1142454',1551,,707,25,,,0
11609,'1142465',725,,708,26,,,0
11609,'1142475',851,,709,25,,,0
11609,'1142493',1655,,710,26,,,0
11609,'1142497',1551,,711,25,,,0
11609,'1142504',1851,,712,25,,,0
11609,'1142519',655,,713,26,,,0
11609,'1142524',1351,,714,25,,,0
11609,'1142530',1151,,715,25,,,0
11609,'1142561',751,,716,25,,,0
11609,'1142586',1451,,717,25,,,0
11609,'1142593',1951,,718,25,,,0
11609,'1142599',1851,,719,25,,,0
11609,'1142608',1451,,720,25,,,0
11609,'1142624',751,,721,25,,,0
11609,'1142649',1051,,722,25,,,0
11609,'1142676',1651,,723,25,,,0
11609,'1142697',821,,724,25,,,0
11609,'1142702',951,,725,25,,,0
11609,'1142719',851,,726,25,,,0
11609,'1142857',1725,,727,26,,,0
11609,'1142878',2151,,728,25,,,0
