21609,'1083705',926,,165,15,,,0
21609,'1083713',1326,,166,15,,,0
21609,'1083740',655,,167,15,,,0
21609,'1083767',856,,168,15,,,0
21609,'1083803',626,,169,15,,,0
21609,'1083813',726,,170,15,,,0
21609,'1083824',1126,,171,15,,,0
21609,'1083865',926,,172,15,,,0
21609,'1083868',2126,,173,15,,,0
21609,'1083869',1756,,174,15,,,0
21609,'1083929',1725,,175,15,,,0
21609,'1083944',2026,,176,15,,,0
21609,'1083952',756,,177,15,,,0
21609,'1083956',1556,,178,15,,,0
21609,'1083970',1426,,179,15,,,0
21609,'1083985',1726,,180,15,,,0
21609,'1083994',1226,,181,15,,,0
21609,'1083995',1826,,182,15,,,0
21609,'1084073',1026,,183,15,,,0
21609,'1084096',1826,,184,15,,,0
21609,'1084144',725,,185,15,,,0
21609,'1084182',2026,,186,15,,,0
21609,'1084211',1526,,187,15,,,0
21609,'1084216',1326,,188,15,,,0
21609,'1084222',826,,189,15,,,0
21609,'1084229',1526,,190,15,,,0
21609,'1084233',1626,,191,15,,,0
21609,'1084253',1026,,192,15,,,0
21609,'1084297',2126,,193,15,,,0
21609,'1084300',1226,,194,15,,,0
21609,'1084324',1426,,195,15,,,0
21609,'1084339',1655,,196,15,,,0
21609,'1084342',1126,,197,15,,,0
21609,'1084351',1926,,198,15,,,0
21609,'1084373',1926,,199,15,,,0
21609,'1084376',826,,200,15,,,0
21609,'1084380',1625,,201,15,,,0
