13009,'1175768',1407,,1533,17,0,19 15,0
13009,'1175851',1207,,1534,17,0,19 15,0
13009,'1175875',1307,,1535,17,0,19 15,0
13009,'1175888',1107,,1536,17,0,19 15,0
13009,'1176171',1507,,1538,17,0,19 15,0
13009,'1176184',907,,1539,17,0,19 15,0
13009,'1176223',1607,,1541,17,0,19 15,0
13009,'1176463',1007,,1547,17,0,19 15,0
13009,'1176497',1707,,1548,17,0,19 15,0
19001309,'1175728',858,,1978,49,,,0
19001309,'1175734',1528,,1979,49,,,0
19001309,'1175770',2028,,1980,49,,,0
19001309,'1175816',1828,,1982,49,,,0
19001309,'1175833',1728,,1983,49,,,0
19001309,'1175860',1358,,1984,49,,,0
19001309,'1175862',1128,,1985,49,,,0
19001309,'1175891',1158,,1986,49,,,0
19001309,'1175892',958,,1987,49,,,0
19001309,'1175985',658,,1988,17,,,0
19001309,'1175994',928,,1989,49,,,0
19001309,'1176023',828,,1990,49,,,0
19001309,'1176034',1128,,1991,49,,,0
19001309,'1176044',1428,,1992,49,,,0
19001309,'1176064',1058,,1993,49,,,0
19001309,'1176125',1728,,1994,49,,,0
19001309,'1176139',1228,,1995,49,,,0
19001309,'1176167',2228,,1996,49,,,0
19001309,'1176182',1328,,1997,49,,,0
19001309,'1176185',758,,1998,49,,,0
19001309,'1176187',1328,,1999,49,,,0
19001309,'1176196',1228,,2000,49,,,0
19001309,'1176261',1028,,2001,49,,,0
19001309,'1176277',2128,,2002,49,,,0
19001309,'1176318',1428,,2003,49,,,0
19001309,'1176331',2028,,2004,49,,,0
19001309,'1176338',1928,,2005,49,,,0
19001309,'1176348',1558,,2006,49,,,0
19001309,'1176367',1628,,2007,49,,,0
19001309,'1176387',2228,,2008,49,,,0
19001309,'1176389',828,,2009,49,,,0
19001309,'1176392',728,,2010,49,,,0
19001309,'1176394',1628,,2011,49,,,0
19001309,'1176446',1828,,2012,49,,,0
19001309,'1176462',2128,,2013,49,,,0
19001309,'1176473',1928,,2014,49,,,0
19001309,'1176527',1028,,2015,49,,,0
19001309,'1176539',1658,,2016,49,,,0
19001309,'1176543',1458,,2017,49,,,0
19001309,'1176550',628,,2018,17,,,0
19001309,'1176567',928,,2019,49,,,0
19001309,'1176597',1528,,2020,49,,,0
19001309,'1176614',1258,,2021,49,,,0
19001309,'1176638',1758,,2022,49,,,0
19001309,'1176660',728,,2023,49,,,0
