14001409,'1142132',1155,,967,14,,,0
14001409,'1142141',855,,968,14,,,0
14001409,'1142149',1655,,969,14,,,0
14001409,'1142155',1155,,970,14,,,0
14001409,'1142175',1255,,971,14,,,0
14001409,'1142179',1425,,972,14,,,0
14001409,'1142200',1355,,973,14,,,0
14001409,'1142203',2155,,974,14,,,0
14001409,'1142206',1855,,975,14,,,0
14001409,'1142211',725,,976,14,,,0
14001409,'1142253',955,,978,14,,,0
14001409,'1142257',1955,,979,14,,,0
14001409,'1142272',1855,,980,14,,,0
14001409,'1142298',855,,981,14,,,0
14001409,'1142299',1655,,982,14,,,0
14001409,'1142338',1555,,983,14,,,0
14001409,'1142361',2055,,984,14,,,0
14001409,'1142371',1225,,985,14,,,0
14001409,'1142373',1725,,987,14,,,0
14001409,'1142381',2055,,988,14,,,0
14001409,'1142416',655,,989,14,,,0
14001409,'1142418',1455,,990,14,,,0
14001409,'1142421',1825,,991,14,0,8 21,0
14001409,'1142456',1055,,992,14,,,0
14001409,'1142477',1125,,993,14,,,0
14001409,'1142481',1625,,994,14,,,0
14001409,'1142488',1525,,995,14,,,0
14001409,'1142526',1255,,996,14,,,0
14001409,'1142560',1455,,998,14,,,0
14001409,'1142562',1355,,999,14,,,0
14001409,'1142611',1325,,1000,14,,,0
14001409,'1142629',925,,1001,14,,,0
14001409,'1142639',1755,,1002,14,,,0
14001409,'1142654',1555,,1003,14,,,0
14001409,'1142701',755,,1004,14,,,0
14001409,'1142714',955,,1005,14,,,0
14001409,'1142752',1955,,1007,14,,,0
14001409,'1142757',755,,1008,14,,,0
14001409,'1142821',2155,,1009,14,,,0
14001409,'1142851',1055,,1010,14,,,0
14001409,'1142870',1025,,1011,14,,,0
14001409,'1142874',1755,,1012,14,,,0
14001409,'1142883',825,,1013,14,,,0
