21609,'1142134',900,,838,26,,,0
21609,'1142173',1430,,839,26,,,0
21609,'1142220',1230,,840,26,,,0
21609,'1142255',1630,,841,26,,,0
21609,'1142260',630,,842,26,,,0
21609,'1142266',1330,,843,26,,,0
21609,'1142277',1730,,844,26,,,0
21609,'1142281',830,,845,26,,,0
21609,'1142305',1130,,846,26,,,0
21609,'1142347',2130,,847,26,,,0
21609,'1142348',1030,,848,26,,,0
21609,'1142363',1130,,849,26,,,0
21609,'1142398',733,,850,27,,,0
21609,'1142432',830,,851,26,,,0
21609,'1142489',703,,852,27,,,0
21609,'1142528',2130,,853,26,,,0
21609,'1142549',2030,,854,26,,,0
21609,'1142551',1030,,855,26,,,0
21609,'1142557',1430,,856,26,,,0
21609,'1142574',1330,,857,26,,,0
21609,'1142584',1600,,858,26,,,0
21609,'1142623',1230,,859,26,,,0
21609,'1142647',1530,,860,26,,,0
21609,'1142662',2030,,861,26,,,0
21609,'1142678',930,,862,26,,,0
21609,'1142730',1633,,863,27,,,0
21609,'1142732',930,,864,26,,,0
21609,'1142740',800,,865,26,,,0
21609,'1142753',730,,866,26,,,0
21609,'1142754',1703,,867,27,,,0
21609,'1142762',1930,,868,26,,,0
21609,'1142784',1930,,869,26,,,0
21609,'1142801',1800,,870,26,,,0
21609,'1142822',1530,,871,26,,,0
21609,'1142856',1733,,872,27,,,0
21609,'1142867',1830,,873,26,,,0
21609,'1142890',1830,,874,26,,,0
19001109,'1142212',1324,,1065,38,,,0
19001109,'1142241',1654,,1066,14,,,0
19001109,'1142263',624,,1072,17,,,0
19001109,'1142345',1224,,1078,38,,,0
19001109,'1142412',1424,,1081,38,,,0
19001109,'1142429',654,,1082,14,,,0
19001109,'1142436',1154,,1083,14,,,0
19001109,'1142503',1424,,1086,38,,,0
19001109,'1142533',1254,,1088,14,,,0
19001109,'1142554',1524,,1091,38,,,0
19001109,'1142579',1554,,1092,14,,,0
19001109,'1142582',1354,,1093,14,,,0
19001109,'1142583',1124,,1094,38,,,0
19001109,'1142588',1224,,1095,38,,,0
19001109,'1142606',1054,,1096,14,,,0
19001109,'1142664',1524,,1098,38,,,0
19001109,'1142729',1454,,1100,14,,,0
19001109,'1142756',1624,,1101,38,,,0
19001109,'1142845',1124,,1106,38,,,0
19001109,'1142860',1324,,1107,38,,,0
19001109,'1142880',1624,,1108,38,,,0
19001109,'1175791',2124,,1347,38,,,0
19001109,'1175792',1924,,1348,38,,,0
19001109,'1175853',1924,,1349,38,,,0
19001109,'1175887',1754,,1350,38,,,0
19001109,'1175950',724,,1351,38,,,0
19001109,'1175987',824,,1352,38,,,0
19001109,'1175992',1824,,1353,38,,,0
19001109,'1176020',724,,1354,38,,,0
19001109,'1176179',1824,,1355,38,,,0
19001109,'1176193',2024,,1356,38,,,0
19001109,'1176227',2124,,1357,38,,,0
19001109,'1176244',1724,,1358,38,,,0
19001109,'1176256',854,,1359,38,,,0
19001109,'1176310',924,,1360,38,,,0
19001109,'1176359',2024,,1361,38,,,0
19001109,'1176413',954,,1363,38,,,0
19001109,'1176424',1024,,1364,38,,,0
19001109,'1176436',1024,,1365,38,,,0
19001109,'1176437',924,,1366,38,,,0
19001109,'1176477',1724,,1368,38,,,0
19001109,'1176498',754,,1369,38,,,0
19001109,'1176505',2224,,1370,38,,,0
19001109,'1176514',824,,1371,38,,,0
19001109,'1176571',2224,,1372,38,,,0
