12009,'1175745',1527,,1515,17,,,0
12009,'1175747',1427,,1516,17,,,0
12009,'1175827',1127,,1517,17,,,0
12009,'1175839',1727,,1518,17,,,0
12009,'1176031',1027,,1523,17,,,0
12009,'1176149',1227,,1525,17,,,0
12009,'1176417',1327,,1527,17,,,0
12009,'1176471',1627,,1529,17,,,0
12009,'1176692',927,,1532,17,,,0
19001709,'1175717',1453,,2072,18,,,0
19001709,'1175742',1053,,2073,18,,,0
19001709,'1175751',1053,,2074,18,,,0
19001709,'1175789',653,,2076,18,,,0
19001709,'1175830',1953,,2077,18,,,0
19001709,'1175877',1153,,2078,18,,,0
19001709,'1175947',1653,,2079,18,,,0
19001709,'1175951',723,,2080,18,,,0
19001709,'1175978',753,,2081,18,,,0
19001709,'1176042',1653,,2082,18,,,0
19001709,'1176052',2153,,2083,18,0,8 21,0
19001709,'1176058',1453,,2084,18,,,0
19001709,'1176065',1553,,2085,18,,,0
19001709,'1176099',1353,,2086,18,,,0
19001709,'1176119',1753,,2088,18,,,0
19001709,'1176120',1853,,2089,18,,,0
19001709,'1176124',2253,,2090,18,0,8 21,0
19001709,'1176130',1253,,2091,18,,,0
19001709,'1176156',1953,,2092,18,,,0
19001709,'1176161',1353,,2093,18,,,0
19001709,'1176166',923,,2094,18,,,0
19001709,'1176201',853,,2095,18,,,0
19001709,'1176252',823,,2097,18,,,0
19001709,'1176273',953,,2099,18,,,0
19001709,'1176303',1623,,2101,18,,,0
19001709,'1176312',1723,,2102,18,,,0
19001709,'1176349',1853,,2103,18,,,0
19001709,'1176415',753,,2105,18,,,0
19001709,'1176420',1153,,2106,18,,,0
19001709,'1176468',2153,,2107,18,0,8 21,0
19001709,'1176482',1253,,2108,18,,,0
19001709,'1176513',653,,2109,18,,,0
19001709,'1176554',1753,,2111,18,,,0
19001709,'1176592',623,,2112,18,,,0
19001709,'1176601',1553,,2113,18,,,0
19001709,'1176617',2053,,2114,18,,,0
19001709,'1176629',953,,2115,18,,,0
19001709,'1176637',853,,2116,18,,,0
19001709,'1176640',1823,,2117,18,0,8 21,0
19001709,'1176655',2053,,2118,18,,,0
19001709,'1176661',2253,,2119,18,0,8 21,0
