19001109,'1142212',1250,,1065,10,,,0
19001109,'1142345',1150,,1078,10,,,0
19001109,'1142412',1350,,1081,10,,,0
19001109,'1142503',1350,,1086,10,,,0
19001109,'1142554',1450,,1091,10,,,0
19001109,'1142583',1050,,1094,10,,,0
19001109,'1142588',1150,,1095,10,,,0
19001109,'1142664',1450,,1098,10,,,0
19001109,'1142756',1550,,1101,10,,,0
19001109,'1142845',1050,,1106,10,,,0
19001109,'1142860',1250,,1107,10,,,0
19001109,'1142880',1550,,1108,10,,,0
19001109,'1175791',2050,,1347,10,,,0
19001109,'1175792',1850,,1348,10,,,0
19001109,'1175853',1850,,1349,10,,,0
19001109,'1175887',1720,,1350,10,,,0
19001109,'1175950',650,,1351,10,,,0
19001109,'1175987',750,,1352,10,,,0
19001109,'1175992',1750,,1353,10,,,0
19001109,'1176020',650,,1354,10,,,0
19001109,'1176179',1750,,1355,10,,,0
19001109,'1176193',1950,,1356,10,,,0
19001109,'1176227',2050,,1357,10,,,0
19001109,'1176244',1650,,1358,10,,,0
19001109,'1176256',820,,1359,10,,,0
19001109,'1176310',850,,1360,10,,,0
19001109,'1176359',1950,,1361,10,,,0
19001109,'1176409',2245,,1362,10,0,12,0
19001109,'1176413',920,,1363,10,,,0
19001109,'1176424',950,,1364,10,,,0
19001109,'1176436',950,,1365,10,,,0
19001109,'1176437',850,,1366,10,,,0
19001109,'1176447',2245,,1367,10,0,12,0
19001109,'1176477',1650,,1368,10,,,0
19001109,'1176498',720,,1369,10,,,0
19001109,'1176505',2150,,1370,10,,,0
19001109,'1176514',750,,1371,10,,,0
19001109,'1176571',2150,,1372,10,,,0
19001109,'1176619',1820,,1373,10,0,8 21,0
