15009,'1175719',1705,,1569,12,0,20 15,0
15009,'1175730',1505,,1570,12,0,20 15,0
15009,'1175737',1305,,1571,12,0,20 15,0
15009,'1175828',1405,,1572,12,0,20 15,0
15009,'1175835',1005,,1573,12,0,20 15,0
15009,'1176048',1205,,1578,12,0,20 15,0
15009,'1176230',1605,,1580,12,0,20 15,0
15009,'1176301',905,,1582,12,0,20 15,0
15009,'1176568',1105,,1584,12,0,20 15,0
30009,'1178822',1354,,2122,9,0,23 24 2 26,0
30009,'1178823',754,,2123,9,0,23 24 2 26,0
30009,'1178824',854,,2124,9,0,23 24 2 26,0
30009,'1178825',1454,,2125,9,0,23 24 2 26,0
30009,'1178832',1024,,2132,9,0,8 9 2 26,0
30009,'1178833',954,,2133,9,0,23 24 2 26,0
30009,'1178834',824,,2134,9,0,23 24 2 26,0
30009,'1178837',1754,,2137,9,0,23 24 2 26,0
30009,'1178839',1154,,2139,9,0,23 24 2 26,0
30009,'1178842',1254,,2142,9,0,23 24 2 26,0
30009,'1178844',724,,2144,9,0,23 24 2 26,0
30009,'1178849',1724,,2149,9,0,23 24 2 26,0
30009,'1178850',954,,2150,9,0,23 24 2 26,0
30009,'1178851',854,,2151,9,0,23 24 2 26,0
30009,'1178853',1954,,2153,9,0,23 24 2 26,0
30009,'1178855',1454,,2155,9,0,23 24 2 26,0
30009,'1178856',2054,,2156,9,0,23 24 2 26,0
30009,'1178858',1854,,2158,9,0,23 24 2 26,0
30009,'1178859',1554,,2159,9,0,23 24 2 26,0
30009,'1178862',1754,,2162,9,0,23 24 2 26,0
30009,'1178864',1054,,2164,9,0,23 24 2 26,0
30009,'1178866',2154,,2166,9,0,8 9 2 26,0
30009,'1178867',2054,,2167,9,0,23 24 2 26,0
30009,'1178870',1854,,2170,9,0,23 24 2 26,0
30009,'1178872',1354,,2172,9,0,23 24 2 26,0
30009,'1178875',1154,,2175,9,0,23 24 2 26,0
30009,'1178877',1954,,2177,9,0,23 24 2 26,0
30009,'1178878',1624,,2178,9,0,23 24 2 26,0
30009,'1178879',1554,,2179,9,0,23 24 2 26,0
30009,'1178888',1054,,2188,9,0,23 24 2 26,0
30009,'1178889',1254,,2189,9,0,23 24 2 26,0
30009,'1178890',924,,2190,9,0,23 24 2 26,0
30009,'1178891',2154,,2191,9,0,8 9 2 26,0
30009,'1178892',1654,,2192,9,0,23 24 2 26,0
30009,'1178894',754,,2194,9,0,23 24 2 26,0
30009,'1178900',1824,,2200,9,0,8 9 2 26,0
30009,'1178901',1654,,2201,9,0,23 24 2 26,0
19001509,'1175715',2124,,2024,37,,,0
19001509,'1175729',1024,,2025,37,,,0
19001509,'1175740',824,,2027,37,,,0
19001509,'1175741',1324,,2028,37,,,0
19001509,'1175778',1754,,2031,37,,,0
19001509,'1175793',1824,,2032,37,,,0
19001509,'1175801',824,,2033,37,,,0
19001509,'1175845',1354,,2034,37,,,0
19001509,'1175897',1454,,2035,37,,,0
19001509,'1175899',1224,,2036,37,,,0
19001509,'1175907',954,,2037,37,,,0
19001509,'1175925',1624,,2038,37,,,0
19001509,'1175932',1524,,2039,37,,,0
19001509,'1175953',1554,,2040,37,,,0
19001509,'1175965',654,,2041,12,,,0
19001509,'1175967',1054,,2042,37,,,0
19001509,'1175996',1654,,2043,37,,,0
19001509,'1176000',924,,2044,37,,,0
19001509,'1176049',1724,,2045,37,,,0
19001509,'1176055',1924,,2046,37,,,0
19001509,'1176057',1024,,2047,37,,,0
19001509,'1176073',754,,2048,37,,,0
19001509,'1176074',724,,2049,37,,,0
19001509,'1176085',1924,,2050,37,,,0
19001509,'1176090',2124,,2051,37,,,0
19001509,'1176092',1124,,2052,37,,,0
19001509,'1176093',924,,2053,37,,,0
19001509,'1176105',2024,,2054,37,,,0
19001509,'1176238',1524,,2055,37,,,0
19001509,'1176266',1154,,2056,37,,,0
19001509,'1176293',1424,,2057,37,,,0
19001509,'1176328',1254,,2058,37,,,0
19001509,'1176335',2024,,2059,37,,,0
19001509,'1176355',1624,,2061,37,,,0
19001509,'1176358',1324,,2062,37,,,0
19001509,'1176362',1824,,2063,37,,,0
19001509,'1176426',1124,,2064,37,,,0
19001509,'1176450',624,,2066,12,,,0
19001509,'1176496',1424,,2067,37,,,0
19001509,'1176536',724,,2068,37,,,0
19001509,'1176537',854,,2069,37,,,0
19001509,'1176684',1724,,2070,37,,,0
19001509,'1176689',1224,,2071,37,,,0
