11609,'1142131',1612,,692,6,,,0
11609,'1142167',942,,693,6,,,0
11609,'1142222',1242,,694,6,,,0
11609,'1142226',2042,,695,6,,,0
11609,'1142297',1242,,696,6,,,0
11609,'1142329',1042,,697,6,,,0
11609,'1142334',1812,,698,6,,,0
11609,'1142336',1742,,699,6,,,0
11609,'1142364',1742,,700,6,,,0
11609,'1142388',1342,,701,6,,,0
11609,'1142390',1142,,702,6,,,0
11609,'1142392',912,,703,6,,,0
11609,'1142399',2042,,704,6,,,0
11609,'1142441',2142,,705,6,,,0
11609,'1142450',1942,,706,6,,,0
11609,'1142454',1542,,707,6,,,0
11609,'1142465',712,,708,6,,,0
11609,'1142475',842,,709,6,,,0
11609,'1142493',1642,,710,6,,,0
11609,'1142497',1542,,711,6,,,0
11609,'1142504',1842,,712,6,,,0
11609,'1142519',642,,713,6,,,0
11609,'1142524',1342,,714,6,,,0
11609,'1142530',1142,,715,6,,,0
11609,'1142561',742,,716,6,,,0
11609,'1142586',1442,,717,6,,,0
11609,'1142593',1942,,718,6,,,0
11609,'1142599',1842,,719,6,,,0
11609,'1142608',1442,,720,6,,,0
11609,'1142624',742,,721,6,,,0
11609,'1142649',1042,,722,6,,,0
11609,'1142676',1642,,723,6,,,0
11609,'1142697',812,,724,6,,,0
11609,'1142702',942,,725,6,,,0
11609,'1142719',842,,726,6,,,0
11609,'1142857',1712,,727,6,,,0
11609,'1142878',2142,,728,6,,,0
16009,'1175738',1734,,1279,6,0,16 17 11,0
16009,'1175765',934,,1280,6,0,16 17 11,0
16009,'1175829',1634,,1281,6,0,16 17 11,0
16009,'1176127',1434,,1287,6,0,16 17 11,0
16009,'1176157',1534,,1288,6,0,16 17 11,0
16009,'1176159',1334,,1289,6,0,16 17 11,0
16009,'1176183',1134,,1290,6,0,16 17 11,0
16009,'1176302',1234,,1292,6,0,16 17 11,0
16009,'1176523',1034,,1294,6,0,16 17 11,0
