11009,'1175771',1435,,1461,4,,,0
11009,'1175802',1735,,1462,4,,,0
11009,'1176133',1635,,1468,4,,,0
11009,'1176140',1035,,1469,4,,,0
11009,'1176188',1235,,1470,4,,,0
11009,'1176403',1135,,1472,4,,,0
11009,'1176448',935,,1473,4,,,0
11009,'1176583',1535,,1474,4,,,0
11009,'1176618',1335,,1475,4,,,0
14001009,'1175755',845,,1743,6,,,0
14001009,'1175787',1745,,1744,6,,,0
14001009,'1175798',1745,,1745,6,,,0
14001009,'1175806',1115,,1746,6,0,8 21,0
14001009,'1175825',1545,,1748,6,,,0
14001009,'1175826',1245,,1749,6,,,0
14001009,'1175836',1715,,1750,6,,,0
14001009,'1175840',1945,,1751,6,,,0
14001009,'1175865',1015,,1752,6,0,8 21,0
14001009,'1175890',1945,,1753,6,,,0
14001009,'1175905',2045,,1754,6,,,0
14001009,'1175937',1345,,1755,6,,,0
14001009,'1175943',1645,,1756,6,,,0
14001009,'1175962',2245,,1757,6,0,8 21,0
14001009,'1175995',1045,,1758,6,,,0
14001009,'1176008',715,,1759,6,,,0
14001009,'1176017',745,,1760,6,,,0
14001009,'1176075',1645,,1761,6,,,0
14001009,'1176104',2145,,1762,6,,,0
14001009,'1176141',1245,,1763,6,,,0
14001009,'1176158',1445,,1764,6,,,0
14001009,'1176181',915,,1765,6,0,8 21,0
14001009,'1176198',945,,1766,6,,,0
14001009,'1176208',2145,,1767,6,,,0
14001009,'1176215',1845,,1768,6,,,0
14001009,'1176225',1315,,1769,6,0,8 21,0
14001009,'1176249',1045,,1770,6,,,0
14001009,'1176269',2045,,1771,6,,,0
14001009,'1176278',2245,,1772,6,0,8 21,0
14001009,'1176300',1515,,1773,6,0,8 21,0
14001009,'1176311',945,,1774,6,,,0
14001009,'1176346',815,,1775,6,,,0
14001009,'1176365',845,,1776,6,,,0
14001009,'1176376',1545,,1777,6,,,0
14001009,'1176382',1145,,1778,6,,,0
14001009,'1176449',645,,1779,6,,,0
14001009,'1176452',1215,,1780,6,0,8 21,0
14001009,'1176545',745,,1781,6,,,0
14001009,'1176551',1345,,1782,6,,,0
14001009,'1176579',1615,,1783,6,,,0
14001009,'1176580',1145,,1784,6,,,0
14001009,'1176607',1845,,1785,6,,,0
14001009,'1176612',1815,,1786,6,0,8 21,0
14001009,'1176628',1415,,1787,6,0,8 21,0
14001009,'1176653',1445,,1788,6,,,0
