16009,'1175864',1414,,1282,30,,,0
16009,'1175957',1714,,1283,30,,,0
16009,'1175969',1114,,1284,30,,,0
16009,'1176053',1214,,1285,30,,,0
16009,'1176095',1614,,1286,30,,,0
16009,'1176194',1314,,1291,30,,,0
16009,'1176519',914,,1293,30,,,0
16009,'1176596',1514,,1295,30,,,0
16009,'1176648',1014,,1296,30,,,0
21609,'1142134',904,,838,32,,,0
21609,'1142173',1434,,839,32,,,0
21609,'1142220',1234,,840,32,,,0
21609,'1142255',1634,,841,32,,,0
21609,'1142260',634,,842,32,,,0
21609,'1142266',1334,,843,32,,,0
21609,'1142277',1734,,844,32,,,0
21609,'1142281',834,,845,32,,,0
21609,'1142305',1134,,846,32,,,0
21609,'1142347',2134,,847,32,,,0
21609,'1142348',1034,,848,32,,,0
21609,'1142363',1134,,849,32,,,0
21609,'1142398',736,,850,33,,,0
21609,'1142432',834,,851,32,,,0
21609,'1142489',706,,852,33,,,0
21609,'1142528',2134,,853,32,,,0
21609,'1142549',2034,,854,32,,,0
21609,'1142551',1034,,855,32,,,0
21609,'1142557',1434,,856,32,,,0
21609,'1142574',1334,,857,32,,,0
21609,'1142584',1604,,858,32,,,0
21609,'1142623',1234,,859,32,,,0
21609,'1142647',1534,,860,32,,,0
21609,'1142662',2034,,861,32,,,0
21609,'1142678',934,,862,32,,,0
21609,'1142730',1636,,863,33,,,0
21609,'1142732',934,,864,32,,,0
21609,'1142740',804,,865,32,,,0
21609,'1142753',734,,866,32,,,0
21609,'1142754',1706,,867,33,,,0
21609,'1142762',1934,,868,32,,,0
21609,'1142784',1934,,869,32,,,0
21609,'1142801',1804,,870,32,,,0
21609,'1142822',1534,,871,32,,,0
21609,'1142856',1736,,872,33,,,0
21609,'1142867',1834,,873,32,,,0
21609,'1142890',1834,,874,32,,,0
