16009,'1083797',1213,,130,28,,,0
16009,'1083915',1713,,134,28,,,0
16009,'1083924',1413,,135,28,,,0
16009,'1084017',913,,138,28,,,0
16009,'1084042',1313,,140,28,,,0
16009,'1084061',1113,,141,28,,,0
16009,'1084107',1613,,142,28,,,0
16009,'1084164',1513,,143,28,,,0
16009,'1084313',1013,,145,28,,,0
21609,'1083705',933,,165,30,,,0
21609,'1083713',1333,,166,30,,,0
21609,'1083740',705,,167,31,,,0
21609,'1083767',903,,168,30,,,0
21609,'1083803',633,,169,30,,,0
21609,'1083813',733,,170,30,,,0
21609,'1083824',1133,,171,30,,,0
21609,'1083865',933,,172,30,,,0
21609,'1083868',2133,,173,30,,,0
21609,'1083869',1803,,174,30,,,0
21609,'1083929',1735,,175,31,,,0
21609,'1083944',2033,,176,30,,,0
21609,'1083952',803,,177,30,,,0
21609,'1083956',1603,,178,30,,,0
21609,'1083970',1433,,179,30,,,0
21609,'1083985',1733,,180,30,,,0
21609,'1083994',1233,,181,30,,,0
21609,'1083995',1833,,182,30,,,0
21609,'1084073',1033,,183,30,,,0
21609,'1084096',1833,,184,30,,,0
21609,'1084144',735,,185,31,,,0
21609,'1084182',2033,,186,30,,,0
21609,'1084211',1533,,187,30,,,0
21609,'1084216',1333,,188,30,,,0
21609,'1084222',833,,189,30,,,0
21609,'1084229',1533,,190,30,,,0
21609,'1084233',1633,,191,30,,,0
21609,'1084253',1033,,192,30,,,0
21609,'1084297',2133,,193,30,,,0
21609,'1084300',1233,,194,30,,,0
21609,'1084324',1433,,195,30,,,0
21609,'1084339',1705,,196,31,,,0
21609,'1084342',1133,,197,30,,,0
21609,'1084351',1933,,198,30,,,0
21609,'1084373',1933,,199,30,,,0
21609,'1084376',833,,200,30,,,0
21609,'1084380',1635,,201,31,,,0
