14009,'1083771',1047,,94,32,0,5 6 7,0
14009,'1083904',1547,,96,32,0,5 6 7,0
14009,'1083936',1447,,97,32,0,5 6 7,0
14009,'1084044',1347,,99,32,0,5 6 7,0
14009,'1084153',1147,,102,32,0,5 6 7,0
14009,'1084162',1247,,103,32,0,5 6 7,0
14009,'1084274',1800,,106,32,0,5 6 7,0
14009,'1084294',947,,107,32,0,5 6 7,0
14009,'1084346',1647,,108,32,0,5 6 7,0
14001409,'1083698',1530,,294,38,,,0
14001409,'1083768',1928,,295,38,,,0
14001409,'1083799',1828,,296,38,,,0
14001409,'1083819',828,,297,38,,,0
14001409,'1083823',930,,298,38,,,0
14001409,'1083831',830,,299,38,,,0
14001409,'1083885',2128,,300,38,,,0
14001409,'1083889',1030,,301,38,,,0
14001409,'1083899',2030,,302,38,,,0
14001409,'1083923',1630,,303,38,,,0
14001409,'1083934',1000,,304,38,,,0
14001409,'1083938',1700,,305,38,,,0
14001409,'1083962',700,,306,17,,,0
14001409,'1083968',1230,,307,38,,,0
14001409,'1083975',728,,308,17,,,0
14001409,'1083996',1228,,309,38,,,0
14001409,'1083997',1730,,310,38,,,0
14001409,'1084002',1728,,311,38,,,0
14001409,'1084035',1200,,312,38,,,0
14001409,'1084081',628,,313,10,,,0
14001409,'1084095',1328,,314,38,,,0
14001409,'1084114',1430,,316,38,,,0
14001409,'1084134',1428,,317,38,,,0
14001409,'1084143',1330,,318,38,,,0
14001409,'1084149',800,,319,38,,,0
14001409,'1084161',928,,320,38,,,0
14001409,'1084166',2130,,321,38,,,0
14001409,'1084175',2028,,322,38,,,0
14001409,'1084192',1930,,323,38,,,0
14001409,'1084194',2230,,324,38,,,0
14001409,'1084212',1500,,325,38,,,0
14001409,'1084214',730,,326,38,,,0
14001409,'1084230',1400,,327,38,,,0
14001409,'1084248',1800,,328,38,,,0
14001409,'1084250',630,,329,10,,,0
14001409,'1084252',1528,,330,38,,,0
14001409,'1084256',1130,,331,38,,,0
14001409,'1084258',1128,,332,38,,,0
14001409,'1084269',2228,,333,38,,,0
14001409,'1084304',900,,334,38,,,0
14001409,'1084306',1100,,335,38,,,0
14001409,'1084326',1600,,336,38,,,0
14001409,'1084330',1028,,337,38,,,0
14001409,'1084354',1300,,338,38,,,0
14001409,'1084355',1830,,339,38,,,0
14001409,'1084374',1628,,340,38,,,0
