12009,'1175885',1721,,1519,5,0,18 7,0
12009,'1175923',1521,,1520,5,0,18 7,0
12009,'1175952',1321,,1521,5,0,18 7,0
12009,'1175971',1021,,1522,5,0,18 7,0
12009,'1176115',1121,,1524,5,0,18 7,0
12009,'1176305',1621,,1526,5,0,18 7,0
12009,'1176431',1421,,1528,5,0,18 7,0
12009,'1176538',921,,1530,5,0,18 7,0
12009,'1176625',1221,,1531,5,0,18 7,0
19001309,'1175728',812,,1978,5,,,0
19001309,'1175734',1442,,1979,5,,,0
19001309,'1175770',1942,,1980,5,,,0
19001309,'1175814',1812,,1981,5,0,8 21,0
19001309,'1175816',1742,,1982,5,,,0
19001309,'1175833',1642,,1983,5,,,0
19001309,'1175860',1312,,1984,5,,,0
19001309,'1175862',1042,,1985,5,,,0
19001309,'1175891',1112,,1986,5,,,0
19001309,'1175892',912,,1987,5,,,0
19001309,'1175994',842,,1989,5,,,0
19001309,'1176023',742,,1990,5,,,0
19001309,'1176034',1042,,1991,5,,,0
19001309,'1176044',1342,,1992,5,,,0
19001309,'1176064',1012,,1993,5,,,0
19001309,'1176125',1642,,1994,5,,,0
19001309,'1176139',1142,,1995,5,,,0
19001309,'1176167',2142,,1996,5,,,0
19001309,'1176182',1242,,1997,5,,,0
19001309,'1176185',712,,1998,5,,,0
19001309,'1176187',1242,,1999,5,,,0
19001309,'1176196',1142,,2000,5,,,0
19001309,'1176261',942,,2001,5,,,0
19001309,'1176277',2042,,2002,5,,,0
19001309,'1176318',1342,,2003,5,,,0
19001309,'1176331',1942,,2004,5,,,0
19001309,'1176338',1842,,2005,5,,,0
19001309,'1176348',1512,,2006,5,,,0
19001309,'1176367',1542,,2007,5,,,0
19001309,'1176387',2142,,2008,5,,,0
19001309,'1176389',742,,2009,5,,,0
19001309,'1176392',642,,2010,5,,,0
19001309,'1176394',1542,,2011,5,,,0
19001309,'1176446',1742,,2012,5,,,0
19001309,'1176462',2042,,2013,5,,,0
19001309,'1176473',1842,,2014,5,,,0
19001309,'1176527',942,,2015,5,,,0
19001309,'1176539',1612,,2016,5,,,0
19001309,'1176543',1412,,2017,5,,,0
19001309,'1176567',842,,2019,5,,,0
19001309,'1176597',1442,,2020,5,,,0
19001309,'1176614',1212,,2021,5,,,0
19001309,'1176638',1712,,2022,5,,,0
19001309,'1176660',642,,2023,5,,,0
