15009,'1175719',1726,,1569,30,0,20 15,0
15009,'1175730',1526,,1570,30,0,20 15,0
15009,'1175737',1326,,1571,30,0,20 15,0
15009,'1175828',1426,,1572,30,0,20 15,0
15009,'1175835',1026,,1573,30,0,20 15,0
15009,'1176048',1226,,1578,30,0,20 15,0
15009,'1176230',1626,,1580,30,0,20 15,0
15009,'1176301',926,,1582,30,0,20 15,0
15009,'1176568',1126,,1584,30,0,20 15,0
30009,'1178820',1704,,2120,13,0,23 24 2 25,0
30009,'1178826',1534,,2126,13,0,23 24 2 25,0
30009,'1178827',1034,,2127,13,0,23 24 2 25,0
30009,'1178828',1034,,2128,13,0,23 24 2 25,0
30009,'1178829',704,,2129,12,0,23 24 2 25,0
30009,'1178830',1004,,2130,13,0,23 24 2 25,0
30009,'1178831',734,,2131,12,0,23 24 2 25,0
30009,'1178835',934,,2135,13,0,23 24 2 25,0
30009,'1178836',1834,,2136,13,0,23 24 2 25,0
30009,'1178840',2034,,2140,13,0,23 24 2 25,0
30009,'1178841',1134,,2141,13,0,23 24 2 25,0
30009,'1178843',1634,,2143,13,0,23 24 2 25,0
30009,'1178845',834,,2145,13,0,23 24 2 25,0
30009,'1178846',1434,,2146,13,0,23 24 2 25,0
30009,'1178847',1804,,2147,13,0,23 24 2 25,0
30009,'1178852',2134,,2152,13,0,23 24 2 25,0
30009,'1178854',1934,,2154,13,0,23 24 2 25,0
30009,'1178857',804,,2157,13,0,23 24 2 25,0
30009,'1178860',834,,2160,13,0,23 24 2 25,0
30009,'1178861',1234,,2161,13,0,23 24 2 25,0
30009,'1178863',1334,,2163,13,0,23 24 2 25,0
30009,'1178865',1534,,2165,13,0,23 24 2 25,0
30009,'1178868',1734,,2168,13,0,23 24 2 25,0
30009,'1178869',1734,,2169,13,0,23 24 2 25,0
30009,'1178873',1334,,2173,13,0,23 24 2 25,0
30009,'1178880',1134,,2180,13,0,23 24 2 25,0
30009,'1178881',1234,,2181,13,0,23 24 2 25,0
30009,'1178882',1834,,2182,13,0,23 24 2 25,0
30009,'1178883',1434,,2183,13,0,23 24 2 25,0
30009,'1178884',904,,2184,13,0,23 24 2 25,0
30009,'1178885',1934,,2185,13,0,23 24 2 25,0
30009,'1178886',934,,2186,13,0,23 24 2 25,0
30009,'1178887',2034,,2187,13,0,23 24 2 25,0
30009,'1178896',734,,2196,13,0,23 24 2 25,0
30009,'1178897',2134,,2197,13,0,23 24 2 25,0
30009,'1178898',1634,,2198,13,0,23 24 2 25,0
30009,'1178899',1604,,2199,13,0,23 24 2 25,0
14001409,'1175733',1849,,1835,6,,,0
14001409,'1175775',1149,,1836,6,,,0
14001409,'1175776',2049,,1837,6,,,0
14001409,'1175786',1949,,1838,6,,,0
14001409,'1175790',1549,,1839,6,,,0
14001409,'1175803',1349,,1840,6,,,0
14001409,'1175809',919,,1841,6,,,0
14001409,'1175820',1449,,1842,6,,,0
14001409,'1175821',1149,,1843,6,,,0
14001409,'1175838',1119,,1844,6,,,0
14001409,'1175856',1049,,1845,6,,,0
14001409,'1175876',1549,,1846,6,,,0
14001409,'1175893',1849,,1847,6,,,0
14001409,'1175894',1719,,1848,6,,,0
14001409,'1175902',1619,,1849,6,,,0
14001409,'1175961',1249,,1850,6,,,0
14001409,'1175973',849,,1851,6,,,0
14001409,'1175975',1749,,1852,6,,,0
14001409,'1175979',1819,,1853,6,0,8 21,0
14001409,'1175999',819,,1854,6,,,0
14001409,'1176001',1019,,1855,6,,,0
14001409,'1176014',1049,,1856,6,,,0
14001409,'1176036',719,,1857,6,,,0
14001409,'1176047',1349,,1858,6,,,0
14001409,'1176050',2049,,1859,6,,,0
14001409,'1176071',1219,,1860,6,,,0
14001409,'1176160',1649,,1861,6,,,0
14001409,'1176250',749,,1862,6,,,0
14001409,'1176268',2149,,1863,6,,,0
14001409,'1176283',1319,,1864,6,,,0
14001409,'1176308',2149,,1866,6,,,0
14001409,'1176314',649,,1867,6,,,0
14001409,'1176393',949,,1869,6,,,0
14001409,'1176423',749,,1870,6,,,0
14001409,'1176476',1519,,1872,6,,,0
14001409,'1176485',949,,1873,6,,,0
14001409,'1176522',849,,1874,6,,,0
14001409,'1176556',1649,,1876,6,,,0
14001409,'1176558',1449,,1877,6,,,0
14001409,'1176598',1949,,1878,6,,,0
14001409,'1176631',1249,,1879,6,,,0
14001409,'1176643',1419,,1880,6,,,0
14001409,'1176681',1749,,1881,6,,,0
