11009,'1175771',1444,,1461,23,,,0
11009,'1175802',1744,,1462,23,,,0
11009,'1176133',1644,,1468,23,,,0
11009,'1176140',1044,,1469,23,,,0
11009,'1176188',1244,,1470,23,,,0
11009,'1176403',1144,,1472,23,,,0
11009,'1176448',944,,1473,23,,,0
11009,'1176583',1544,,1474,23,,,0
11009,'1176618',1344,,1475,23,,,0
14001009,'1175755',854,,1743,25,,,0
14001009,'1175787',1754,,1744,25,,,0
14001009,'1175798',1754,,1745,25,,,0
14001009,'1175806',1124,,1746,25,0,8 21,0
14001009,'1175825',1554,,1748,25,,,0
14001009,'1175826',1254,,1749,25,,,0
14001009,'1175836',1724,,1750,25,,,0
14001009,'1175840',1954,,1751,25,,,0
14001009,'1175865',1024,,1752,25,0,8 21,0
14001009,'1175890',1954,,1753,25,,,0
14001009,'1175905',2054,,1754,25,,,0
14001009,'1175937',1354,,1755,25,,,0
14001009,'1175943',1654,,1756,25,,,0
14001009,'1175962',2254,,1757,25,0,8 21,0
14001009,'1175995',1054,,1758,25,,,0
14001009,'1176008',724,,1759,25,,,0
14001009,'1176017',754,,1760,25,,,0
14001009,'1176075',1654,,1761,25,,,0
14001009,'1176104',2154,,1762,25,,,0
14001009,'1176141',1254,,1763,25,,,0
14001009,'1176158',1454,,1764,25,,,0
14001009,'1176181',924,,1765,25,0,8 21,0
14001009,'1176198',954,,1766,25,,,0
14001009,'1176208',2154,,1767,25,,,0
14001009,'1176215',1854,,1768,25,,,0
14001009,'1176225',1324,,1769,25,0,8 21,0
14001009,'1176249',1054,,1770,25,,,0
14001009,'1176269',2054,,1771,25,,,0
14001009,'1176278',2254,,1772,25,0,8 21,0
14001009,'1176300',1524,,1773,25,0,8 21,0
14001009,'1176311',954,,1774,25,,,0
14001009,'1176346',824,,1775,25,,,0
14001009,'1176365',854,,1776,25,,,0
14001009,'1176376',1554,,1777,25,,,0
14001009,'1176382',1154,,1778,25,,,0
14001009,'1176449',654,,1779,25,,,0
14001009,'1176452',1224,,1780,25,0,8 21,0
14001009,'1176545',754,,1781,25,,,0
14001009,'1176551',1354,,1782,25,,,0
14001009,'1176579',1624,,1783,25,,,0
14001009,'1176580',1154,,1784,25,,,0
14001009,'1176607',1854,,1785,25,,,0
14001009,'1176612',1824,,1786,25,0,8 21,0
14001009,'1176628',1424,,1787,25,0,8 21,0
14001009,'1176653',1454,,1788,25,,,0
