11009,'1175720',1205,,1460,19,0,13 14 15,0
11009,'1175910',905,,1463,19,0,13 14 15,0
11009,'1175948',1705,,1464,19,0,13 14 15,0
11009,'1176063',1505,,1465,19,0,13 14 15,0
11009,'1176079',1405,,1466,19,0,13 14 15,0
11009,'1176108',1005,,1467,19,0,13 14 15,0
11009,'1176321',1105,,1471,19,0,13 14 15,0
11009,'1176658',1605,,1476,19,0,13 14 15,0
11009,'1176675',1305,,1477,19,0,13 14 15,0
11609,'1175716',1155,,1478,32,,,0
11609,'1175732',1555,,1479,32,,,0
11609,'1175756',1355,,1480,32,,,0
11609,'1175773',2055,,1481,32,,,0
11609,'1175832',1825,,1482,32,,,0
11609,'1175843',1455,,1483,32,,,0
11609,'1175850',2155,,1484,32,,,0
11609,'1175868',1255,,1485,32,,,0
11609,'1175918',1659,,1486,33,,,0
11609,'1175942',1755,,1487,32,,,0
11609,'1175949',1729,,1488,33,,,0
11609,'1175954',955,,1489,32,,,0
11609,'1175958',1555,,1490,32,,,0
11609,'1175970',1155,,1491,32,,,0
11609,'1176003',1955,,1492,32,,,0
11609,'1176080',1355,,1493,32,,,0
11609,'1176101',1855,,1494,32,,,0
11609,'1176137',1855,,1495,32,,,0
11609,'1176153',1655,,1496,32,,,0
11609,'1176239',1255,,1497,32,,,0
11609,'1176240',755,,1498,32,,,0
11609,'1176243',659,,1499,33,,,0
11609,'1176254',825,,1500,32,,,0
11609,'1176259',2055,,1501,32,,,0
11609,'1176276',855,,1502,32,,,0
11609,'1176432',729,,1503,33,,,0
11609,'1176433',1625,,1504,32,,,0
11609,'1176442',925,,1505,32,,,0
11609,'1176443',1055,,1506,32,,,0
11609,'1176475',755,,1507,32,,,0
11609,'1176603',1755,,1508,32,,,0
11609,'1176630',2155,,1509,32,,,0
11609,'1176639',1955,,1510,32,,,0
11609,'1176641',1055,,1511,32,,,0
11609,'1176646',955,,1512,32,,,0
11609,'1176652',855,,1513,32,,,0
11609,'1176685',1455,,1514,32,,,0
16009,'1175859',1244,,1588,31,0,16 17 11,0
16009,'1176087',1344,,1589,31,0,16 17 11,0
16009,'1176112',1444,,1590,31,0,16 17 11,0
16009,'1176128',1744,,1591,31,0,16 17 11,0
16009,'1176235',1044,,1593,31,0,16 17 11,0
16009,'1176236',1644,,1594,31,0,16 17 11,0
16009,'1176410',1544,,1599,31,0,16 17 11,0
16009,'1176572',944,,1602,31,0,16 17 11,0
16009,'1176585',1144,,1603,31,0,16 17 11,0
19001109,'1175757',2228,,1930,43,,,0
19001109,'1175788',1828,,1931,43,,,0
19001109,'1175797',1428,,1932,43,,,0
19001109,'1175800',1028,,1933,43,,,0
19001109,'1175811',1558,,1934,19,,,0
19001109,'1175846',1928,,1935,43,,,0
19001109,'1175854',1058,,1936,19,,,0
19001109,'1175866',1758,,1937,43,,,0
19001109,'1175889',1328,,1939,43,,,0
19001109,'1175960',1258,,1940,19,,,0
19001109,'1175990',1228,,1942,43,,,0
19001109,'1176025',628,,1943,22,,,0
19001109,'1176026',1328,,1944,43,,,0
19001109,'1176076',658,,1945,19,,,0
19001109,'1176086',1028,,1946,43,,,0
19001109,'1176114',928,,1947,43,,,0
19001109,'1176152',758,,1948,43,,,0
19001109,'1176229',2228,,1949,43,,,0
19001109,'1176246',828,,1950,43,,,0
19001109,'1176315',728,,1951,43,,,0
19001109,'1176316',1228,,1952,43,,,0
19001109,'1176317',1728,,1953,43,,,0
19001109,'1176322',958,,1954,43,,,0
19001109,'1176337',2028,,1955,43,,,0
19001109,'1176344',1628,,1956,43,,,0
19001109,'1176353',1628,,1957,43,,,0
19001109,'1176386',728,,1958,43,,,0
19001109,'1176406',1458,,1959,19,,,0
19001109,'1176429',1358,,1960,19,,,0
19001109,'1176444',1928,,1961,43,,,0
19001109,'1176445',2128,,1962,43,,,0
19001109,'1176478',1828,,1963,43,,,0
19001109,'1176517',1528,,1965,43,,,0
19001109,'1176557',928,,1966,43,,,0
19001109,'1176559',2028,,1967,43,,,0
19001109,'1176563',858,,1968,43,,,0
19001109,'1176570',1528,,1969,43,,,0
19001109,'1176581',1158,,1970,19,,,0
19001109,'1176586',1658,,1971,19,,,0
19001109,'1176595',1728,,1972,43,,,0
19001109,'1176605',1128,,1973,43,,,0
19001109,'1176616',1128,,1974,43,,,0
19001109,'1176620',828,,1975,43,,,0
19001109,'1176668',2128,,1976,43,,,0
19001109,'1176674',1428,,1977,43,,,0
