19001309,'1142849',1811,,1152,2,0,8 21,0
19001309,'1175725',641,,1374,2,,,0
19001309,'1175746',1241,,1375,2,,,0
19001309,'1175750',2141,,1376,2,,,0
19001309,'1175772',2041,,1378,2,,,0
19001309,'1175824',1941,,1379,2,,,0
19001309,'1175844',641,,1380,2,,,0
19001309,'1175930',1741,,1381,2,,,0
19001309,'1175941',1441,,1382,2,,,0
19001309,'1175974',1611,,1383,2,,,0
19001309,'1176027',1141,,1384,2,,,0
19001309,'1176051',1311,,1385,2,,,0
19001309,'1176056',1511,,1386,2,,,0
19001309,'1176072',841,,1387,2,,,0
19001309,'1176088',811,,1388,2,,,0
19001309,'1176113',941,,1389,2,,,0
19001309,'1176123',1441,,1390,2,,,0
19001309,'1176150',1641,,1391,2,,,0
19001309,'1176155',1711,,1392,2,,,0
19001309,'1176191',1841,,1393,2,,,0
19001309,'1176203',1941,,1394,2,,,0
19001309,'1176205',741,,1395,2,,,0
19001309,'1176216',711,,1396,2,,,0
19001309,'1176219',1541,,1397,2,,,0
19001309,'1176231',1241,,1398,2,,,0
19001309,'1176237',1141,,1399,2,,,0
19001309,'1176251',841,,1400,2,,,0
19001309,'1176267',1841,,1401,2,,,0
19001309,'1176327',2141,,1403,2,,,0
19001309,'1176330',1041,,1404,2,,,0
19001309,'1176347',1341,,1405,2,,,0
19001309,'1176350',1341,,1406,2,,,0
19001309,'1176372',911,,1407,2,,,0
19001309,'1176377',2041,,1408,2,,,0
19001309,'1176385',941,,1409,2,,,0
19001309,'1176484',1541,,1410,2,,,0
19001309,'1176487',1211,,1411,2,,,0
19001309,'1176502',1411,,1412,2,,,0
19001309,'1176565',1041,,1413,2,,,0
19001309,'1176609',1641,,1414,2,,,0
19001309,'1176622',1741,,1415,2,,,0
19001309,'1176667',741,,1416,2,,,0
19001309,'1176691',1111,,1417,2,,,0
19001309,'1176694',1011,,1418,2,,,0
