11009,'1175771',1434,,1461,3,,,0
11009,'1175802',1734,,1462,3,,,0
11009,'1176133',1634,,1468,3,,,0
11009,'1176140',1034,,1469,3,,,0
11009,'1176188',1234,,1470,3,,,0
11009,'1176403',1134,,1472,3,,,0
11009,'1176448',934,,1473,3,,,0
11009,'1176583',1534,,1474,3,,,0
11009,'1176618',1334,,1475,3,,,0
15009,'1175924',1037,,1574,3,,,0
15009,'1175955',1637,,1575,3,,,0
15009,'1176009',1437,,1576,3,,,0
15009,'1176045',937,,1577,3,,,0
15009,'1176107',1537,,1579,3,,,0
15009,'1176262',1737,,1581,3,,,0
15009,'1176306',1137,,1583,3,,,0
15009,'1176632',1337,,1585,3,,,0
15009,'1176645',1237,,1586,3,,,0
20009,'1175879',1434,,1605,3,0,10 11,0
20009,'1175940',1034,,1607,3,0,10 11,0
20009,'1176265',1534,,1612,3,0,10 11,0
20009,'1176319',1734,,1613,3,0,10 11,0
20009,'1176398',1334,,1615,3,0,10 11,0
20009,'1176408',934,,1616,3,0,10 11,0
20009,'1176425',1134,,1618,3,0,10 11,0
20009,'1176552',1234,,1622,3,0,10 11,0
20009,'1176647',1634,,1623,3,0,10 11,0
14001009,'1175755',844,,1743,5,,,0
14001009,'1175787',1744,,1744,5,,,0
14001009,'1175798',1744,,1745,5,,,0
14001009,'1175806',1114,,1746,5,0,8 21,0
14001009,'1175825',1544,,1748,5,,,0
14001009,'1175826',1244,,1749,5,,,0
14001009,'1175836',1714,,1750,5,,,0
14001009,'1175840',1944,,1751,5,,,0
14001009,'1175865',1014,,1752,5,0,8 21,0
14001009,'1175890',1944,,1753,5,,,0
14001009,'1175905',2044,,1754,5,,,0
14001009,'1175937',1344,,1755,5,,,0
14001009,'1175943',1644,,1756,5,,,0
14001009,'1175962',2244,,1757,5,0,8 21,0
14001009,'1175995',1044,,1758,5,,,0
14001009,'1176008',714,,1759,5,,,0
14001009,'1176017',744,,1760,5,,,0
14001009,'1176075',1644,,1761,5,,,0
14001009,'1176104',2144,,1762,5,,,0
14001009,'1176141',1244,,1763,5,,,0
14001009,'1176158',1444,,1764,5,,,0
14001009,'1176181',914,,1765,5,0,8 21,0
14001009,'1176198',944,,1766,5,,,0
14001009,'1176208',2144,,1767,5,,,0
14001009,'1176215',1844,,1768,5,,,0
14001009,'1176225',1314,,1769,5,0,8 21,0
14001009,'1176249',1044,,1770,5,,,0
14001009,'1176269',2044,,1771,5,,,0
14001009,'1176278',2244,,1772,5,0,8 21,0
14001009,'1176300',1514,,1773,5,0,8 21,0
14001009,'1176311',944,,1774,5,,,0
14001009,'1176346',814,,1775,5,,,0
14001009,'1176365',844,,1776,5,,,0
14001009,'1176376',1544,,1777,5,,,0
14001009,'1176382',1144,,1778,5,,,0
14001009,'1176449',644,,1779,5,,,0
14001009,'1176452',1214,,1780,5,0,8 21,0
14001009,'1176545',744,,1781,5,,,0
14001009,'1176551',1344,,1782,5,,,0
14001009,'1176579',1614,,1783,5,,,0
14001009,'1176580',1144,,1784,5,,,0
14001009,'1176607',1844,,1785,5,,,0
14001009,'1176612',1814,,1786,5,0,8 21,0
14001009,'1176628',1414,,1787,5,0,8 21,0
14001009,'1176653',1444,,1788,5,,,0
14001609,'1175722',1049,,1882,5,,,0
14001609,'1175752',649,,1883,5,,,0
14001609,'1175760',1949,,1884,5,,,0
14001609,'1175799',919,,1885,5,0,8 21,0
14001609,'1175804',1019,,1886,5,0,8 21,0
14001609,'1175908',819,,1888,5,,,0
14001609,'1175922',1149,,1889,5,,,0
14001609,'1175936',749,,1890,5,,,0
14001609,'1175982',1119,,1891,5,0,8 21,0
14001609,'1175986',1349,,1892,5,,,0
14001609,'1175988',1249,,1893,5,,,0
14001609,'1175989',1749,,1894,5,,,0
14001609,'1176010',1219,,1895,5,0,8 21,0
14001609,'1176015',849,,1896,5,,,0
14001609,'1176131',1319,,1897,5,0,8 21,0
14001609,'1176168',1249,,1898,5,,,0
14001609,'1176170',1519,,1899,5,,,0
14001609,'1176241',2049,,1900,5,,,0
14001609,'1176247',719,,1901,5,,,0
14001609,'1176270',2149,,1902,5,,,0
14001609,'1176280',1549,,1903,5,,,0
14001609,'1176296',1449,,1904,5,,,0
14001609,'1176309',2149,,1905,5,,,0
14001609,'1176320',1749,,1906,5,,,0
14001609,'1176374',1819,,1907,5,0,8 21,0
14001609,'1176381',949,,1908,5,,,0
14001609,'1176402',1949,,1909,5,,,0
14001609,'1176421',749,,1910,5,,,0
14001609,'1176486',1719,,1911,5,,,0
14001609,'1176492',1049,,1912,5,,,0
14001609,'1176495',1849,,1913,5,,,0
14001609,'1176500',1549,,1914,5,,,0
14001609,'1176504',1649,,1915,5,,,0
14001609,'1176510',1449,,1916,5,,,0
14001609,'1176518',1619,,1917,5,,,0
14001609,'1176524',949,,1918,5,,,0
14001609,'1176533',849,,1919,5,,,0
14001609,'1176577',2049,,1921,5,,,0
14001609,'1176593',1419,,1923,5,0,8 21,0
14001609,'1176602',1349,,1924,5,,,0
14001609,'1176621',1849,,1926,5,,,0
14001609,'1176627',1649,,1927,5,,,0
14001609,'1176671',1149,,1929,5,,,0
