14001009,'1083711',1822,,202,42,,,0
14001009,'1083714',2022,,203,42,,,0
14001009,'1083727',2022,,204,42,,,0
14001009,'1083743',2222,,206,42,,,0
14001009,'1083763',2122,,207,42,,,0
14001009,'1083798',722,,208,9,,,0
14001009,'1083841',1421,,210,42,,,0
14001009,'1083897',1922,,212,42,,,0
14001009,'1083901',1722,,213,42,,,0
14001009,'1083953',1622,,215,42,,,0
14001009,'1084005',1922,,218,42,,,0
14001009,'1084014',1121,,219,42,,,0
14001009,'1084040',1722,,221,42,,,0
14001009,'1084045',1321,,222,42,,,0
14001009,'1084052',2122,,224,42,,,0
14001009,'1084056',922,,225,42,,,0
14001009,'1084072',1121,,226,42,,,0
14001009,'1084104',1321,,228,42,,,0
14001009,'1084126',1652,,230,42,,,0
14001009,'1084128',852,,231,42,,,0
14001009,'1084133',822,,233,42,,,0
14001009,'1084154',2222,,234,42,,,0
14001009,'1084167',1822,,235,42,,,0
14001009,'1084176',922,,236,42,,,0
14001009,'1084187',1622,,237,42,,,0
14001009,'1084219',822,,239,42,,,0
14001009,'1084221',1421,,240,42,,,0
14001009,'1084349',752,,246,42,,,0
14001009,'1084363',1752,,247,42,,,0
14001009,'1142404',1521,,625,42,,,0
14001009,'1142495',1021,,627,42,,,0
14001009,'1142534',1521,,628,42,,,0
14001009,'1142603',1021,,629,42,,,0
14001009,'1142604',1221,,630,42,,,0
14001009,'1142648',722,,632,42,,,0
14001009,'1142722',1221,,633,42,,,0
