14009,'1083726',1703,,92,41,,,0
14009,'1083733',1303,,93,41,,,0
14009,'1083894',1003,,95,41,,,0
14009,'1083982',1503,,98,41,,,0
14009,'1084115',1603,,100,41,,,0
14009,'1084147',1203,,101,41,,,0
14009,'1084174',1103,,104,41,,,0
14009,'1084272',1816,,105,41,,,0
14009,'1084375',1403,,109,41,,,0
14001009,'1083711',1834,,202,56,,,0
14001009,'1083714',2034,,203,56,,,0
14001009,'1083727',2034,,204,56,,,0
14001009,'1083743',2234,,206,56,,,0
14001009,'1083763',2134,,207,56,,,0
14001009,'1083798',734,,208,23,,,0
14001009,'1083841',1429,,210,57,,,0
14001009,'1083888',1529,,211,57,,,0
14001009,'1083897',1934,,212,56,,,0
14001009,'1083901',1734,,213,56,,,0
14001009,'1083919',1232,,214,57,,,0
14001009,'1083953',1634,,215,56,,,0
14001009,'1084005',1934,,218,56,,,0
14001009,'1084014',1129,,219,57,,,0
14001009,'1084030',1029,,220,57,,,0
14001009,'1084040',1734,,221,56,,,0
14001009,'1084045',1332,,222,57,,,0
14001009,'1084046',1032,,223,57,,,0
14001009,'1084052',2134,,224,56,,,0
14001009,'1084056',934,,225,56,,,0
14001009,'1084072',1132,,226,57,,,0
14001009,'1084104',1329,,228,57,,,0
14001009,'1084126',1704,,230,56,,,0
14001009,'1084128',904,,231,56,,,0
14001009,'1084131',734,,232,56,,,0
14001009,'1084133',834,,233,56,,,0
14001009,'1084154',2234,,234,56,,,0
14001009,'1084167',1834,,235,56,,,0
14001009,'1084176',934,,236,56,,,0
14001009,'1084187',1634,,237,56,,,0
14001009,'1084219',834,,239,56,,,0
14001009,'1084221',1432,,240,57,,,0
14001009,'1084321',1229,,243,57,,,0
14001009,'1084338',1532,,245,57,,,0
14001009,'1084349',804,,246,56,,,0
14001009,'1084363',1804,,247,56,,,0
