30009,'1178822',1405,,2122,17,0,23 24 2 26,0
30009,'1178823',805,,2123,17,0,23 24 2 26,0
30009,'1178824',905,,2124,17,0,23 24 2 26,0
30009,'1178825',1505,,2125,17,0,23 24 2 26,0
30009,'1178832',1035,,2132,17,0,8 9 2 26,0
30009,'1178833',1005,,2133,17,0,23 24 2 26,0
30009,'1178834',835,,2134,17,0,23 24 2 26,0
30009,'1178837',1805,,2137,17,0,23 24 2 26,0
30009,'1178839',1205,,2139,17,0,23 24 2 26,0
30009,'1178842',1305,,2142,17,0,23 24 2 26,0
30009,'1178844',735,,2144,17,0,23 24 2 26,0
30009,'1178849',1735,,2149,17,0,23 24 2 26,0
30009,'1178850',1005,,2150,17,0,23 24 2 26,0
30009,'1178851',905,,2151,17,0,23 24 2 26,0
30009,'1178853',2005,,2153,17,0,23 24 2 26,0
30009,'1178855',1505,,2155,17,0,23 24 2 26,0
30009,'1178856',2105,,2156,17,0,23 24 2 26,0
30009,'1178858',1905,,2158,17,0,23 24 2 26,0
30009,'1178859',1605,,2159,17,0,23 24 2 26,0
30009,'1178862',1805,,2162,17,0,23 24 2 26,0
30009,'1178864',1105,,2164,17,0,23 24 2 26,0
30009,'1178866',2205,,2166,17,0,8 9 2 26,0
30009,'1178867',2105,,2167,17,0,23 24 2 26,0
30009,'1178870',1905,,2170,17,0,23 24 2 26,0
30009,'1178872',1405,,2172,17,0,23 24 2 26,0
30009,'1178875',1205,,2175,17,0,23 24 2 26,0
30009,'1178877',2005,,2177,17,0,23 24 2 26,0
30009,'1178878',1635,,2178,17,0,23 24 2 26,0
30009,'1178879',1605,,2179,17,0,23 24 2 26,0
30009,'1178888',1105,,2188,17,0,23 24 2 26,0
30009,'1178889',1305,,2189,17,0,23 24 2 26,0
30009,'1178890',935,,2190,17,0,23 24 2 26,0
30009,'1178891',2205,,2191,17,0,8 9 2 26,0
30009,'1178892',1705,,2192,17,0,23 24 2 26,0
30009,'1178894',805,,2194,17,0,23 24 2 26,0
30009,'1178900',1835,,2200,17,0,8 9 2 26,0
30009,'1178901',1705,,2201,17,0,23 24 2 26,0
