11609,'1175716',1148,,1478,18,,,0
11609,'1175732',1548,,1479,18,,,0
11609,'1175756',1348,,1480,18,,,0
11609,'1175773',2048,,1481,18,,,0
11609,'1175832',1818,,1482,18,,,0
11609,'1175843',1448,,1483,18,,,0
11609,'1175850',2148,,1484,18,,,0
11609,'1175868',1248,,1485,18,,,0
11609,'1175918',1648,,1486,18,,,0
11609,'1175942',1748,,1487,18,,,0
11609,'1175949',1718,,1488,18,,,0
11609,'1175954',948,,1489,18,,,0
11609,'1175958',1548,,1490,18,,,0
11609,'1175970',1148,,1491,18,,,0
11609,'1176003',1948,,1492,18,,,0
11609,'1176080',1348,,1493,18,,,0
11609,'1176101',1848,,1494,18,,,0
11609,'1176137',1848,,1495,18,,,0
11609,'1176153',1648,,1496,18,,,0
11609,'1176239',1248,,1497,18,,,0
11609,'1176240',748,,1498,18,,,0
11609,'1176243',648,,1499,18,,,0
11609,'1176254',818,,1500,18,,,0
11609,'1176259',2048,,1501,18,,,0
11609,'1176276',848,,1502,18,,,0
11609,'1176432',718,,1503,18,,,0
11609,'1176433',1618,,1504,18,,,0
11609,'1176442',918,,1505,18,,,0
11609,'1176443',1048,,1506,18,,,0
11609,'1176475',748,,1507,18,,,0
11609,'1176603',1748,,1508,18,,,0
11609,'1176630',2148,,1509,18,,,0
11609,'1176639',1948,,1510,18,,,0
11609,'1176641',1048,,1511,18,,,0
11609,'1176646',948,,1512,18,,,0
11609,'1176652',848,,1513,18,,,0
11609,'1176685',1448,,1514,18,,,0
16009,'1175859',1239,,1588,19,0,16 17 11,0
16009,'1176087',1339,,1589,19,0,16 17 11,0
16009,'1176112',1439,,1590,19,0,16 17 11,0
16009,'1176128',1739,,1591,19,0,16 17 11,0
16009,'1176235',1039,,1593,19,0,16 17 11,0
16009,'1176236',1639,,1594,19,0,16 17 11,0
16009,'1176410',1539,,1599,19,0,16 17 11,0
16009,'1176572',939,,1602,19,0,16 17 11,0
16009,'1176585',1139,,1603,19,0,16 17 11,0
