11609,2074,1,0,0
11609,201316,2,0,0
11609,201312,3,0,0
11609,201314,4,0,0
11609,201307,5,0,0
11609,3050,6,0,0
11609,3051,7,0,0
11609,3049,8,0,0
11609,3053,9,0,0
11609,3054,10,0,0
11609,3056,11,0,0
11609,2090,12,0,0
11609,2092,13,0,0
11609,2084,14,0,0
11609,3016,15,0,0
11609,201338,16,0,0
11609,201334,17,0,0
11609,201332,18,0,0
11609,201331,19,0,0
11609,201330,20,0,0
11609,201329,21,0,0
11609,201328,22,0,0
11609,986,23,0,0
11609,201326,24,0,0
11609,201325,25,0,0
11609,201324,26,0,0
11609,201323,27,0,0
11609,6101,28,0,0
11609,6103,29,0,0
11609,2098,30,0,0
11609,2059,31,0,0
11609,7031,32,0,0
11609,2060,33,0,0
11609,3063,34,0,0
11609,3064,35,0,0
11609,3067,36,0,0
11609,10001,37,0,0
11609,1000,38,1,1
21609,1000,1,0,0
21609,3001,2,0,0
21609,3004,3,0,0
21609,3005,4,0,0
21609,2086,5,0,0
21609,7033,6,0,0
21609,2093,7,0,0
21609,2047,8,0,0
21609,2077,9,0,0
21609,6054,10,0,0
21609,201352,11,0,0
21609,201322,12,0,0
21609,3021,13,0,0
21609,3022,14,0,0
21609,3023,15,0,0
21609,986,16,0,0
21609,3025,17,0,0
21609,3027,18,0,0
21609,3029,19,0,0
21609,3030,20,0,0
21609,201336,21,0,0
21609,201340,22,0,0
21609,3034,23,0,0
21609,2053,24,0,0
21609,1146,25,0,0
21609,2056,26,0,0
21609,3041,27,0,0
21609,3043,28,0,0
21609,3044,29,0,0
21609,3046,30,0,0
21609,3047,31,0,0
21609,201306,32,0,0
21609,201308,33,0,0
21609,201311,34,0,0
21609,201313,35,0,0
21609,201315,36,1,1
14001009,2074,1,0,0
14001009,201316,2,0,0
14001009,201315,3,0,0
14001009,2075,4,0,0
14001009,2076,5,0,0
14001009,2078,6,0,0
14001009,2079,7,0,0
14001009,2080,8,0,0
14001009,7028,9,0,0
14001009,2083,10,0,0
14001009,2085,11,0,0
14001009,2086,12,0,0
14001009,7033,13,0,0
14001009,2093,14,0,0
14001009,2087,15,0,0
14001009,2088,16,0,0
14001009,2089,17,0,0
14001009,2090,18,0,0
14001009,2092,19,0,0
14001009,2084,20,0,0
14001009,2094,21,0,0
14001009,2095,22,0,0
14001009,2096,23,0,0
14001009,2097,24,0,0
14001009,2082,25,0,0
14001009,6103,26,0,0
14001009,2098,27,0,0
14001009,2100,28,0,0
14001009,2101,29,0,0
14001009,2103,30,0,0
14001009,6104,31,0,0
14001009,6105,32,0,0
14001009,10001,33,0,0
14001009,1000,34,0,0
14001009,1101,35,0,0
14001009,2106,36,0,0
14001009,2104,37,0,0
14001009,2108,38,0,0
14001009,2109,39,0,0
14001009,2110,40,0,0
14001009,2112,41,0,0
14001009,2115,42,0,0
14001009,201353,43,0,0
14001009,2117,44,0,0
14001009,2118,45,0,0
14001009,2120,46,0,0
14001009,2122,47,0,0
14001009,2125,48,0,0
14001009,2128,49,0,0
14001009,2130,50,0,0
14001009,2131,51,0,0
14001009,2133,52,0,0
14001009,2134,53,0,0
14001009,2138,54,0,0
14001009,2040,55,0,0
14001009,2141,56,0,0
14001009,2001,57,1,1
14001209,2074,1,0,0
14001209,5040,2,0,0
14001209,8005,3,0,0
14001209,1071,4,0,0
14001209,1072,5,0,0
14001209,1075,6,0,0
14001209,1076,7,0,0
14001209,1078,8,0,0
14001209,1079,9,0,0
14001209,1081,10,0,0
14001209,1083,11,0,0
14001209,1085,12,0,0
14001209,1087,13,0,0
14001209,1088,14,0,0
14001209,1089,15,0,0
14001209,1092,16,0,0
14001209,1093,17,0,0
14001209,1094,18,0,0
14001209,1096,19,0,0
14001209,1097,20,0,0
14001209,1098,21,0,0
14001209,4038,22,0,0
14001209,1000,23,0,0
14001209,10001,24,0,0
14001209,1101,25,0,0
14001209,1102,26,0,0
14001209,1104,27,0,0
14001209,1106,28,0,0
14001209,201319,29,0,0
14001209,1110,30,0,0
14001209,1111,31,0,0
14001209,1112,32,0,0
14001209,1113,33,0,0
14001209,1114,34,0,0
14001209,1116,35,0,0
14001209,1117,36,0,0
14001209,1119,37,0,0
14001209,1121,38,0,0
14001209,7008,39,0,0
14001209,1124,40,0,0
14001209,1126,41,0,0
14001209,1128,42,0,0
14001209,1129,43,0,0
14001209,1130,44,0,0
14001209,1131,45,0,0
14001209,1133,46,0,0
14001209,1135,47,0,0
14001209,1137,48,0,0
14001209,1138,49,0,0
14001209,1139,50,0,0
14001209,1140,51,0,0
14001209,1141,52,0,0
14001209,1001,53,1,1
14001409,10010,1,0,0
14001409,5105,2,0,0
14001409,5060,3,0,0
14001409,7017,4,0,0
14001409,5062,5,0,0
14001409,5063,6,0,0
14001409,9007,7,0,0
14001409,5065,8,0,0
14001409,1063,9,0,0
14001409,1065,10,0,0
14001409,1066,11,0,0
14001409,1070,12,0,0
14001409,7021,13,0,0
14001409,5068,14,0,0
14001409,5069,15,0,0
14001409,5070,16,0,0
14001409,5072,17,0,0
14001409,5074,18,0,0
14001409,1201,19,0,0
14001409,5075,20,0,0
14001409,5077,21,0,0
14001409,1000,22,0,0
14001409,10001,23,0,0
14001409,1101,24,0,0
14001409,2106,25,0,0
14001409,201321,26,0,0
14001409,201348,27,0,0
14001409,201347,28,0,0
14001409,201346,29,0,0
14001409,5000,30,0,0
14001409,201345,31,0,0
14001409,201344,32,0,0
14001409,201342,33,0,0
14001409,201341,34,0,0
14001409,2107,35,0,0
14001409,1200,36,0,0
14001409,5079,37,0,0
14001409,5080,38,0,0
14001409,5082,39,0,0
14001409,1203,40,0,0
14001409,5085,41,0,0
14001409,5092,42,0,0
14001409,5095,43,0,0
14001409,5097,44,0,0
14001409,5006,45,0,0
14001409,5099,46,0,0
14001409,5102,47,0,0
14001409,5104,48,1,1
14001609,201315,1,0,0
14001609,10003,2,0,0
14001609,201318,3,0,0
14001609,2075,4,0,0
14001609,2076,5,0,0
14001609,4046,6,0,0
14001609,10016,7,0,0
14001609,4048,8,0,0
14001609,4049,9,0,0
14001609,7024,10,0,0
14001609,1600,11,0,0
14001609,201301,12,0,0
14001609,7025,13,0,0
14001609,1601,14,0,0
14001609,201305,15,0,0
14001609,4051,16,0,0
14001609,4053,17,0,0
14001609,6104,18,0,0
14001609,6105,19,0,0
14001609,10001,20,0,0
14001609,1000,21,0,0
14001609,1101,22,0,0
14001609,2106,23,0,0
14001609,2104,24,0,0
14001609,4054,25,0,0
14001609,4055,26,0,0
14001609,4058,27,0,0
14001609,4060,28,0,0
14001609,4061,29,0,0
14001609,4062,30,0,0
14001609,4063,31,0,0
14001609,4064,32,0,0
14001609,4065,33,0,0
14001609,4067,34,0,0
14001609,4068,35,0,0
14001609,4069,36,0,0
14001609,4070,37,0,0
14001609,4071,38,0,0
14001609,4072,39,0,0
14001609,4074,40,0,0
14001609,4076,41,0,0
14001609,8023,42,0,0
14001609,10005,43,0,0
14001609,10007,44,0,0
14001609,10006,45,0,0
14001609,4081,46,0,0
14001609,4083,47,0,0
14001609,8021,48,0,0
14001609,4084,49,0,0
14001609,4085,50,0,0
14001609,4088,51,0,0
14001609,4090,52,0,0
14001609,4000,53,1,1
19001109,2001,1,0,0
19001109,2039,2,0,0
19001109,2139,3,0,0
19001109,2054,4,0,0
19001109,2007,5,0,0
19001109,2008,6,0,0
19001109,2011,7,0,0
19001109,2012,8,0,0
19001109,2013,9,0,0
19001109,2016,10,0,0
19001109,2020,11,0,0
19001109,2022,12,0,0
19001109,2024,13,0,0
19001109,2025,14,0,0
19001109,201353,15,0,0
19001109,2027,16,0,0
19001109,2062,17,0,0
19001109,2031,18,0,0
19001109,2033,19,0,0
19001109,2034,20,0,0
19001109,2035,21,0,0
19001109,2036,22,0,0
19001109,2037,23,0,0
19001109,4037,24,0,0
19001109,4038,25,0,0
19001109,1000,26,0,0
19001109,2041,27,0,0
19001109,2065,28,0,0
19001109,2042,29,0,0
19001109,2046,30,0,0
19001109,2047,31,0,0
19001109,2077,32,0,0
19001109,2081,33,0,0
19001109,2050,34,0,0
19001109,2051,35,0,0
19001109,2052,36,0,0
19001109,2053,37,0,0
19001109,1146,38,0,0
19001109,2056,39,0,0
19001109,2057,40,0,0
19001109,2058,41,0,0
19001109,2059,42,0,0
19001109,7031,43,0,0
19001109,2060,44,0,0
19001109,2061,45,0,0
19001109,2063,46,0,0
19001109,2064,47,0,0
19001109,2066,48,0,0
19001109,2067,49,0,0
19001109,2068,50,0,0
19001109,2069,51,0,0
19001109,2070,52,0,0
19001109,2071,53,0,0
19001109,2072,54,0,0
19001109,2073,55,0,0
19001109,2074,56,1,1
19001309,1001,1,0,0
19001309,1002,2,0,0
19001309,9010,3,0,0
19001309,201320,4,0,0
19001309,1003,5,0,0
19001309,1004,6,0,0
19001309,1005,7,0,0
19001309,1006,8,0,0
19001309,1008,9,0,0
19001309,1010,10,0,0
19001309,1012,11,0,0
19001309,1013,12,0,0
19001309,1014,13,0,0
19001309,1016,14,0,0
19001309,1018,15,0,0
19001309,1020,16,0,0
19001309,1021,17,0,0
19001309,1142,18,0,0
19001309,1024,19,0,0
19001309,1143,20,0,0
19001309,1026,21,0,0
19001309,1029,22,0,0
19001309,1030,23,0,0
19001309,1144,24,0,0
19001309,1031,25,0,0
19001309,1032,26,0,0
19001309,1033,27,0,0
19001309,1034,28,0,0
19001309,1036,29,0,0
19001309,1038,30,0,0
19001309,4037,31,0,0
19001309,4038,32,0,0
19001309,1000,33,0,0
19001309,10001,34,0,0
19001309,1101,35,0,0
19001309,6001,36,0,0
19001309,1039,37,0,0
19001309,6003,38,0,0
19001309,6004,39,0,0
19001309,1044,40,0,0
19001309,1046,41,0,0
19001309,1048,42,0,0
19001309,1049,43,0,0
19001309,1051,44,0,0
19001309,1052,45,0,0
19001309,1054,46,0,0
19001309,1056,47,0,0
19001309,1057,48,0,0
19001309,1059,49,0,0
19001309,1060,50,0,0
19001309,7019,51,0,0
19001309,1062,52,0,0
19001309,1063,53,0,0
19001309,1065,54,0,0
19001309,1066,55,0,0
19001309,1070,56,0,0
19001309,7021,57,0,0
19001309,2072,58,0,0
19001309,2073,59,0,0
19001309,2074,60,1,1
19001509,5104,1,0,0
19001509,5003,2,0,0
19001509,201350,3,0,0
19001509,5017,4,0,0
19001509,5018,5,0,0
19001509,5020,6,0,0
19001509,5022,7,0,0
19001509,5024,8,0,0
19001509,5025,9,0,0
19001509,5026,10,0,0
19001509,4091,11,0,0
19001509,4092,12,0,0
19001509,4094,13,0,0
19001509,4095,14,0,0
19001509,4096,15,0,0
19001509,4098,16,0,0
19001509,4099,17,0,0
19001509,201346,18,0,0
19001509,5000,19,0,0
19001509,5001,20,0,0
19001509,5007,21,0,0
19001509,201349,22,0,0
19001509,2037,23,0,0
19001509,4037,24,0,0
19001509,4038,25,0,0
19001509,1000,26,0,0
19001509,10001,27,0,0
19001509,5028,28,0,0
19001509,5031,29,0,0
19001509,5032,30,0,0
19001509,5039,31,0,0
19001509,5034,32,0,0
19001509,5036,33,0,0
19001509,5050,34,0,0
19001509,5051,35,0,0
19001509,1072,36,0,0
19001509,5041,37,0,0
19001509,9006,38,0,0
19001509,5044,39,0,0
19001509,5052,40,0,0
19001509,5053,41,0,0
19001509,5054,42,0,0
19001509,9008,43,0,0
19001509,5046,44,0,0
19001509,5047,45,0,0
19001509,5048,46,0,0
19001509,10010,47,1,1
19001709,4000,1,0,0
19001709,4001,2,0,0
19001709,4003,3,0,0
19001709,4006,4,0,0
19001709,201351,5,0,0
19001709,8022,6,0,0
19001709,4008,7,0,0
19001709,4010,8,0,0
19001709,4011,9,0,0
19001709,4012,10,0,0
19001709,4013,11,0,0
19001709,4016,12,0,0
19001709,4018,13,0,0
19001709,4020,14,0,0
19001709,4021,15,0,0
19001709,7003,16,0,0
19001709,4022,17,0,0
19001709,4023,18,0,0
19001709,4024,19,0,0
19001709,4025,20,0,0
19001709,4026,21,0,0
19001709,4027,22,0,0
19001709,4028,23,0,0
19001709,7004,24,0,0
19001709,4029,25,0,0
19001709,4030,26,0,0
19001709,4032,27,0,0
19001709,4035,28,0,0
19001709,4036,29,0,0
19001709,2036,30,0,0
19001709,2037,31,0,0
19001709,4037,32,0,0
19001709,4038,33,0,0
19001709,1000,34,0,0
19001709,2041,35,0,0
19001709,2065,36,0,0
19001709,1204,37,0,0
19001709,4040,38,0,0
19001709,201304,39,0,0
19001709,201303,40,0,0
19001709,10004,41,0,0
19001709,201302,42,0,0
19001709,7023,43,0,0
19001709,4042,44,0,0
19001709,4043,45,0,0
19001709,10016,46,0,0
19001709,4045,47,0,0
19001709,2071,48,0,0
19001709,2072,49,0,0
19001709,2073,50,0,0
19001709,2074,51,1,1
