12009,'1175745',1603,,1515,44,,,0
12009,'1175747',1503,,1516,44,,,0
12009,'1175827',1203,,1517,44,,,0
12009,'1175839',1816,,1518,44,,,0
12009,'1176031',1103,,1523,44,,,0
12009,'1176149',1303,,1525,44,,,0
12009,'1176417',1403,,1527,44,,,0
12009,'1176471',1703,,1529,44,,,0
12009,'1176692',1003,,1532,44,,,0
14001209,'1175718',1703,,1789,49,,,0
14001209,'1175861',1933,,1790,49,,,0
14001209,'1175900',1803,,1791,49,,,0
14001209,'1175915',2133,,1793,49,,,0
14001209,'1175917',1503,,1794,49,,,0
14001209,'1175919',2033,,1795,49,,,0
14001209,'1175938',833,,1796,49,,,0
14001209,'1175939',1833,,1797,49,,,0
14001209,'1175983',2233,,1798,49,,,0
14001209,'1176007',1333,,1799,49,,,0
14001209,'1176012',1133,,1800,49,,,0
14001209,'1176069',933,,1801,49,,,0
14001209,'1176070',1233,,1802,49,,,0
14001209,'1176091',1033,,1803,49,,,0
14001209,'1176100',733,,1804,27,,,0
14001209,'1176103',1033,,1805,49,,,0
14001209,'1176117',1233,,1806,49,,,0
14001209,'1176163',1933,,1808,49,,,0
14001209,'1176213',1133,,1809,49,,,0
14001209,'1176217',1633,,1810,49,,,0
14001209,'1176245',1833,,1811,49,,,0
14001209,'1176255',933,,1812,49,,,0
14001209,'1176275',1733,,1813,49,,,0
14001209,'1176323',1203,,1814,49,,,0
14001209,'1176343',1433,,1816,49,,,0
14001209,'1176354',1533,,1817,49,,,0
14001209,'1176378',1333,,1818,49,,,0
14001209,'1176401',803,,1819,49,,,0
14001209,'1176411',2133,,1820,49,,,0
14001209,'1176440',1533,,1821,49,,,0
14001209,'1176458',733,,1822,49,,,0
14001209,'1176470',1633,,1823,49,,,0
14001209,'1176472',1103,,1824,49,,,0
14001209,'1176483',1403,,1825,49,,,0
14001209,'1176488',1733,,1826,49,,,0
14001209,'1176515',2033,,1827,49,,,0
14001209,'1176526',1003,,1828,49,,,0
14001209,'1176532',1303,,1829,49,,,0
14001209,'1176546',2233,,1830,49,,,0
14001209,'1176594',903,,1831,49,,,0
14001209,'1176599',1603,,1832,49,,,0
14001209,'1176626',833,,1833,49,,,0
14001209,'1176676',1433,,1834,49,,,0
