11009,'1142335',1548,,679,29,,,0
11009,'1142379',1048,,680,29,,,0
11009,'1142419',1448,,681,29,,,0
11009,'1142541',948,,682,29,,,0
11009,'1142671',1348,,686,29,,,0
11009,'1142693',1748,,687,29,,,0
11009,'1142705',1148,,688,29,,,0
11009,'1142723',1248,,689,29,,,0
11009,'1142862',1648,,691,29,,,0
20009,'1175726',1147,,1297,16,0,10 11,0
20009,'1175784',1547,,1298,16,0,10 11,0
20009,'1175818',1347,,1299,16,0,10 11,0
20009,'1175944',1747,,1300,16,0,10 11,0
20009,'1175945',1047,,1301,16,0,10 11,0
20009,'1176098',1447,,1302,16,0,10 11,0
20009,'1176169',1647,,1303,16,0,10 11,0
20009,'1176242',947,,1304,16,0,10 11,0
20009,'1176491',1247,,1305,16,0,10 11,0
14001009,'1142143',1359,,875,31,,,0
14001009,'1142178',658,,876,31,,,0
14001009,'1142189',858,,877,31,,,0
14001009,'1142190',728,,878,31,,,0
14001009,'1142194',1459,,879,31,,,0
14001009,'1142216',959,,880,31,,,0
14001009,'1142231',828,,881,31,,,0
14001009,'1142237',1359,,882,31,,,0
14001009,'1142279',1658,,883,31,,,0
14001009,'1142282',1259,,884,31,,,0
14001009,'1142286',858,,885,31,,,0
14001009,'1142290',1958,,886,31,,,0
14001009,'1142306',1028,,887,31,0,8 21,0
14001009,'1142344',2058,,888,31,,,0
14001009,'1142360',1159,,889,31,,,0
14001009,'1142369',2258,,890,31,0,8 21,0
14001009,'1142375',1059,,891,31,,,0
14001009,'1142407',1528,,892,31,0,8 21,0
14001009,'1142438',928,,893,31,0,8 21,0
14001009,'1142459',959,,894,31,,,0
14001009,'1142460',1128,,895,31,0,8 21,0
14001009,'1142462',1558,,896,31,,,0
14001009,'1142479',1858,,897,31,,,0
14001009,'1142483',1459,,898,31,,,0
14001009,'1142505',2258,,899,31,0,8 21,0
14001009,'1142508',1858,,900,31,,,0
14001009,'1142510',1558,,901,31,,,0
14001009,'1142517',1228,,902,31,0,8 21,0
14001009,'1142538',1059,,903,31,,,0
14001009,'1142556',1428,,904,31,0,8 21,0
14001009,'1142580',1758,,905,31,,,0
14001009,'1142619',2058,,906,31,,,0
14001009,'1142627',1828,,907,31,0,8 21,0
14001009,'1142660',1628,,908,31,,,0
14001009,'1142682',758,,909,31,,,0
14001009,'1142715',1958,,910,31,,,0
14001009,'1142781',2158,,912,31,,,0
14001009,'1142787',1758,,913,31,,,0
14001009,'1142798',1328,,914,31,0,8 21,0
14001009,'1142811',1159,,915,31,,,0
14001009,'1142812',1728,,916,31,,,0
14001009,'1142840',758,,917,31,,,0
14001009,'1142842',2158,,918,31,,,0
14001009,'1142843',1259,,919,31,,,0
14001009,'1142861',1658,,920,31,,,0
14001609,'1142224',1332,,1020,18,0,8 21,0
14001609,'1142239',1032,,1022,18,0,8 21,0
14001609,'1142308',1832,,1028,18,0,8 21,0
14001609,'1142473',1132,,1035,18,0,8 21,0
14001609,'1142717',1232,,1051,18,0,8 21,0
14001609,'1142803',932,,1054,18,0,8 21,0
14001609,'1142886',1432,,1060,18,0,8 21,0
14001609,'1175743',702,,1306,18,,,0
14001609,'1175762',802,,1307,18,,,0
14001609,'1175785',1002,,1308,18,,,0
14001609,'1175815',732,,1309,18,,,0
14001609,'1175849',902,,1310,18,,,0
14001609,'1175881',902,,1311,18,,,0
14001609,'1175901',1302,,1313,18,,,0
14001609,'1175909',832,,1314,18,,,0
14001609,'1175926',1202,,1315,18,,,0
14001609,'1175981',1732,,1316,18,,,0
14001609,'1176005',2202,,1317,18,,,0
14001609,'1176019',1902,,1318,18,,,0
14001609,'1176030',1402,,1319,18,,,0
14001609,'1176078',1702,,1321,18,,,0
14001609,'1176081',2002,,1322,18,,,0
14001609,'1176129',1502,,1323,18,,,0
14001609,'1176134',2102,,1325,18,,,0
14001609,'1176154',2102,,1326,18,,,0
14001609,'1176172',1602,,1327,18,,,0
14001609,'1176186',1632,,1328,18,,,0
14001609,'1176192',2202,,1329,18,,,0
14001609,'1176206',1302,,1330,18,,,0
14001609,'1176260',1402,,1331,18,,,0
14001609,'1176285',1802,,1332,18,,,0
14001609,'1176332',1802,,1334,18,,,0
14001609,'1176457',1102,,1335,18,,,0
14001609,'1176506',1902,,1336,18,,,0
14001609,'1176531',2002,,1337,18,,,0
14001609,'1176542',1532,,1338,18,,,0
14001609,'1176555',1202,,1339,18,,,0
14001609,'1176566',1102,,1340,18,,,0
14001609,'1176590',1002,,1341,18,,,0
14001609,'1176615',1502,,1342,18,,,0
14001609,'1176650',1602,,1343,18,,,0
14001609,'1176683',1702,,1344,18,,,0
14001609,'1176688',802,,1345,18,,,0
