19001309,'1175725',724,,1374,44,,,0
19001309,'1175746',1324,,1375,44,,,0
19001309,'1175750',2224,,1376,44,,,0
19001309,'1175754',624,,1377,12,,,0
19001309,'1175772',2124,,1378,44,,,0
19001309,'1175824',2024,,1379,44,,,0
19001309,'1175844',724,,1380,44,,,0
19001309,'1175930',1824,,1381,44,,,0
19001309,'1175941',1524,,1382,44,,,0
19001309,'1175974',1654,,1383,44,,,0
19001309,'1176027',1224,,1384,44,,,0
19001309,'1176051',1354,,1385,44,,,0
19001309,'1176056',1554,,1386,44,,,0
19001309,'1176072',924,,1387,44,,,0
19001309,'1176088',854,,1388,44,,,0
19001309,'1176113',1024,,1389,44,,,0
19001309,'1176123',1524,,1390,44,,,0
19001309,'1176150',1724,,1391,44,,,0
19001309,'1176155',1754,,1392,44,,,0
19001309,'1176191',1924,,1393,44,,,0
19001309,'1176203',2024,,1394,44,,,0
19001309,'1176205',824,,1395,44,,,0
19001309,'1176216',754,,1396,44,,,0
19001309,'1176219',1624,,1397,44,,,0
19001309,'1176231',1324,,1398,44,,,0
19001309,'1176237',1224,,1399,44,,,0
19001309,'1176251',924,,1400,44,,,0
19001309,'1176267',1924,,1401,44,,,0
19001309,'1176294',654,,1402,12,,,0
19001309,'1176327',2224,,1403,44,,,0
19001309,'1176330',1124,,1404,44,,,0
19001309,'1176347',1424,,1405,44,,,0
19001309,'1176350',1424,,1406,44,,,0
19001309,'1176372',954,,1407,44,,,0
19001309,'1176377',2124,,1408,44,,,0
19001309,'1176385',1024,,1409,44,,,0
19001309,'1176484',1624,,1410,44,,,0
19001309,'1176487',1254,,1411,44,,,0
19001309,'1176502',1454,,1412,44,,,0
19001309,'1176565',1124,,1413,44,,,0
19001309,'1176609',1724,,1414,44,,,0
19001309,'1176622',1824,,1415,44,,,0
19001309,'1176667',824,,1416,44,,,0
19001309,'1176691',1154,,1417,44,,,0
19001309,'1176694',1054,,1418,44,,,0
