12009,'1175745',1550,,1515,32,,,0
12009,'1175747',1450,,1516,32,,,0
12009,'1175827',1150,,1517,32,,,0
12009,'1175839',1803,,1518,32,,,0
12009,'1176031',1050,,1523,32,,,0
12009,'1176149',1250,,1525,32,,,0
12009,'1176417',1350,,1527,32,,,0
12009,'1176471',1650,,1529,32,,,0
12009,'1176692',950,,1532,32,,,0
14001009,'1175755',923,,1743,43,,,0
14001009,'1175787',1823,,1744,43,,,0
14001009,'1175798',1823,,1745,43,,,0
14001009,'1175810',723,,1747,10,,,0
14001009,'1175825',1623,,1748,43,,,0
14001009,'1175826',1322,,1749,43,,,0
14001009,'1175836',1753,,1750,43,,,0
14001009,'1175840',2023,,1751,43,,,0
14001009,'1175890',2023,,1753,43,,,0
14001009,'1175905',2123,,1754,43,,,0
14001009,'1175937',1422,,1755,43,,,0
14001009,'1175943',1723,,1756,43,,,0
14001009,'1175995',1122,,1758,43,,,0
14001009,'1176008',753,,1759,43,,,0
14001009,'1176017',823,,1760,43,,,0
14001009,'1176075',1723,,1761,43,,,0
14001009,'1176104',2223,,1762,43,,,0
14001009,'1176141',1322,,1763,43,,,0
14001009,'1176158',1522,,1764,43,,,0
14001009,'1176198',1022,,1766,43,,,0
14001009,'1176208',2223,,1767,43,,,0
14001009,'1176215',1923,,1768,43,,,0
14001009,'1176249',1122,,1770,43,,,0
14001009,'1176269',2123,,1771,43,,,0
14001009,'1176311',1022,,1774,43,,,0
14001009,'1176346',853,,1775,43,,,0
14001009,'1176365',923,,1776,43,,,0
14001009,'1176376',1623,,1777,43,,,0
14001009,'1176382',1222,,1778,43,,,0
14001009,'1176449',723,,1779,43,,,0
14001009,'1176545',823,,1781,43,,,0
14001009,'1176551',1422,,1782,43,,,0
14001009,'1176579',1653,,1783,43,,,0
14001009,'1176580',1222,,1784,43,,,0
14001009,'1176607',1923,,1785,43,,,0
14001009,'1176653',1522,,1788,43,,,0
