14001409,'1083698',1533,,294,41,,,0
14001409,'1083768',1931,,295,41,,,0
14001409,'1083799',1831,,296,41,,,0
14001409,'1083819',831,,297,41,,,0
14001409,'1083823',933,,298,41,,,0
14001409,'1083831',833,,299,41,,,0
14001409,'1083885',2131,,300,41,,,0
14001409,'1083889',1033,,301,41,,,0
14001409,'1083899',2033,,302,41,,,0
14001409,'1083923',1633,,303,41,,,0
14001409,'1083934',1003,,304,41,,,0
14001409,'1083938',1703,,305,41,,,0
14001409,'1083962',703,,306,20,,,0
14001409,'1083968',1233,,307,41,,,0
14001409,'1083975',731,,308,20,,,0
14001409,'1083996',1231,,309,41,,,0
14001409,'1083997',1733,,310,41,,,0
14001409,'1084002',1731,,311,41,,,0
14001409,'1084035',1203,,312,41,,,0
14001409,'1084081',631,,313,13,,,0
14001409,'1084095',1331,,314,41,,,0
14001409,'1084114',1433,,316,41,,,0
14001409,'1084134',1431,,317,41,,,0
14001409,'1084143',1333,,318,41,,,0
14001409,'1084149',803,,319,41,,,0
14001409,'1084161',931,,320,41,,,0
14001409,'1084166',2133,,321,41,,,0
14001409,'1084175',2031,,322,41,,,0
14001409,'1084192',1933,,323,41,,,0
14001409,'1084194',2233,,324,41,,,0
14001409,'1084212',1503,,325,41,,,0
14001409,'1084214',733,,326,41,,,0
14001409,'1084230',1403,,327,41,,,0
14001409,'1084248',1803,,328,41,,,0
14001409,'1084250',633,,329,13,,,0
14001409,'1084252',1531,,330,41,,,0
14001409,'1084256',1133,,331,41,,,0
14001409,'1084258',1131,,332,41,,,0
14001409,'1084269',2231,,333,41,,,0
14001409,'1084304',903,,334,41,,,0
14001409,'1084306',1103,,335,41,,,0
14001409,'1084326',1603,,336,41,,,0
14001409,'1084330',1031,,337,41,,,0
14001409,'1084354',1303,,338,41,,,0
14001409,'1084355',1833,,339,41,,,0
14001409,'1084374',1631,,340,41,,,0
