14009,'1142164',1128,,765,22,0,5 6 7,0
14009,'1142187',1428,,767,22,0,5 6 7,0
14009,'1142323',1628,,768,22,0,5 6 7,0
14009,'1142325',1728,,769,22,0,5 6 7,0
14009,'1142341',1228,,770,22,0,5 6 7,0
14009,'1142386',928,,773,22,0,5 6 7,0
14009,'1142559',1528,,776,22,0,5 6 7,0
14009,'1142645',1328,,778,22,0,5 6 7,0
14009,'1142708',1028,,780,22,0,5 6 7,0
19001309,'1142849',1828,,1152,26,0,8 21,0
19001309,'1175725',658,,1374,26,,,0
19001309,'1175746',1258,,1375,26,,,0
19001309,'1175750',2158,,1376,26,,,0
19001309,'1175772',2058,,1378,26,,,0
19001309,'1175824',1958,,1379,26,,,0
19001309,'1175844',658,,1380,26,,,0
19001309,'1175930',1758,,1381,26,,,0
19001309,'1175941',1458,,1382,26,,,0
19001309,'1175974',1628,,1383,26,,,0
19001309,'1176027',1158,,1384,26,,,0
19001309,'1176051',1328,,1385,26,,,0
19001309,'1176056',1528,,1386,26,,,0
19001309,'1176072',858,,1387,26,,,0
19001309,'1176088',828,,1388,26,,,0
19001309,'1176113',958,,1389,26,,,0
19001309,'1176123',1458,,1390,26,,,0
19001309,'1176150',1658,,1391,26,,,0
19001309,'1176155',1728,,1392,26,,,0
19001309,'1176191',1858,,1393,26,,,0
19001309,'1176203',1958,,1394,26,,,0
19001309,'1176205',758,,1395,26,,,0
19001309,'1176216',728,,1396,26,,,0
19001309,'1176219',1558,,1397,26,,,0
19001309,'1176231',1258,,1398,26,,,0
19001309,'1176237',1158,,1399,26,,,0
19001309,'1176251',858,,1400,26,,,0
19001309,'1176267',1858,,1401,26,,,0
19001309,'1176327',2158,,1403,26,,,0
19001309,'1176330',1058,,1404,26,,,0
19001309,'1176347',1358,,1405,26,,,0
19001309,'1176350',1358,,1406,26,,,0
19001309,'1176372',928,,1407,26,,,0
19001309,'1176377',2058,,1408,26,,,0
19001309,'1176385',958,,1409,26,,,0
19001309,'1176484',1558,,1410,26,,,0
19001309,'1176487',1228,,1411,26,,,0
19001309,'1176502',1428,,1412,26,,,0
19001309,'1176565',1058,,1413,26,,,0
19001309,'1176609',1658,,1414,26,,,0
19001309,'1176622',1758,,1415,26,,,0
19001309,'1176667',758,,1416,26,,,0
19001309,'1176691',1128,,1417,26,,,0
19001309,'1176694',1028,,1418,26,,,0
