11609,'1142131',1609,,692,3,,,0
11609,'1142167',939,,693,3,,,0
11609,'1142222',1239,,694,3,,,0
11609,'1142226',2039,,695,3,,,0
11609,'1142297',1239,,696,3,,,0
11609,'1142329',1039,,697,3,,,0
11609,'1142334',1809,,698,3,,,0
11609,'1142336',1739,,699,3,,,0
11609,'1142364',1739,,700,3,,,0
11609,'1142388',1339,,701,3,,,0
11609,'1142390',1139,,702,3,,,0
11609,'1142392',909,,703,3,,,0
11609,'1142399',2039,,704,3,,,0
11609,'1142441',2139,,705,3,,,0
11609,'1142450',1939,,706,3,,,0
11609,'1142454',1539,,707,3,,,0
11609,'1142465',709,,708,3,,,0
11609,'1142475',839,,709,3,,,0
11609,'1142493',1639,,710,3,,,0
11609,'1142497',1539,,711,3,,,0
11609,'1142504',1839,,712,3,,,0
11609,'1142519',639,,713,3,,,0
11609,'1142524',1339,,714,3,,,0
11609,'1142530',1139,,715,3,,,0
11609,'1142561',739,,716,3,,,0
11609,'1142586',1439,,717,3,,,0
11609,'1142593',1939,,718,3,,,0
11609,'1142599',1839,,719,3,,,0
11609,'1142608',1439,,720,3,,,0
11609,'1142624',739,,721,3,,,0
11609,'1142649',1039,,722,3,,,0
11609,'1142676',1639,,723,3,,,0
11609,'1142697',809,,724,3,,,0
11609,'1142702',939,,725,3,,,0
11609,'1142719',839,,726,3,,,0
11609,'1142857',1709,,727,3,,,0
11609,'1142878',2139,,728,3,,,0
16009,'1175738',1730,,1279,3,0,16 17 11,0
16009,'1175765',930,,1280,3,0,16 17 11,0
16009,'1175829',1630,,1281,3,0,16 17 11,0
16009,'1176127',1430,,1287,3,0,16 17 11,0
16009,'1176157',1530,,1288,3,0,16 17 11,0
16009,'1176159',1330,,1289,3,0,16 17 11,0
16009,'1176183',1130,,1290,3,0,16 17 11,0
16009,'1176302',1230,,1292,3,0,16 17 11,0
16009,'1176523',1030,,1294,3,0,16 17 11,0
