13009,'1175753',1005,,1270,15,0,19 15,0
13009,'1175782',1205,,1271,15,0,19 15,0
13009,'1175783',905,,1272,15,0,19 15,0
13009,'1176089',1105,,1273,15,0,19 15,0
13009,'1176177',1305,,1274,15,0,19 15,0
13009,'1176441',1705,,1275,15,0,19 15,0
13009,'1176507',1505,,1276,15,0,19 15,0
13009,'1176529',1605,,1277,15,0,19 15,0
13009,'1176679',1405,,1278,15,0,19 15,0
19001309,'1175725',726,,1374,47,,,0
19001309,'1175746',1326,,1375,47,,,0
19001309,'1175750',2226,,1376,47,,,0
19001309,'1175754',626,,1377,15,,,0
19001309,'1175772',2126,,1378,47,,,0
19001309,'1175824',2026,,1379,47,,,0
19001309,'1175844',726,,1380,47,,,0
19001309,'1175930',1826,,1381,47,,,0
19001309,'1175941',1526,,1382,47,,,0
19001309,'1175974',1656,,1383,47,,,0
19001309,'1176027',1226,,1384,47,,,0
19001309,'1176051',1356,,1385,47,,,0
19001309,'1176056',1556,,1386,47,,,0
19001309,'1176072',926,,1387,47,,,0
19001309,'1176088',856,,1388,47,,,0
19001309,'1176113',1026,,1389,47,,,0
19001309,'1176123',1526,,1390,47,,,0
19001309,'1176150',1726,,1391,47,,,0
19001309,'1176155',1756,,1392,47,,,0
19001309,'1176191',1926,,1393,47,,,0
19001309,'1176203',2026,,1394,47,,,0
19001309,'1176205',826,,1395,47,,,0
19001309,'1176216',756,,1396,47,,,0
19001309,'1176219',1626,,1397,47,,,0
19001309,'1176231',1326,,1398,47,,,0
19001309,'1176237',1226,,1399,47,,,0
19001309,'1176251',926,,1400,47,,,0
19001309,'1176267',1926,,1401,47,,,0
19001309,'1176294',656,,1402,15,,,0
19001309,'1176327',2226,,1403,47,,,0
19001309,'1176330',1126,,1404,47,,,0
19001309,'1176347',1426,,1405,47,,,0
19001309,'1176350',1426,,1406,47,,,0
19001309,'1176372',956,,1407,47,,,0
19001309,'1176377',2126,,1408,47,,,0
19001309,'1176385',1026,,1409,47,,,0
19001309,'1176484',1626,,1410,47,,,0
19001309,'1176487',1256,,1411,47,,,0
19001309,'1176502',1456,,1412,47,,,0
19001309,'1176565',1126,,1413,47,,,0
19001309,'1176609',1726,,1414,47,,,0
19001309,'1176622',1826,,1415,47,,,0
19001309,'1176667',826,,1416,47,,,0
19001309,'1176691',1156,,1417,47,,,0
19001309,'1176694',1056,,1418,47,,,0
