15009,'1142159',1441,,783,8,,,0
15009,'1142174',1141,,784,8,,,0
15009,'1142445',1341,,787,8,,,0
15009,'1142451',941,,788,8,,,0
15009,'1142478',1741,,790,8,,,0
15009,'1142634',1041,,793,8,,,0
15009,'1142773',1641,,795,8,,,0
15009,'1142793',1241,,796,8,,,0
15009,'1142829',1541,,797,8,,,0
14001409,'1142132',1159,,967,18,,,0
14001409,'1142141',859,,968,18,,,0
14001409,'1142149',1659,,969,18,,,0
14001409,'1142155',1159,,970,18,,,0
14001409,'1142175',1259,,971,18,,,0
14001409,'1142179',1429,,972,18,,,0
14001409,'1142200',1359,,973,18,,,0
14001409,'1142203',2159,,974,18,,,0
14001409,'1142206',1859,,975,18,,,0
14001409,'1142211',729,,976,18,,,0
14001409,'1142253',959,,978,18,,,0
14001409,'1142257',1959,,979,18,,,0
14001409,'1142272',1859,,980,18,,,0
14001409,'1142298',859,,981,18,,,0
14001409,'1142299',1659,,982,18,,,0
14001409,'1142338',1559,,983,18,,,0
14001409,'1142361',2059,,984,18,,,0
14001409,'1142371',1229,,985,18,,,0
14001409,'1142373',1729,,987,18,,,0
14001409,'1142381',2059,,988,18,,,0
14001409,'1142416',659,,989,18,,,0
14001409,'1142418',1459,,990,18,,,0
14001409,'1142421',1829,,991,18,0,8 9,0
14001409,'1142456',1059,,992,18,,,0
14001409,'1142477',1129,,993,18,,,0
14001409,'1142481',1629,,994,18,,,0
14001409,'1142488',1529,,995,18,,,0
14001409,'1142526',1259,,996,18,,,0
14001409,'1142560',1459,,998,18,,,0
14001409,'1142562',1359,,999,18,,,0
14001409,'1142611',1329,,1000,18,,,0
14001409,'1142629',929,,1001,18,,,0
14001409,'1142639',1759,,1002,18,,,0
14001409,'1142654',1559,,1003,18,,,0
14001409,'1142701',759,,1004,18,,,0
14001409,'1142714',959,,1005,18,,,0
14001409,'1142752',1959,,1007,18,,,0
14001409,'1142757',759,,1008,18,,,0
14001409,'1142821',2159,,1009,18,,,0
14001409,'1142851',1059,,1010,18,,,0
14001409,'1142870',1029,,1011,18,,,0
14001409,'1142874',1759,,1012,18,,,0
14001409,'1142883',829,,1013,18,,,0
