12009,'1175841',1037,,1252,21,0,18 7,0
12009,'1175914',1437,,1254,21,0,18 7,0
12009,'1176038',1137,,1255,21,0,18 7,0
12009,'1176142',1237,,1256,21,0,18 7,0
12009,'1176291',1337,,1260,21,0,18 7,0
12009,'1176342',1537,,1261,21,0,18 7,0
12009,'1176399',1737,,1262,21,0,18 7,0
12009,'1176575',937,,1268,21,0,18 7,0
12009,'1176589',1637,,1269,21,0,18 7,0
19001109,'1142212',1257,,1065,17,,,0
19001109,'1142345',1157,,1078,17,,,0
19001109,'1142412',1357,,1081,17,,,0
19001109,'1142503',1357,,1086,17,,,0
19001109,'1142554',1457,,1091,17,,,0
19001109,'1142583',1057,,1094,17,,,0
19001109,'1142588',1157,,1095,17,,,0
19001109,'1142664',1457,,1098,17,,,0
19001109,'1142756',1557,,1101,17,,,0
19001109,'1142845',1057,,1106,17,,,0
19001109,'1142860',1257,,1107,17,,,0
19001109,'1142880',1557,,1108,17,,,0
19001109,'1175791',2056,,1347,16,,,0
19001109,'1175792',1856,,1348,16,,,0
19001109,'1175853',1856,,1349,16,,,0
19001109,'1175887',1726,,1350,16,,,0
19001109,'1175950',656,,1351,16,,,0
19001109,'1175987',756,,1352,16,,,0
19001109,'1175992',1756,,1353,16,,,0
19001109,'1176020',656,,1354,16,,,0
19001109,'1176179',1756,,1355,16,,,0
19001109,'1176193',1956,,1356,16,,,0
19001109,'1176227',2056,,1357,16,,,0
19001109,'1176244',1656,,1358,16,,,0
19001109,'1176256',826,,1359,16,,,0
19001109,'1176310',856,,1360,16,,,0
19001109,'1176359',1956,,1361,16,,,0
19001109,'1176409',2251,,1362,16,0,12,0
19001109,'1176413',926,,1363,16,,,0
19001109,'1176424',956,,1364,16,,,0
19001109,'1176436',956,,1365,16,,,0
19001109,'1176437',856,,1366,16,,,0
19001109,'1176447',2251,,1367,16,0,12,0
19001109,'1176477',1656,,1368,16,,,0
19001109,'1176498',726,,1369,16,,,0
19001109,'1176505',2156,,1370,16,,,0
19001109,'1176514',756,,1371,16,,,0
19001109,'1176571',2156,,1372,16,,,0
19001109,'1176619',1826,,1373,16,0,8 21,0
