14009,'1175724',1425,,1551,5,0,5 6 22,0
14009,'1175759',1225,,1552,5,0,5 6 22,0
14009,'1175767',1325,,1553,5,0,5 6 22,0
14009,'1175834',1525,,1557,5,0,5 6 22,0
14009,'1176178',1025,,1560,5,0,5 6 22,0
14009,'1176234',1725,,1561,5,0,5 6 22,0
14009,'1176418',1125,,1564,5,0,5 6 22,0
14009,'1176613',1625,,1566,5,0,5 6 22,0
14009,'1176636',925,,1567,5,0,5 6 22,0
19001509,'1175715',2046,,2024,4,,,0
19001509,'1175729',946,,2025,4,,,0
19001509,'1175736',2146,,2026,4,0,12,0
19001509,'1175740',746,,2027,4,,,0
19001509,'1175741',1246,,2028,4,,,0
19001509,'1175769',2246,,2029,4,0,12,0
19001509,'1175774',2146,,2030,4,0,12,0
19001509,'1175778',1716,,2031,4,,,0
19001509,'1175793',1746,,2032,4,,,0
19001509,'1175801',746,,2033,4,,,0
19001509,'1175845',1316,,2034,4,,,0
19001509,'1175897',1416,,2035,4,,,0
19001509,'1175899',1146,,2036,4,,,0
19001509,'1175907',916,,2037,4,,,0
19001509,'1175925',1546,,2038,4,,,0
19001509,'1175932',1446,,2039,4,,,0
19001509,'1175953',1516,,2040,4,,,0
19001509,'1175967',1016,,2042,4,,,0
19001509,'1175996',1616,,2043,4,,,0
19001509,'1176000',846,,2044,4,,,0
19001509,'1176049',1646,,2045,4,,,0
19001509,'1176055',1846,,2046,4,,,0
19001509,'1176057',946,,2047,4,,,0
19001509,'1176073',716,,2048,4,,,0
19001509,'1176074',646,,2049,4,,,0
19001509,'1176085',1846,,2050,4,,,0
19001509,'1176090',2046,,2051,4,,,0
19001509,'1176092',1046,,2052,4,,,0
19001509,'1176093',846,,2053,4,,,0
19001509,'1176105',1946,,2054,4,,,0
19001509,'1176238',1446,,2055,4,,,0
19001509,'1176266',1116,,2056,4,,,0
19001509,'1176293',1346,,2057,4,,,0
19001509,'1176328',1216,,2058,4,,,0
19001509,'1176335',1946,,2059,4,,,0
19001509,'1176340',1816,,2060,4,0,12,0
19001509,'1176355',1546,,2061,4,,,0
19001509,'1176358',1246,,2062,4,,,0
19001509,'1176362',1746,,2063,4,,,0
19001509,'1176426',1046,,2064,4,,,0
19001509,'1176434',2246,,2065,4,0,12,0
19001509,'1176496',1346,,2067,4,,,0
19001509,'1176536',646,,2068,4,,,0
19001509,'1176537',816,,2069,4,,,0
19001509,'1176684',1646,,2070,4,,,0
19001509,'1176689',1146,,2071,4,,,0
