15009,'1083765',923,,111,25,0,20 15,0
15009,'1083808',1123,,114,25,0,20 15,0
15009,'1083882',1323,,117,25,0,20 15,0
15009,'1083893',1523,,118,25,0,20 15,0
15009,'1083914',1223,,119,25,0,20 15,0
15009,'1084047',1723,,121,25,0,20 15,0
15009,'1084262',1423,,124,25,0,20 15,0
15009,'1084303',1023,,125,25,0,20 15,0
15009,'1084362',1623,,127,25,0,20 15,0
14001409,'1083698',1447,,294,3,,,0
14001409,'1083768',1847,,295,3,,,0
14001409,'1083799',1747,,296,3,,,0
14001409,'1083819',747,,297,3,,,0
14001409,'1083823',847,,298,3,,,0
14001409,'1083831',747,,299,3,,,0
14001409,'1083885',2047,,300,3,,,0
14001409,'1083889',947,,301,3,,,0
14001409,'1083899',1947,,302,3,,,0
14001409,'1083923',1547,,303,3,,,0
14001409,'1083934',917,,304,3,,,0
14001409,'1083938',1617,,305,3,,,0
14001409,'1083968',1147,,307,3,,,0
14001409,'1083996',1147,,309,3,,,0
14001409,'1083997',1647,,310,3,,,0
14001409,'1084002',1647,,311,3,,,0
14001409,'1084035',1117,,312,3,,,0
14001409,'1084095',1247,,314,3,,,0
14001409,'1084113',1817,,315,3,0,8 9,0
14001409,'1084114',1347,,316,3,,,0
14001409,'1084134',1347,,317,3,,,0
14001409,'1084143',1247,,318,3,,,0
14001409,'1084149',717,,319,3,,,0
14001409,'1084161',847,,320,3,,,0
14001409,'1084166',2047,,321,3,,,0
14001409,'1084175',1947,,322,3,,,0
14001409,'1084192',1847,,323,3,,,0
14001409,'1084194',2147,,324,3,,,0
14001409,'1084212',1417,,325,3,,,0
14001409,'1084214',647,,326,3,,,0
14001409,'1084230',1317,,327,3,,,0
14001409,'1084248',1717,,328,3,,,0
14001409,'1084252',1447,,330,3,,,0
14001409,'1084256',1047,,331,3,,,0
14001409,'1084258',1047,,332,3,,,0
14001409,'1084269',2147,,333,3,,,0
14001409,'1084304',817,,334,3,,,0
14001409,'1084306',1017,,335,3,,,0
14001409,'1084326',1517,,336,3,,,0
14001409,'1084330',947,,337,3,,,0
14001409,'1084354',1217,,338,3,,,0
14001409,'1084355',1747,,339,3,,,0
14001409,'1084374',1547,,340,3,,,0
