14001009,'1083711',1753,,202,24,,,0
14001009,'1083714',1953,,203,24,,,0
14001009,'1083727',1953,,204,24,,,0
14001009,'1083739',1023,,205,24,0,8 9,0
14001009,'1083743',2153,,206,24,,,0
14001009,'1083763',2053,,207,24,,,0
14001009,'1083809',1823,,209,24,0,8 9,0
14001009,'1083841',1353,,210,24,,,0
14001009,'1083897',1853,,212,24,,,0
14001009,'1083901',1653,,213,24,,,0
14001009,'1083953',1553,,215,24,,,0
14001009,'1083971',1223,,216,24,0,8 9,0
14001009,'1083977',1423,,217,24,0,8 9,0
14001009,'1084005',1853,,218,24,,,0
14001009,'1084014',1053,,219,24,,,0
14001009,'1084040',1653,,221,24,,,0
14001009,'1084045',1253,,222,24,,,0
14001009,'1084052',2053,,224,24,,,0
14001009,'1084056',853,,225,24,,,0
14001009,'1084072',1053,,226,24,,,0
14001009,'1084104',1253,,228,24,,,0
14001009,'1084118',1323,,229,24,0,8 9,0
14001009,'1084126',1623,,230,24,,,0
14001009,'1084128',823,,231,24,,,0
14001009,'1084133',753,,233,24,,,0
14001009,'1084154',2153,,234,24,,,0
14001009,'1084167',1753,,235,24,,,0
14001009,'1084176',853,,236,24,,,0
14001009,'1084187',1553,,237,24,,,0
14001009,'1084190',2253,,238,24,0,8 9,0
14001009,'1084219',753,,239,24,,,0
14001009,'1084221',1353,,240,24,,,0
14001009,'1084288',1523,,241,24,0,8 9,0
14001009,'1084291',1123,,242,24,0,8 9,0
14001009,'1084349',723,,246,24,,,0
14001009,'1084363',1723,,247,24,,,0
14001009,'1142404',1453,,625,24,,,0
14001009,'1142405',923,,626,24,0,8 9,0
14001009,'1142495',953,,627,24,,,0
14001009,'1142534',1453,,628,24,,,0
14001009,'1142603',953,,629,24,,,0
14001009,'1142604',1153,,630,24,,,0
14001009,'1142640',2253,,631,24,0,8 9,0
14001009,'1142648',653,,632,24,,,0
14001009,'1142722',1153,,633,24,,,0
