19001309,'1175725',730,,1374,52,,,0
19001309,'1175746',1330,,1375,52,,,0
19001309,'1175750',2230,,1376,52,,,0
19001309,'1175754',630,,1377,20,,,0
19001309,'1175772',2130,,1378,52,,,0
19001309,'1175824',2030,,1379,52,,,0
19001309,'1175844',730,,1380,52,,,0
19001309,'1175930',1830,,1381,52,,,0
19001309,'1175941',1530,,1382,52,,,0
19001309,'1175974',1700,,1383,52,,,0
19001309,'1176027',1230,,1384,52,,,0
19001309,'1176051',1400,,1385,52,,,0
19001309,'1176056',1600,,1386,52,,,0
19001309,'1176072',930,,1387,52,,,0
19001309,'1176088',900,,1388,52,,,0
19001309,'1176113',1030,,1389,52,,,0
19001309,'1176123',1530,,1390,52,,,0
19001309,'1176150',1730,,1391,52,,,0
19001309,'1176155',1800,,1392,52,,,0
19001309,'1176191',1930,,1393,52,,,0
19001309,'1176203',2030,,1394,52,,,0
19001309,'1176205',830,,1395,52,,,0
19001309,'1176216',800,,1396,52,,,0
19001309,'1176219',1630,,1397,52,,,0
19001309,'1176231',1330,,1398,52,,,0
19001309,'1176237',1230,,1399,52,,,0
19001309,'1176251',930,,1400,52,,,0
19001309,'1176267',1930,,1401,52,,,0
19001309,'1176294',700,,1402,20,,,0
19001309,'1176327',2230,,1403,52,,,0
19001309,'1176330',1130,,1404,52,,,0
19001309,'1176347',1430,,1405,52,,,0
19001309,'1176350',1430,,1406,52,,,0
19001309,'1176372',1000,,1407,52,,,0
19001309,'1176377',2130,,1408,52,,,0
19001309,'1176385',1030,,1409,52,,,0
19001309,'1176484',1630,,1410,52,,,0
19001309,'1176487',1300,,1411,52,,,0
19001309,'1176502',1500,,1412,52,,,0
19001309,'1176565',1130,,1413,52,,,0
19001309,'1176609',1730,,1414,52,,,0
19001309,'1176622',1830,,1415,52,,,0
19001309,'1176667',830,,1416,52,,,0
19001309,'1176691',1200,,1417,52,,,0
19001309,'1176694',1100,,1418,52,,,0
