12009,'1175904',1327,,1253,18,,,0
12009,'1176180',1027,,1257,18,,,0
12009,'1176258',1727,,1258,18,,,0
12009,'1176284',1427,,1259,18,,,0
12009,'1176435',1127,,1263,18,,,0
12009,'1176479',1527,,1264,18,,,0
12009,'1176508',1627,,1265,18,,,0
12009,'1176541',927,,1266,18,,,0
12009,'1176548',1227,,1267,18,,,0
19001709,'1175723',853,,1419,19,,,0
19001709,'1175748',923,,1420,19,,,0
19001709,'1175763',1053,,1421,19,,,0
19001709,'1175781',953,,1422,19,,,0
19001709,'1175795',723,,1423,19,,,0
19001709,'1175819',2053,,1424,19,,,0
19001709,'1175858',1853,,1425,19,,,0
19001709,'1175872',2153,,1426,19,0,8 21,0
19001709,'1175912',1753,,1427,19,,,0
19001709,'1175946',2053,,1428,19,,,0
19001709,'1176002',1353,,1429,19,,,0
19001709,'1176024',2153,,1430,19,0,8 21,0
19001709,'1176147',1953,,1431,19,,,0
19001709,'1176151',1453,,1432,19,,,0
19001709,'1176162',1153,,1433,19,,,0
19001709,'1176204',1553,,1434,19,,,0
19001709,'1176288',753,,1435,19,,,0
19001709,'1176339',1653,,1436,19,,,0
19001709,'1176366',653,,1437,19,,,0
19001709,'1176369',1553,,1438,19,,,0
19001709,'1176400',1053,,1439,19,,,0
19001709,'1176416',1853,,1440,19,,,0
19001709,'1176419',853,,1441,19,,,0
19001709,'1176422',1453,,1442,19,,,0
19001709,'1176428',1623,,1443,19,,,0
19001709,'1176461',1723,,1444,19,,,0
19001709,'1176465',1953,,1445,19,,,0
19001709,'1176466',2253,,1446,19,0,8 21,0
19001709,'1176481',1353,,1447,19,,,0
19001709,'1176493',623,,1448,19,,,0
19001709,'1176540',953,,1449,19,,,0
19001709,'1176561',1653,,1450,19,,,0
19001709,'1176587',753,,1451,19,,,0
19001709,'1176600',1253,,1452,19,,,0
19001709,'1176606',1253,,1453,19,,,0
19001709,'1176634',653,,1454,19,,,0
19001709,'1176635',823,,1455,19,,,0
19001709,'1176654',1823,,1456,19,0,8 21,0
19001709,'1176664',1153,,1457,19,,,0
19001709,'1176670',1753,,1458,19,,,0
19001709,'1176677',2253,,1459,19,0,8 21,0
