14009,'1142164',1147,,765,33,0,5 6 7,0
14009,'1142187',1447,,767,33,0,5 6 7,0
14009,'1142323',1647,,768,33,0,5 6 7,0
14009,'1142325',1800,,769,33,0,5 6 7,0
14009,'1142341',1247,,770,33,0,5 6 7,0
14009,'1142386',947,,773,33,0,5 6 7,0
14009,'1142559',1547,,776,33,0,5 6 7,0
14009,'1142645',1347,,778,33,0,5 6 7,0
14009,'1142708',1047,,780,33,0,5 6 7,0
14001409,'1142132',1230,,967,39,,,0
14001409,'1142141',930,,968,39,,,0
14001409,'1142149',1730,,969,39,,,0
14001409,'1142155',1228,,970,39,,,0
14001409,'1142175',1328,,971,39,,,0
14001409,'1142179',1500,,972,39,,,0
14001409,'1142200',1430,,973,39,,,0
14001409,'1142203',2228,,974,39,,,0
14001409,'1142206',1928,,975,39,,,0
14001409,'1142211',800,,976,39,,,0
14001409,'1142248',700,,977,18,,,0
14001409,'1142253',1030,,978,39,,,0
14001409,'1142257',2028,,979,39,,,0
14001409,'1142272',1930,,980,39,,,0
14001409,'1142298',928,,981,39,,,0
14001409,'1142299',1728,,982,39,,,0
14001409,'1142338',1628,,983,39,,,0
14001409,'1142361',2128,,984,39,,,0
14001409,'1142371',1300,,985,39,,,0
14001409,'1142372',728,,986,18,,,0
14001409,'1142373',1800,,987,39,,,0
14001409,'1142381',2130,,988,39,,,0
14001409,'1142416',730,,989,39,,,0
14001409,'1142418',1530,,990,39,,,0
14001409,'1142456',1128,,992,39,,,0
14001409,'1142477',1200,,993,39,,,0
14001409,'1142481',1700,,994,39,,,0
14001409,'1142488',1600,,995,39,,,0
14001409,'1142526',1330,,996,39,,,0
14001409,'1142544',628,,997,11,,,0
14001409,'1142560',1528,,998,39,,,0
14001409,'1142562',1428,,999,39,,,0
14001409,'1142611',1400,,1000,39,,,0
14001409,'1142629',1000,,1001,39,,,0
14001409,'1142639',1828,,1002,39,,,0
14001409,'1142654',1630,,1003,39,,,0
14001409,'1142701',830,,1004,39,,,0
14001409,'1142714',1028,,1005,39,,,0
14001409,'1142737',630,,1006,11,,,0
14001409,'1142752',2030,,1007,39,,,0
14001409,'1142757',828,,1008,39,,,0
14001409,'1142821',2230,,1009,39,,,0
14001409,'1142851',1130,,1010,39,,,0
14001409,'1142870',1100,,1011,39,,,0
14001409,'1142874',1830,,1012,39,,,0
14001409,'1142883',900,,1013,39,,,0
