14009,'1175724',1448,,1551,22,0,5 6 22,0
14009,'1175759',1248,,1552,22,0,5 6 22,0
14009,'1175767',1348,,1553,22,0,5 6 22,0
14009,'1175834',1548,,1557,22,0,5 6 22,0
14009,'1176178',1048,,1560,22,0,5 6 22,0
14009,'1176234',1801,,1561,22,0,5 6 22,0
14009,'1176418',1148,,1564,22,0,5 6 22,0
14009,'1176613',1648,,1566,22,0,5 6 22,0
14009,'1176636',948,,1567,22,0,5 6 22,0
14001209,'1175718',1651,,1789,32,,,0
14001209,'1175861',1921,,1790,32,,,0
14001209,'1175900',1751,,1791,32,,,0
14001209,'1175915',2121,,1793,32,,,0
14001209,'1175917',1451,,1794,32,,,0
14001209,'1175919',2021,,1795,32,,,0
14001209,'1175938',821,,1796,32,,,0
14001209,'1175939',1821,,1797,32,,,0
14001209,'1175983',2221,,1798,32,,,0
14001209,'1176007',1321,,1799,32,,,0
14001209,'1176012',1121,,1800,32,,,0
14001209,'1176069',921,,1801,32,,,0
14001209,'1176070',1221,,1802,32,,,0
14001209,'1176091',1021,,1803,32,,,0
14001209,'1176100',721,,1804,10,,,0
14001209,'1176103',1021,,1805,32,,,0
14001209,'1176117',1221,,1806,32,,,0
14001209,'1176163',1921,,1808,32,,,0
14001209,'1176213',1121,,1809,32,,,0
14001209,'1176217',1621,,1810,32,,,0
14001209,'1176245',1821,,1811,32,,,0
14001209,'1176255',921,,1812,32,,,0
14001209,'1176275',1721,,1813,32,,,0
14001209,'1176323',1151,,1814,32,,,0
14001209,'1176343',1421,,1816,32,,,0
14001209,'1176354',1521,,1817,32,,,0
14001209,'1176378',1321,,1818,32,,,0
14001209,'1176401',751,,1819,32,,,0
14001209,'1176411',2121,,1820,32,,,0
14001209,'1176440',1521,,1821,32,,,0
14001209,'1176458',721,,1822,32,,,0
14001209,'1176470',1621,,1823,32,,,0
14001209,'1176472',1051,,1824,32,,,0
14001209,'1176483',1351,,1825,32,,,0
14001209,'1176488',1721,,1826,32,,,0
14001209,'1176515',2021,,1827,32,,,0
14001209,'1176526',951,,1828,32,,,0
14001209,'1176532',1251,,1829,32,,,0
14001209,'1176546',2221,,1830,32,,,0
14001209,'1176594',851,,1831,32,,,0
14001209,'1176599',1551,,1832,32,,,0
14001209,'1176626',821,,1833,32,,,0
14001209,'1176676',1421,,1834,32,,,0
