12009,'1175904',1357,,1253,37,,,0
12009,'1176180',1057,,1257,37,,,0
12009,'1176258',1810,,1258,37,,,0
12009,'1176284',1457,,1259,37,,,0
12009,'1176435',1157,,1263,37,,,0
12009,'1176479',1557,,1264,37,,,0
12009,'1176508',1657,,1265,37,,,0
12009,'1176541',957,,1266,37,,,0
12009,'1176548',1257,,1267,37,,,0
14001209,'1142139',1357,,921,41,,,0
14001209,'1142151',1227,,922,41,,,0
14001209,'1142158',1557,,923,41,,,0
14001209,'1142168',1457,,924,41,,,0
14001209,'1142228',1427,,925,41,,,0
14001209,'1142235',1127,,926,41,,,0
14001209,'1142256',1257,,927,41,,,0
14001209,'1142291',1727,,928,41,,,0
14001209,'1142293',1657,,929,41,,,0
14001209,'1142309',1057,,930,41,,,0
14001209,'1142370',827,,931,41,,,0
14001209,'1142423',1157,,933,41,,,0
14001209,'1142439',827,,934,41,,,0
14001209,'1142486',857,,935,41,,,0
14001209,'1142509',1527,,936,41,,,0
14001209,'1142542',1927,,937,41,,,0
14001209,'1142545',1127,,938,41,,,0
14001209,'1142567',1027,,939,41,,,0
14001209,'1142571',1727,,940,41,,,0
14001209,'1142573',1327,,941,41,,,0
14001209,'1142591',1827,,942,41,,,0
14001209,'1142598',927,,943,41,,,0
14001209,'1142600',757,,944,41,,,0
14001209,'1142650',2227,,945,41,,,0
14001209,'1142691',1827,,947,41,,,0
14001209,'1142694',1327,,948,41,,,0
14001209,'1142710',2227,,949,41,,,0
14001209,'1142733',727,,950,19,,,0
14001209,'1142742',727,,951,41,,,0
14001209,'1142760',957,,952,41,,,0
14001209,'1142766',1227,,953,41,,,0
14001209,'1142771',1757,,954,41,,,0
14001209,'1142778',1627,,955,41,,,0
14001209,'1142786',2127,,956,41,,,0
14001209,'1142797',2027,,957,41,,,0
14001209,'1142806',1427,,958,41,,,0
14001209,'1142817',1627,,960,41,,,0
14001209,'1142820',1927,,961,41,,,0
14001209,'1142837',927,,962,41,,,0
14001209,'1142854',1027,,963,41,,,0
14001209,'1142855',2127,,964,41,,,0
14001209,'1142858',1527,,965,41,,,0
14001209,'1142869',2027,,966,41,,,0
