14009,'1142177',1102,,766,40,,,0
14009,'1142342',1602,,771,40,,,0
14009,'1142362',1402,,772,40,,,0
14009,'1142406',1002,,774,40,,,0
14009,'1142444',1302,,775,40,,,0
14009,'1142613',1815,,777,40,,,0
14009,'1142687',1702,,779,40,,,0
14009,'1142827',1502,,781,40,,,0
14009,'1142830',1202,,782,40,,,0
14001009,'1142143',1428,,875,56,,,0
14001009,'1142178',733,,876,55,,,0
14001009,'1142189',933,,877,55,,,0
14001009,'1142190',803,,878,55,,,0
14001009,'1142194',1528,,879,56,,,0
14001009,'1142216',1028,,880,56,,,0
14001009,'1142231',903,,881,55,,,0
14001009,'1142237',1431,,882,56,,,0
14001009,'1142279',1733,,883,55,,,0
14001009,'1142282',1328,,884,56,,,0
14001009,'1142286',933,,885,55,,,0
14001009,'1142290',2033,,886,55,,,0
14001009,'1142344',2133,,888,55,,,0
14001009,'1142360',1228,,889,56,,,0
14001009,'1142375',1128,,891,56,,,0
14001009,'1142459',1031,,894,56,,,0
14001009,'1142462',1633,,896,55,,,0
14001009,'1142479',1933,,897,55,,,0
14001009,'1142483',1531,,898,56,,,0
14001009,'1142508',1933,,900,55,,,0
14001009,'1142510',1633,,901,55,,,0
14001009,'1142538',1131,,903,56,,,0
14001009,'1142580',1833,,905,55,,,0
14001009,'1142619',2133,,906,55,,,0
14001009,'1142660',1703,,908,55,,,0
14001009,'1142682',833,,909,55,,,0
14001009,'1142715',2033,,910,55,,,0
14001009,'1142724',733,,911,22,,,0
14001009,'1142781',2233,,912,55,,,0
14001009,'1142787',1833,,913,55,,,0
14001009,'1142811',1231,,915,56,,,0
14001009,'1142812',1803,,916,55,,,0
14001009,'1142840',833,,917,55,,,0
14001009,'1142842',2233,,918,55,,,0
14001009,'1142843',1331,,919,56,,,0
14001009,'1142861',1733,,920,55,,,0
