14001009,'1083711',1746,,202,8,,,0
14001009,'1083714',1946,,203,8,,,0
14001009,'1083727',1946,,204,8,,,0
14001009,'1083739',1016,,205,8,0,8 9,0
14001009,'1083743',2146,,206,8,,,0
14001009,'1083763',2046,,207,8,,,0
14001009,'1083809',1816,,209,8,0,8 9,0
14001009,'1083841',1346,,210,8,,,0
14001009,'1083897',1846,,212,8,,,0
14001009,'1083901',1646,,213,8,,,0
14001009,'1083953',1546,,215,8,,,0
14001009,'1083971',1216,,216,8,0,8 9,0
14001009,'1083977',1416,,217,8,0,8 9,0
14001009,'1084005',1846,,218,8,,,0
14001009,'1084014',1046,,219,8,,,0
14001009,'1084040',1646,,221,8,,,0
14001009,'1084045',1246,,222,8,,,0
14001009,'1084052',2046,,224,8,,,0
14001009,'1084056',846,,225,8,,,0
14001009,'1084072',1046,,226,8,,,0
14001009,'1084104',1246,,228,8,,,0
14001009,'1084118',1316,,229,8,0,8 9,0
14001009,'1084126',1616,,230,8,,,0
14001009,'1084128',816,,231,8,,,0
14001009,'1084133',746,,233,8,,,0
14001009,'1084154',2146,,234,8,,,0
14001009,'1084167',1746,,235,8,,,0
14001009,'1084176',846,,236,8,,,0
14001009,'1084187',1546,,237,8,,,0
14001009,'1084190',2246,,238,8,0,8 9,0
14001009,'1084219',746,,239,8,,,0
14001009,'1084221',1346,,240,8,,,0
14001009,'1084288',1516,,241,8,0,8 9,0
14001009,'1084291',1116,,242,8,0,8 9,0
14001009,'1084349',716,,246,8,,,0
14001009,'1084363',1716,,247,8,,,0
14001009,'1142404',1446,,625,8,,,0
14001009,'1142405',916,,626,8,0,8 9,0
14001009,'1142495',946,,627,8,,,0
14001009,'1142534',1446,,628,8,,,0
14001009,'1142603',946,,629,8,,,0
14001009,'1142604',1146,,630,8,,,0
14001009,'1142640',2246,,631,8,0,8 9,0
14001009,'1142648',646,,632,8,,,0
14001009,'1142722',1146,,633,8,,,0
