19001509,'1175715',2059,,2024,22,,,0
19001509,'1175729',959,,2025,22,,,0
19001509,'1175736',2159,,2026,22,0,12,0
19001509,'1175740',759,,2027,22,,,0
19001509,'1175741',1259,,2028,22,,,0
19001509,'1175769',2259,,2029,22,0,12,0
19001509,'1175774',2159,,2030,22,0,12,0
19001509,'1175778',1729,,2031,22,,,0
19001509,'1175793',1759,,2032,22,,,0
19001509,'1175801',759,,2033,22,,,0
19001509,'1175845',1329,,2034,22,,,0
19001509,'1175897',1429,,2035,22,,,0
19001509,'1175899',1159,,2036,22,,,0
19001509,'1175907',929,,2037,22,,,0
19001509,'1175925',1559,,2038,22,,,0
19001509,'1175932',1459,,2039,22,,,0
19001509,'1175953',1529,,2040,22,,,0
19001509,'1175967',1029,,2042,22,,,0
19001509,'1175996',1629,,2043,22,,,0
19001509,'1176000',859,,2044,22,,,0
19001509,'1176049',1659,,2045,22,,,0
19001509,'1176055',1859,,2046,22,,,0
19001509,'1176057',959,,2047,22,,,0
19001509,'1176073',729,,2048,22,,,0
19001509,'1176074',659,,2049,22,,,0
19001509,'1176085',1859,,2050,22,,,0
19001509,'1176090',2059,,2051,22,,,0
19001509,'1176092',1059,,2052,22,,,0
19001509,'1176093',859,,2053,22,,,0
19001509,'1176105',1959,,2054,22,,,0
19001509,'1176238',1459,,2055,22,,,0
19001509,'1176266',1129,,2056,22,,,0
19001509,'1176293',1359,,2057,22,,,0
19001509,'1176328',1229,,2058,22,,,0
19001509,'1176335',1959,,2059,22,,,0
19001509,'1176340',1829,,2060,22,0,12,0
19001509,'1176355',1559,,2061,22,,,0
19001509,'1176358',1259,,2062,22,,,0
19001509,'1176362',1759,,2063,22,,,0
19001509,'1176426',1059,,2064,22,,,0
19001509,'1176434',2259,,2065,22,0,12,0
19001509,'1176496',1359,,2067,22,,,0
19001509,'1176536',659,,2068,22,,,0
19001509,'1176537',829,,2069,22,,,0
19001509,'1176684',1659,,2070,22,,,0
19001509,'1176689',1159,,2071,22,,,0
