16009,'1175864',1415,,1282,31,,,0
16009,'1175957',1715,,1283,31,,,0
16009,'1175969',1115,,1284,31,,,0
16009,'1176053',1215,,1285,31,,,0
16009,'1176095',1615,,1286,31,,,0
16009,'1176194',1315,,1291,31,,,0
16009,'1176519',915,,1293,31,,,0
16009,'1176596',1515,,1295,31,,,0
16009,'1176648',1015,,1296,31,,,0
21609,'1142134',905,,838,33,,,0
21609,'1142173',1435,,839,33,,,0
21609,'1142220',1235,,840,33,,,0
21609,'1142255',1635,,841,33,,,0
21609,'1142260',635,,842,33,,,0
21609,'1142266',1335,,843,33,,,0
21609,'1142277',1735,,844,33,,,0
21609,'1142281',835,,845,33,,,0
21609,'1142305',1135,,846,33,,,0
21609,'1142347',2135,,847,33,,,0
21609,'1142348',1035,,848,33,,,0
21609,'1142363',1135,,849,33,,,0
21609,'1142398',737,,850,34,,,0
21609,'1142432',835,,851,33,,,0
21609,'1142489',707,,852,34,,,0
21609,'1142528',2135,,853,33,,,0
21609,'1142549',2035,,854,33,,,0
21609,'1142551',1035,,855,33,,,0
21609,'1142557',1435,,856,33,,,0
21609,'1142574',1335,,857,33,,,0
21609,'1142584',1605,,858,33,,,0
21609,'1142623',1235,,859,33,,,0
21609,'1142647',1535,,860,33,,,0
21609,'1142662',2035,,861,33,,,0
21609,'1142678',935,,862,33,,,0
21609,'1142730',1637,,863,34,,,0
21609,'1142732',935,,864,33,,,0
21609,'1142740',805,,865,33,,,0
21609,'1142753',735,,866,33,,,0
21609,'1142754',1707,,867,34,,,0
21609,'1142762',1935,,868,33,,,0
21609,'1142784',1935,,869,33,,,0
21609,'1142801',1805,,870,33,,,0
21609,'1142822',1535,,871,33,,,0
21609,'1142856',1737,,872,34,,,0
21609,'1142867',1835,,873,33,,,0
21609,'1142890',1835,,874,33,,,0
