11009,'1142195',1605,,674,18,0,13 14 15,0
11009,'1142199',905,,675,18,0,13 14 15,0
11009,'1142242',1205,,676,18,0,13 14 15,0
11009,'1142268',1405,,677,18,0,13 14 15,0
11009,'1142289',1005,,678,18,0,13 14 15,0
11009,'1142564',1305,,683,18,0,13 14 15,0
11009,'1142626',1705,,684,18,0,13 14 15,0
11009,'1142667',1105,,685,18,0,13 14 15,0
11009,'1142728',1505,,690,18,0,13 14 15,0
11609,'1142131',1624,,692,31,,,0
11609,'1142167',954,,693,31,,,0
11609,'1142222',1254,,694,31,,,0
11609,'1142226',2054,,695,31,,,0
11609,'1142297',1254,,696,31,,,0
11609,'1142329',1054,,697,31,,,0
11609,'1142334',1824,,698,31,,,0
11609,'1142336',1754,,699,31,,,0
11609,'1142364',1754,,700,31,,,0
11609,'1142388',1354,,701,31,,,0
11609,'1142390',1154,,702,31,,,0
11609,'1142392',924,,703,31,,,0
11609,'1142399',2054,,704,31,,,0
11609,'1142441',2154,,705,31,,,0
11609,'1142450',1954,,706,31,,,0
11609,'1142454',1554,,707,31,,,0
11609,'1142465',728,,708,32,,,0
11609,'1142475',854,,709,31,,,0
11609,'1142493',1658,,710,32,,,0
11609,'1142497',1554,,711,31,,,0
11609,'1142504',1854,,712,31,,,0
11609,'1142519',658,,713,32,,,0
11609,'1142524',1354,,714,31,,,0
11609,'1142530',1154,,715,31,,,0
11609,'1142561',754,,716,31,,,0
11609,'1142586',1454,,717,31,,,0
11609,'1142593',1954,,718,31,,,0
11609,'1142599',1854,,719,31,,,0
11609,'1142608',1454,,720,31,,,0
11609,'1142624',754,,721,31,,,0
11609,'1142649',1054,,722,31,,,0
11609,'1142676',1654,,723,31,,,0
11609,'1142697',824,,724,31,,,0
11609,'1142702',954,,725,31,,,0
11609,'1142719',854,,726,31,,,0
11609,'1142857',1728,,727,32,,,0
11609,'1142878',2154,,728,31,,,0
16009,'1175738',1744,,1279,30,0,16 17 11,0
16009,'1175765',944,,1280,30,0,16 17 11,0
16009,'1175829',1644,,1281,30,0,16 17 11,0
16009,'1176127',1444,,1287,30,0,16 17 11,0
16009,'1176157',1544,,1288,30,0,16 17 11,0
16009,'1176159',1344,,1289,30,0,16 17 11,0
16009,'1176183',1144,,1290,30,0,16 17 11,0
16009,'1176302',1244,,1292,30,0,16 17 11,0
16009,'1176523',1044,,1294,30,0,16 17 11,0
19001109,'1142212',1327,,1065,42,,,0
19001109,'1142241',1657,,1066,18,,,0
19001109,'1142263',627,,1072,21,,,0
19001109,'1142345',1227,,1078,42,,,0
19001109,'1142412',1427,,1081,42,,,0
19001109,'1142429',657,,1082,18,,,0
19001109,'1142436',1157,,1083,18,,,0
19001109,'1142503',1427,,1086,42,,,0
19001109,'1142533',1257,,1088,18,,,0
19001109,'1142554',1527,,1091,42,,,0
19001109,'1142579',1557,,1092,18,,,0
19001109,'1142582',1357,,1093,18,,,0
19001109,'1142583',1127,,1094,42,,,0
19001109,'1142588',1227,,1095,42,,,0
19001109,'1142606',1057,,1096,18,,,0
19001109,'1142664',1527,,1098,42,,,0
19001109,'1142729',1457,,1100,18,,,0
19001109,'1142756',1627,,1101,42,,,0
19001109,'1142845',1127,,1106,42,,,0
19001109,'1142860',1327,,1107,42,,,0
19001109,'1142880',1627,,1108,42,,,0
19001109,'1175791',2127,,1347,42,,,0
19001109,'1175792',1927,,1348,42,,,0
19001109,'1175853',1927,,1349,42,,,0
19001109,'1175887',1757,,1350,42,,,0
19001109,'1175950',727,,1351,42,,,0
19001109,'1175987',827,,1352,42,,,0
19001109,'1175992',1827,,1353,42,,,0
19001109,'1176020',727,,1354,42,,,0
19001109,'1176179',1827,,1355,42,,,0
19001109,'1176193',2027,,1356,42,,,0
19001109,'1176227',2127,,1357,42,,,0
19001109,'1176244',1727,,1358,42,,,0
19001109,'1176256',857,,1359,42,,,0
19001109,'1176310',927,,1360,42,,,0
19001109,'1176359',2027,,1361,42,,,0
19001109,'1176413',957,,1363,42,,,0
19001109,'1176424',1027,,1364,42,,,0
19001109,'1176436',1027,,1365,42,,,0
19001109,'1176437',927,,1366,42,,,0
19001109,'1176477',1727,,1368,42,,,0
19001109,'1176498',757,,1369,42,,,0
19001109,'1176505',2227,,1370,42,,,0
19001109,'1176514',827,,1371,42,,,0
19001109,'1176571',2227,,1372,42,,,0
