12009,'1175904',1323,,1253,11,,,0
12009,'1176180',1023,,1257,11,,,0
12009,'1176258',1723,,1258,11,,,0
12009,'1176284',1423,,1259,11,,,0
12009,'1176435',1123,,1263,11,,,0
12009,'1176479',1523,,1264,11,,,0
12009,'1176508',1623,,1265,11,,,0
12009,'1176541',923,,1266,11,,,0
12009,'1176548',1223,,1267,11,,,0
19001709,'1175723',847,,1419,11,,,0
19001709,'1175748',917,,1420,11,,,0
19001709,'1175763',1047,,1421,11,,,0
19001709,'1175781',947,,1422,11,,,0
19001709,'1175795',717,,1423,11,,,0
19001709,'1175819',2047,,1424,11,,,0
19001709,'1175858',1847,,1425,11,,,0
19001709,'1175872',2147,,1426,11,0,8 21,0
19001709,'1175912',1747,,1427,11,,,0
19001709,'1175946',2047,,1428,11,,,0
19001709,'1176002',1347,,1429,11,,,0
19001709,'1176024',2147,,1430,11,0,8 21,0
19001709,'1176147',1947,,1431,11,,,0
19001709,'1176151',1447,,1432,11,,,0
19001709,'1176162',1147,,1433,11,,,0
19001709,'1176204',1547,,1434,11,,,0
19001709,'1176288',747,,1435,11,,,0
19001709,'1176339',1647,,1436,11,,,0
19001709,'1176366',647,,1437,11,,,0
19001709,'1176369',1547,,1438,11,,,0
19001709,'1176400',1047,,1439,11,,,0
19001709,'1176416',1847,,1440,11,,,0
19001709,'1176419',847,,1441,11,,,0
19001709,'1176422',1447,,1442,11,,,0
19001709,'1176428',1617,,1443,11,,,0
19001709,'1176461',1717,,1444,11,,,0
19001709,'1176465',1947,,1445,11,,,0
19001709,'1176466',2247,,1446,11,0,8 21,0
19001709,'1176481',1347,,1447,11,,,0
19001709,'1176493',617,,1448,11,,,0
19001709,'1176540',947,,1449,11,,,0
19001709,'1176561',1647,,1450,11,,,0
19001709,'1176587',747,,1451,11,,,0
19001709,'1176600',1247,,1452,11,,,0
19001709,'1176606',1247,,1453,11,,,0
19001709,'1176634',647,,1454,11,,,0
19001709,'1176635',817,,1455,11,,,0
19001709,'1176654',1817,,1456,11,0,8 21,0
19001709,'1176664',1147,,1457,11,,,0
19001709,'1176670',1747,,1458,11,,,0
19001709,'1176677',2247,,1459,11,0,8 21,0
