12009,'1175841',1033,,1252,17,0,18 7,0
12009,'1175914',1433,,1254,17,0,18 7,0
12009,'1176038',1133,,1255,17,0,18 7,0
12009,'1176142',1233,,1256,17,0,18 7,0
12009,'1176291',1333,,1260,17,0,18 7,0
12009,'1176342',1533,,1261,17,0,18 7,0
12009,'1176399',1733,,1262,17,0,18 7,0
12009,'1176575',933,,1268,17,0,18 7,0
12009,'1176589',1633,,1269,17,0,18 7,0
19001309,'1142849',1822,,1152,17,0,8 21,0
19001309,'1175725',652,,1374,17,,,0
19001309,'1175746',1252,,1375,17,,,0
19001309,'1175750',2152,,1376,17,,,0
19001309,'1175772',2052,,1378,17,,,0
19001309,'1175824',1952,,1379,17,,,0
19001309,'1175844',652,,1380,17,,,0
19001309,'1175930',1752,,1381,17,,,0
19001309,'1175941',1452,,1382,17,,,0
19001309,'1175974',1622,,1383,17,,,0
19001309,'1176027',1152,,1384,17,,,0
19001309,'1176051',1322,,1385,17,,,0
19001309,'1176056',1522,,1386,17,,,0
19001309,'1176072',852,,1387,17,,,0
19001309,'1176088',822,,1388,17,,,0
19001309,'1176113',952,,1389,17,,,0
19001309,'1176123',1452,,1390,17,,,0
19001309,'1176150',1652,,1391,17,,,0
19001309,'1176155',1722,,1392,17,,,0
19001309,'1176191',1852,,1393,17,,,0
19001309,'1176203',1952,,1394,17,,,0
19001309,'1176205',752,,1395,17,,,0
19001309,'1176216',722,,1396,17,,,0
19001309,'1176219',1552,,1397,17,,,0
19001309,'1176231',1252,,1398,17,,,0
19001309,'1176237',1152,,1399,17,,,0
19001309,'1176251',852,,1400,17,,,0
19001309,'1176267',1852,,1401,17,,,0
19001309,'1176327',2152,,1403,17,,,0
19001309,'1176330',1052,,1404,17,,,0
19001309,'1176347',1352,,1405,17,,,0
19001309,'1176350',1352,,1406,17,,,0
19001309,'1176372',922,,1407,17,,,0
19001309,'1176377',2052,,1408,17,,,0
19001309,'1176385',952,,1409,17,,,0
19001309,'1176484',1552,,1410,17,,,0
19001309,'1176487',1222,,1411,17,,,0
19001309,'1176502',1422,,1412,17,,,0
19001309,'1176565',1052,,1413,17,,,0
19001309,'1176609',1652,,1414,17,,,0
19001309,'1176622',1752,,1415,17,,,0
19001309,'1176667',752,,1416,17,,,0
19001309,'1176691',1122,,1417,17,,,0
19001309,'1176694',1022,,1418,17,,,0
