12009,'1175904',1321,,1253,7,,,0
12009,'1176180',1021,,1257,7,,,0
12009,'1176258',1721,,1258,7,,,0
12009,'1176284',1421,,1259,7,,,0
12009,'1176435',1121,,1263,7,,,0
12009,'1176479',1521,,1264,7,,,0
12009,'1176508',1621,,1265,7,,,0
12009,'1176541',921,,1266,7,,,0
12009,'1176548',1221,,1267,7,,,0
19001709,'1175723',845,,1419,7,,,0
19001709,'1175748',915,,1420,7,,,0
19001709,'1175763',1045,,1421,7,,,0
19001709,'1175781',945,,1422,7,,,0
19001709,'1175795',715,,1423,7,,,0
19001709,'1175819',2045,,1424,7,,,0
19001709,'1175858',1845,,1425,7,,,0
19001709,'1175872',2145,,1426,7,0,8 21,0
19001709,'1175912',1745,,1427,7,,,0
19001709,'1175946',2045,,1428,7,,,0
19001709,'1176002',1345,,1429,7,,,0
19001709,'1176024',2145,,1430,7,0,8 21,0
19001709,'1176147',1945,,1431,7,,,0
19001709,'1176151',1445,,1432,7,,,0
19001709,'1176162',1145,,1433,7,,,0
19001709,'1176204',1545,,1434,7,,,0
19001709,'1176288',745,,1435,7,,,0
19001709,'1176339',1645,,1436,7,,,0
19001709,'1176366',645,,1437,7,,,0
19001709,'1176369',1545,,1438,7,,,0
19001709,'1176400',1045,,1439,7,,,0
19001709,'1176416',1845,,1440,7,,,0
19001709,'1176419',845,,1441,7,,,0
19001709,'1176422',1445,,1442,7,,,0
19001709,'1176428',1615,,1443,7,,,0
19001709,'1176461',1715,,1444,7,,,0
19001709,'1176465',1945,,1445,7,,,0
19001709,'1176466',2245,,1446,7,0,8 21,0
19001709,'1176481',1345,,1447,7,,,0
19001709,'1176493',615,,1448,7,,,0
19001709,'1176540',945,,1449,7,,,0
19001709,'1176561',1645,,1450,7,,,0
19001709,'1176587',745,,1451,7,,,0
19001709,'1176600',1245,,1452,7,,,0
19001709,'1176606',1245,,1453,7,,,0
19001709,'1176634',645,,1454,7,,,0
19001709,'1176635',815,,1455,7,,,0
19001709,'1176654',1815,,1456,7,0,8 21,0
19001709,'1176664',1145,,1457,7,,,0
19001709,'1176670',1745,,1458,7,,,0
19001709,'1176677',2245,,1459,7,0,8 21,0
