11609,'1142131',1617,,692,17,,,0
11609,'1142167',947,,693,17,,,0
11609,'1142222',1247,,694,17,,,0
11609,'1142226',2047,,695,17,,,0
11609,'1142297',1247,,696,17,,,0
11609,'1142329',1047,,697,17,,,0
11609,'1142334',1817,,698,17,,,0
11609,'1142336',1747,,699,17,,,0
11609,'1142364',1747,,700,17,,,0
11609,'1142388',1347,,701,17,,,0
11609,'1142390',1147,,702,17,,,0
11609,'1142392',917,,703,17,,,0
11609,'1142399',2047,,704,17,,,0
11609,'1142441',2147,,705,17,,,0
11609,'1142450',1947,,706,17,,,0
11609,'1142454',1547,,707,17,,,0
11609,'1142465',717,,708,17,,,0
11609,'1142475',847,,709,17,,,0
11609,'1142493',1647,,710,17,,,0
11609,'1142497',1547,,711,17,,,0
11609,'1142504',1847,,712,17,,,0
11609,'1142519',647,,713,17,,,0
11609,'1142524',1347,,714,17,,,0
11609,'1142530',1147,,715,17,,,0
11609,'1142561',747,,716,17,,,0
11609,'1142586',1447,,717,17,,,0
11609,'1142593',1947,,718,17,,,0
11609,'1142599',1847,,719,17,,,0
11609,'1142608',1447,,720,17,,,0
11609,'1142624',747,,721,17,,,0
11609,'1142649',1047,,722,17,,,0
11609,'1142676',1647,,723,17,,,0
11609,'1142697',817,,724,17,,,0
11609,'1142702',947,,725,17,,,0
11609,'1142719',847,,726,17,,,0
11609,'1142857',1717,,727,17,,,0
11609,'1142878',2147,,728,17,,,0
16009,'1175738',1739,,1279,18,0,16 17 11,0
16009,'1175765',939,,1280,18,0,16 17 11,0
16009,'1175829',1639,,1281,18,0,16 17 11,0
16009,'1176127',1439,,1287,18,0,16 17 11,0
16009,'1176157',1539,,1288,18,0,16 17 11,0
16009,'1176159',1339,,1289,18,0,16 17 11,0
16009,'1176183',1139,,1290,18,0,16 17 11,0
16009,'1176302',1239,,1292,18,0,16 17 11,0
16009,'1176523',1039,,1294,18,0,16 17 11,0
