13009,'1176096',1135,,1537,17,,,0
13009,'1176190',1535,,1540,17,,,0
13009,'1176224',1035,,1542,17,,,0
13009,'1176248',1735,,1543,17,,,0
13009,'1176271',1635,,1544,17,,,0
13009,'1176360',935,,1545,17,,,0
13009,'1176371',1235,,1546,17,,,0
13009,'1176623',1335,,1549,17,,,0
13009,'1176644',1435,,1550,17,,,0
14001209,'1175718',1626,,1789,17,,,0
14001209,'1175861',1856,,1790,17,,,0
14001209,'1175900',1726,,1791,17,,,0
14001209,'1175913',2256,,1792,17,0,8 21,0
14001209,'1175915',2056,,1793,17,,,0
14001209,'1175917',1426,,1794,17,,,0
14001209,'1175919',1956,,1795,17,,,0
14001209,'1175938',756,,1796,17,,,0
14001209,'1175939',1756,,1797,17,,,0
14001209,'1175983',2156,,1798,17,,,0
14001209,'1176007',1256,,1799,17,,,0
14001209,'1176012',1056,,1800,17,,,0
14001209,'1176069',856,,1801,17,,,0
14001209,'1176070',1156,,1802,17,,,0
14001209,'1176091',956,,1803,17,,,0
14001209,'1176103',956,,1805,17,,,0
14001209,'1176117',1156,,1806,17,,,0
14001209,'1176122',2256,,1807,17,0,8 21,0
14001209,'1176163',1856,,1808,17,,,0
14001209,'1176213',1056,,1809,17,,,0
14001209,'1176217',1556,,1810,17,,,0
14001209,'1176245',1756,,1811,17,,,0
14001209,'1176255',856,,1812,17,,,0
14001209,'1176275',1656,,1813,17,,,0
14001209,'1176323',1126,,1814,17,,,0
14001209,'1176336',1826,,1815,17,0,8 21,0
14001209,'1176343',1356,,1816,17,,,0
14001209,'1176354',1456,,1817,17,,,0
14001209,'1176378',1256,,1818,17,,,0
14001209,'1176401',726,,1819,17,,,0
14001209,'1176411',2056,,1820,17,,,0
14001209,'1176440',1456,,1821,17,,,0
14001209,'1176458',656,,1822,17,,,0
14001209,'1176470',1556,,1823,17,,,0
14001209,'1176472',1026,,1824,17,,,0
14001209,'1176483',1326,,1825,17,,,0
14001209,'1176488',1656,,1826,17,,,0
14001209,'1176515',1956,,1827,17,,,0
14001209,'1176526',926,,1828,17,,,0
14001209,'1176532',1226,,1829,17,,,0
14001209,'1176546',2156,,1830,17,,,0
14001209,'1176594',826,,1831,17,,,0
14001209,'1176599',1526,,1832,17,,,0
14001209,'1176626',756,,1833,17,,,0
14001209,'1176676',1356,,1834,17,,,0
