14001609,'1142224',1316,,1020,2,0,8 21,0
14001609,'1142239',1016,,1022,2,0,8 21,0
14001609,'1142308',1816,,1028,2,0,8 21,0
14001609,'1142473',1116,,1035,2,0,8 21,0
14001609,'1142717',1216,,1051,2,0,8 21,0
14001609,'1142803',916,,1054,2,0,8 21,0
14001609,'1142886',1416,,1060,2,0,8 21,0
14001609,'1175743',646,,1306,2,,,0
14001609,'1175762',746,,1307,2,,,0
14001609,'1175785',946,,1308,2,,,0
14001609,'1175815',716,,1309,2,,,0
14001609,'1175849',846,,1310,2,,,0
14001609,'1175881',846,,1311,2,,,0
14001609,'1175901',1246,,1313,2,,,0
14001609,'1175909',816,,1314,2,,,0
14001609,'1175926',1146,,1315,2,,,0
14001609,'1175981',1716,,1316,2,,,0
14001609,'1176005',2146,,1317,2,,,0
14001609,'1176019',1846,,1318,2,,,0
14001609,'1176030',1346,,1319,2,,,0
14001609,'1176078',1646,,1321,2,,,0
14001609,'1176081',1946,,1322,2,,,0
14001609,'1176129',1446,,1323,2,,,0
14001609,'1176134',2046,,1325,2,,,0
14001609,'1176154',2046,,1326,2,,,0
14001609,'1176172',1546,,1327,2,,,0
14001609,'1176186',1616,,1328,2,,,0
14001609,'1176192',2146,,1329,2,,,0
14001609,'1176206',1246,,1330,2,,,0
14001609,'1176260',1346,,1331,2,,,0
14001609,'1176285',1746,,1332,2,,,0
14001609,'1176332',1746,,1334,2,,,0
14001609,'1176457',1046,,1335,2,,,0
14001609,'1176506',1846,,1336,2,,,0
14001609,'1176531',1946,,1337,2,,,0
14001609,'1176542',1516,,1338,2,,,0
14001609,'1176555',1146,,1339,2,,,0
14001609,'1176566',1046,,1340,2,,,0
14001609,'1176590',946,,1341,2,,,0
14001609,'1176615',1446,,1342,2,,,0
14001609,'1176650',1546,,1343,2,,,0
14001609,'1176683',1646,,1344,2,,,0
14001609,'1176688',746,,1345,2,,,0
