11609,'1142131',1614,,692,11,,,0
11609,'1142167',944,,693,11,,,0
11609,'1142222',1244,,694,11,,,0
11609,'1142226',2044,,695,11,,,0
11609,'1142297',1244,,696,11,,,0
11609,'1142329',1044,,697,11,,,0
11609,'1142334',1814,,698,11,,,0
11609,'1142336',1744,,699,11,,,0
11609,'1142364',1744,,700,11,,,0
11609,'1142388',1344,,701,11,,,0
11609,'1142390',1144,,702,11,,,0
11609,'1142392',914,,703,11,,,0
11609,'1142399',2044,,704,11,,,0
11609,'1142441',2144,,705,11,,,0
11609,'1142450',1944,,706,11,,,0
11609,'1142454',1544,,707,11,,,0
11609,'1142465',714,,708,11,,,0
11609,'1142475',844,,709,11,,,0
11609,'1142493',1644,,710,11,,,0
11609,'1142497',1544,,711,11,,,0
11609,'1142504',1844,,712,11,,,0
11609,'1142519',644,,713,11,,,0
11609,'1142524',1344,,714,11,,,0
11609,'1142530',1144,,715,11,,,0
11609,'1142561',744,,716,11,,,0
11609,'1142586',1444,,717,11,,,0
11609,'1142593',1944,,718,11,,,0
11609,'1142599',1844,,719,11,,,0
11609,'1142608',1444,,720,11,,,0
11609,'1142624',744,,721,11,,,0
11609,'1142649',1044,,722,11,,,0
11609,'1142676',1644,,723,11,,,0
11609,'1142697',814,,724,11,,,0
11609,'1142702',944,,725,11,,,0
11609,'1142719',844,,726,11,,,0
11609,'1142857',1714,,727,11,,,0
11609,'1142878',2144,,728,11,,,0
16009,'1175738',1736,,1279,11,0,16 17 11,0
16009,'1175765',936,,1280,11,0,16 17 11,0
16009,'1175829',1636,,1281,11,0,16 17 11,0
16009,'1176127',1436,,1287,11,0,16 17 11,0
16009,'1176157',1536,,1288,11,0,16 17 11,0
16009,'1176159',1336,,1289,11,0,16 17 11,0
16009,'1176183',1136,,1290,11,0,16 17 11,0
16009,'1176302',1236,,1292,11,0,16 17 11,0
16009,'1176523',1036,,1294,11,0,16 17 11,0
