14001009,'1083711',1750,,202,16,,,0
14001009,'1083714',1950,,203,16,,,0
14001009,'1083727',1950,,204,16,,,0
14001009,'1083739',1020,,205,16,0,8 9,0
14001009,'1083743',2150,,206,16,,,0
14001009,'1083763',2050,,207,16,,,0
14001009,'1083809',1820,,209,16,0,8 9,0
14001009,'1083841',1350,,210,16,,,0
14001009,'1083897',1850,,212,16,,,0
14001009,'1083901',1650,,213,16,,,0
14001009,'1083953',1550,,215,16,,,0
14001009,'1083971',1220,,216,16,0,8 9,0
14001009,'1083977',1420,,217,16,0,8 9,0
14001009,'1084005',1850,,218,16,,,0
14001009,'1084014',1050,,219,16,,,0
14001009,'1084040',1650,,221,16,,,0
14001009,'1084045',1250,,222,16,,,0
14001009,'1084052',2050,,224,16,,,0
14001009,'1084056',850,,225,16,,,0
14001009,'1084072',1050,,226,16,,,0
14001009,'1084104',1250,,228,16,,,0
14001009,'1084118',1320,,229,16,0,8 9,0
14001009,'1084126',1620,,230,16,,,0
14001009,'1084128',820,,231,16,,,0
14001009,'1084133',750,,233,16,,,0
14001009,'1084154',2150,,234,16,,,0
14001009,'1084167',1750,,235,16,,,0
14001009,'1084176',850,,236,16,,,0
14001009,'1084187',1550,,237,16,,,0
14001009,'1084190',2250,,238,16,0,8 9,0
14001009,'1084219',750,,239,16,,,0
14001009,'1084221',1350,,240,16,,,0
14001009,'1084288',1520,,241,16,0,8 9,0
14001009,'1084291',1120,,242,16,0,8 9,0
14001009,'1084349',720,,246,16,,,0
14001009,'1084363',1720,,247,16,,,0
14001009,'1142404',1450,,625,16,,,0
14001009,'1142405',920,,626,16,0,8 9,0
14001009,'1142495',950,,627,16,,,0
14001009,'1142534',1450,,628,16,,,0
14001009,'1142603',950,,629,16,,,0
14001009,'1142604',1150,,630,16,,,0
14001009,'1142640',2250,,631,16,0,8 9,0
14001009,'1142648',650,,632,16,,,0
14001009,'1142722',1150,,633,16,,,0
