20009,'1175726',1146,,1297,15,0,10 11,0
20009,'1175784',1546,,1298,15,0,10 11,0
20009,'1175818',1346,,1299,15,0,10 11,0
20009,'1175944',1746,,1300,15,0,10 11,0
20009,'1175945',1046,,1301,15,0,10 11,0
20009,'1176098',1446,,1302,15,0,10 11,0
20009,'1176169',1646,,1303,15,0,10 11,0
20009,'1176242',946,,1304,15,0,10 11,0
20009,'1176491',1246,,1305,15,0,10 11,0
14001609,'1142224',1330,,1020,17,0,8 21,0
14001609,'1142239',1030,,1022,17,0,8 21,0
14001609,'1142308',1830,,1028,17,0,8 21,0
14001609,'1142473',1130,,1035,17,0,8 21,0
14001609,'1142717',1230,,1051,17,0,8 21,0
14001609,'1142803',930,,1054,17,0,8 21,0
14001609,'1142886',1430,,1060,17,0,8 21,0
14001609,'1175743',700,,1306,17,,,0
14001609,'1175762',800,,1307,17,,,0
14001609,'1175785',1000,,1308,17,,,0
14001609,'1175815',730,,1309,17,,,0
14001609,'1175849',900,,1310,17,,,0
14001609,'1175881',900,,1311,17,,,0
14001609,'1175901',1300,,1313,17,,,0
14001609,'1175909',830,,1314,17,,,0
14001609,'1175926',1200,,1315,17,,,0
14001609,'1175981',1730,,1316,17,,,0
14001609,'1176005',2200,,1317,17,,,0
14001609,'1176019',1900,,1318,17,,,0
14001609,'1176030',1400,,1319,17,,,0
14001609,'1176078',1700,,1321,17,,,0
14001609,'1176081',2000,,1322,17,,,0
14001609,'1176129',1500,,1323,17,,,0
14001609,'1176134',2100,,1325,17,,,0
14001609,'1176154',2100,,1326,17,,,0
14001609,'1176172',1600,,1327,17,,,0
14001609,'1176186',1630,,1328,17,,,0
14001609,'1176192',2200,,1329,17,,,0
14001609,'1176206',1300,,1330,17,,,0
14001609,'1176260',1400,,1331,17,,,0
14001609,'1176285',1800,,1332,17,,,0
14001609,'1176332',1800,,1334,17,,,0
14001609,'1176457',1100,,1335,17,,,0
14001609,'1176506',1900,,1336,17,,,0
14001609,'1176531',2000,,1337,17,,,0
14001609,'1176542',1530,,1338,17,,,0
14001609,'1176555',1200,,1339,17,,,0
14001609,'1176566',1100,,1340,17,,,0
14001609,'1176590',1000,,1341,17,,,0
14001609,'1176615',1500,,1342,17,,,0
14001609,'1176650',1600,,1343,17,,,0
14001609,'1176683',1700,,1344,17,,,0
14001609,'1176688',800,,1345,17,,,0
