11009,'1175771',1438,,1461,10,,,0
11009,'1175802',1738,,1462,10,,,0
11009,'1176133',1638,,1468,10,,,0
11009,'1176140',1038,,1469,10,,,0
11009,'1176188',1238,,1470,10,,,0
11009,'1176403',1138,,1472,10,,,0
11009,'1176448',938,,1473,10,,,0
11009,'1176583',1538,,1474,10,,,0
11009,'1176618',1338,,1475,10,,,0
16009,'1175714',1259,,1587,5,,,0
16009,'1176136',959,,1592,5,,,0
16009,'1176272',1359,,1595,5,,,0
16009,'1176282',859,,1596,5,,,0
16009,'1176290',1659,,1597,5,,,0
16009,'1176390',1159,,1598,5,,,0
16009,'1176528',1459,,1600,5,,,0
16009,'1176535',1559,,1601,5,,,0
16009,'1176682',1059,,1604,5,,,0
21609,'1175813',1919,,1624,5,,,0
21609,'1175831',719,,1625,5,,,0
21609,'1175857',1649,,1626,5,,,0
21609,'1175869',1719,,1627,5,,,0
21609,'1175916',1549,,1628,5,,,0
21609,'1175929',1319,,1629,5,,,0
21609,'1175966',1719,,1630,5,,,0
21609,'1175997',2119,,1631,5,,,0
21609,'1175998',919,,1632,5,,,0
21609,'1176028',1019,,1633,5,,,0
21609,'1176037',1819,,1634,5,,,0
21609,'1176041',1819,,1635,5,,,0
21609,'1176046',719,,1636,5,,,0
21609,'1176054',1619,,1637,5,,,0
21609,'1176067',649,,1638,5,,,0
21609,'1176111',1119,,1639,5,,,0
21609,'1176200',1419,,1640,5,,,0
21609,'1176207',2119,,1641,5,,,0
21609,'1176218',1119,,1642,5,,,0
21609,'1176289',1019,,1643,5,,,0
21609,'1176352',1219,,1644,5,,,0
21609,'1176395',1919,,1645,5,,,0
21609,'1176414',2019,,1646,5,,,0
21609,'1176430',1749,,1647,5,,,0
21609,'1176454',1619,,1648,5,,,0
21609,'1176460',819,,1649,5,,,0
21609,'1176467',1519,,1650,5,,,0
21609,'1176534',619,,1651,5,,,0
21609,'1176553',1219,,1652,5,,,0
21609,'1176576',919,,1653,5,,,0
21609,'1176651',819,,1654,5,,,0
21609,'1176656',1519,,1655,5,,,0
21609,'1176659',1419,,1656,5,,,0
21609,'1176663',1319,,1657,5,,,0
21609,'1176665',849,,1658,5,,,0
21609,'1176686',2019,,1659,5,,,0
21609,'1176690',749,,1660,5,,,0
14001009,'1175755',848,,1743,12,,,0
14001009,'1175787',1748,,1744,12,,,0
14001009,'1175798',1748,,1745,12,,,0
14001009,'1175806',1118,,1746,12,0,8 21,0
14001009,'1175825',1548,,1748,12,,,0
14001009,'1175826',1248,,1749,12,,,0
14001009,'1175836',1718,,1750,12,,,0
14001009,'1175840',1948,,1751,12,,,0
14001009,'1175865',1018,,1752,12,0,8 21,0
14001009,'1175890',1948,,1753,12,,,0
14001009,'1175905',2048,,1754,12,,,0
14001009,'1175937',1348,,1755,12,,,0
14001009,'1175943',1648,,1756,12,,,0
14001009,'1175962',2248,,1757,12,0,8 21,0
14001009,'1175995',1048,,1758,12,,,0
14001009,'1176008',718,,1759,12,,,0
14001009,'1176017',748,,1760,12,,,0
14001009,'1176075',1648,,1761,12,,,0
14001009,'1176104',2148,,1762,12,,,0
14001009,'1176141',1248,,1763,12,,,0
14001009,'1176158',1448,,1764,12,,,0
14001009,'1176181',918,,1765,12,0,8 21,0
14001009,'1176198',948,,1766,12,,,0
14001009,'1176208',2148,,1767,12,,,0
14001009,'1176215',1848,,1768,12,,,0
14001009,'1176225',1318,,1769,12,0,8 21,0
14001009,'1176249',1048,,1770,12,,,0
14001009,'1176269',2048,,1771,12,,,0
14001009,'1176278',2248,,1772,12,0,8 21,0
14001009,'1176300',1518,,1773,12,0,8 21,0
14001009,'1176311',948,,1774,12,,,0
14001009,'1176346',818,,1775,12,,,0
14001009,'1176365',848,,1776,12,,,0
14001009,'1176376',1548,,1777,12,,,0
14001009,'1176382',1148,,1778,12,,,0
14001009,'1176449',648,,1779,12,,,0
14001009,'1176452',1218,,1780,12,0,8 21,0
14001009,'1176545',748,,1781,12,,,0
14001009,'1176551',1348,,1782,12,,,0
14001009,'1176579',1618,,1783,12,,,0
14001009,'1176580',1148,,1784,12,,,0
14001009,'1176607',1848,,1785,12,,,0
14001009,'1176612',1818,,1786,12,0,8 21,0
14001009,'1176628',1418,,1787,12,0,8 21,0
14001009,'1176653',1448,,1788,12,,,0
