12009,'1175841',1045,,1252,24,0,18 7,0
12009,'1175914',1445,,1254,24,0,18 7,0
12009,'1176038',1145,,1255,24,0,18 7,0
12009,'1176142',1245,,1256,24,0,18 7,0
12009,'1176291',1345,,1260,24,0,18 7,0
12009,'1176342',1545,,1261,24,0,18 7,0
12009,'1176399',1758,,1262,24,0,18 7,0
12009,'1176575',945,,1268,24,0,18 7,0
12009,'1176589',1645,,1269,24,0,18 7,0
14009,'1142164',1144,,765,28,0,5 6 7,0
14009,'1142187',1444,,767,28,0,5 6 7,0
14009,'1142323',1644,,768,28,0,5 6 7,0
14009,'1142325',1757,,769,28,0,5 6 7,0
14009,'1142341',1244,,770,28,0,5 6 7,0
14009,'1142386',944,,773,28,0,5 6 7,0
14009,'1142559',1544,,776,28,0,5 6 7,0
14009,'1142645',1344,,778,28,0,5 6 7,0
14009,'1142708',1044,,780,28,0,5 6 7,0
20009,'1175726',1208,,1297,23,0,10 11,0
20009,'1175784',1608,,1298,23,0,10 11,0
20009,'1175818',1408,,1299,23,0,10 11,0
20009,'1175944',1800,,1300,23,0,10 11,0
20009,'1175945',1108,,1301,23,0,10 11,0
20009,'1176098',1508,,1302,23,0,10 11,0
20009,'1176169',1708,,1303,23,0,10 11,0
20009,'1176242',1008,,1304,23,0,10 11,0
20009,'1176491',1308,,1305,23,0,10 11,0
14001009,'1142143',1419,,875,38,,,0
14001009,'1142178',719,,876,38,,,0
14001009,'1142189',919,,877,38,,,0
14001009,'1142190',749,,878,38,,,0
14001009,'1142194',1519,,879,38,,,0
14001009,'1142216',1019,,880,38,,,0
14001009,'1142231',849,,881,38,,,0
14001009,'1142237',1419,,882,38,,,0
14001009,'1142279',1719,,883,38,,,0
14001009,'1142282',1319,,884,38,,,0
14001009,'1142286',919,,885,38,,,0
14001009,'1142290',2019,,886,38,,,0
14001009,'1142344',2119,,888,38,,,0
14001009,'1142360',1219,,889,38,,,0
14001009,'1142375',1119,,891,38,,,0
14001009,'1142459',1019,,894,38,,,0
14001009,'1142462',1619,,896,38,,,0
14001009,'1142479',1919,,897,38,,,0
14001009,'1142483',1519,,898,38,,,0
14001009,'1142508',1919,,900,38,,,0
14001009,'1142510',1619,,901,38,,,0
14001009,'1142538',1119,,903,38,,,0
14001009,'1142580',1819,,905,38,,,0
14001009,'1142619',2119,,906,38,,,0
14001009,'1142660',1649,,908,38,,,0
14001009,'1142682',819,,909,38,,,0
14001009,'1142715',2019,,910,38,,,0
14001009,'1142724',719,,911,5,,,0
14001009,'1142781',2219,,912,38,,,0
14001009,'1142787',1819,,913,38,,,0
14001009,'1142811',1219,,915,38,,,0
14001009,'1142812',1749,,916,38,,,0
14001009,'1142840',819,,917,38,,,0
14001009,'1142842',2219,,918,38,,,0
14001009,'1142843',1319,,919,38,,,0
14001009,'1142861',1719,,920,38,,,0
14001609,'1175743',719,,1306,25,,,0
14001609,'1175762',819,,1307,25,,,0
14001609,'1175785',1019,,1308,25,,,0
14001609,'1175815',749,,1309,25,,,0
14001609,'1175849',919,,1310,25,,,0
14001609,'1175881',919,,1311,25,,,0
14001609,'1175882',719,,1312,5,,,0
14001609,'1175901',1319,,1313,25,,,0
14001609,'1175909',849,,1314,25,,,0
14001609,'1175926',1219,,1315,25,,,0
14001609,'1175981',1749,,1316,25,,,0
14001609,'1176005',2219,,1317,25,,,0
14001609,'1176019',1919,,1318,25,,,0
14001609,'1176030',1419,,1319,25,,,0
14001609,'1176078',1719,,1321,25,,,0
14001609,'1176081',2019,,1322,25,,,0
14001609,'1176129',1519,,1323,25,,,0
14001609,'1176134',2119,,1325,25,,,0
14001609,'1176154',2119,,1326,25,,,0
14001609,'1176172',1619,,1327,25,,,0
14001609,'1176186',1649,,1328,25,,,0
14001609,'1176192',2219,,1329,25,,,0
14001609,'1176206',1319,,1330,25,,,0
14001609,'1176260',1419,,1331,25,,,0
14001609,'1176285',1819,,1332,25,,,0
14001609,'1176332',1819,,1334,25,,,0
14001609,'1176457',1119,,1335,25,,,0
14001609,'1176506',1919,,1336,25,,,0
14001609,'1176531',2019,,1337,25,,,0
14001609,'1176542',1549,,1338,25,,,0
14001609,'1176555',1219,,1339,25,,,0
14001609,'1176566',1119,,1340,25,,,0
14001609,'1176590',1019,,1341,25,,,0
14001609,'1176615',1519,,1342,25,,,0
14001609,'1176650',1619,,1343,25,,,0
14001609,'1176683',1719,,1344,25,,,0
14001609,'1176688',819,,1345,25,,,0
