13009,'1175768',1406,,1533,16,0,19 15,0
13009,'1175851',1206,,1534,16,0,19 15,0
13009,'1175875',1306,,1535,16,0,19 15,0
13009,'1175888',1106,,1536,16,0,19 15,0
13009,'1176171',1506,,1538,16,0,19 15,0
13009,'1176184',906,,1539,16,0,19 15,0
13009,'1176223',1606,,1541,16,0,19 15,0
13009,'1176463',1006,,1547,16,0,19 15,0
13009,'1176497',1706,,1548,16,0,19 15,0
19001309,'1175728',857,,1978,48,,,0
19001309,'1175734',1527,,1979,48,,,0
19001309,'1175770',2027,,1980,48,,,0
19001309,'1175816',1827,,1982,48,,,0
19001309,'1175833',1727,,1983,48,,,0
19001309,'1175860',1357,,1984,48,,,0
19001309,'1175862',1127,,1985,48,,,0
19001309,'1175891',1157,,1986,48,,,0
19001309,'1175892',957,,1987,48,,,0
19001309,'1175985',657,,1988,16,,,0
19001309,'1175994',927,,1989,48,,,0
19001309,'1176023',827,,1990,48,,,0
19001309,'1176034',1127,,1991,48,,,0
19001309,'1176044',1427,,1992,48,,,0
19001309,'1176064',1057,,1993,48,,,0
19001309,'1176125',1727,,1994,48,,,0
19001309,'1176139',1227,,1995,48,,,0
19001309,'1176167',2227,,1996,48,,,0
19001309,'1176182',1327,,1997,48,,,0
19001309,'1176185',757,,1998,48,,,0
19001309,'1176187',1327,,1999,48,,,0
19001309,'1176196',1227,,2000,48,,,0
19001309,'1176261',1027,,2001,48,,,0
19001309,'1176277',2127,,2002,48,,,0
19001309,'1176318',1427,,2003,48,,,0
19001309,'1176331',2027,,2004,48,,,0
19001309,'1176338',1927,,2005,48,,,0
19001309,'1176348',1557,,2006,48,,,0
19001309,'1176367',1627,,2007,48,,,0
19001309,'1176387',2227,,2008,48,,,0
19001309,'1176389',827,,2009,48,,,0
19001309,'1176392',727,,2010,48,,,0
19001309,'1176394',1627,,2011,48,,,0
19001309,'1176446',1827,,2012,48,,,0
19001309,'1176462',2127,,2013,48,,,0
19001309,'1176473',1927,,2014,48,,,0
19001309,'1176527',1027,,2015,48,,,0
19001309,'1176539',1657,,2016,48,,,0
19001309,'1176543',1457,,2017,48,,,0
19001309,'1176550',627,,2018,16,,,0
19001309,'1176567',927,,2019,48,,,0
19001309,'1176597',1527,,2020,48,,,0
19001309,'1176614',1257,,2021,48,,,0
19001309,'1176638',1757,,2022,48,,,0
19001309,'1176660',727,,2023,48,,,0
