16009,'1175714',1258,,1587,4,,,0
16009,'1176136',958,,1592,4,,,0
16009,'1176272',1358,,1595,4,,,0
16009,'1176282',858,,1596,4,,,0
16009,'1176290',1658,,1597,4,,,0
16009,'1176390',1158,,1598,4,,,0
16009,'1176528',1458,,1600,4,,,0
16009,'1176535',1558,,1601,4,,,0
16009,'1176682',1058,,1604,4,,,0
21609,'1175813',1918,,1624,4,,,0
21609,'1175831',718,,1625,4,,,0
21609,'1175857',1648,,1626,4,,,0
21609,'1175869',1718,,1627,4,,,0
21609,'1175916',1548,,1628,4,,,0
21609,'1175929',1318,,1629,4,,,0
21609,'1175966',1718,,1630,4,,,0
21609,'1175997',2118,,1631,4,,,0
21609,'1175998',918,,1632,4,,,0
21609,'1176028',1018,,1633,4,,,0
21609,'1176037',1818,,1634,4,,,0
21609,'1176041',1818,,1635,4,,,0
21609,'1176046',718,,1636,4,,,0
21609,'1176054',1618,,1637,4,,,0
21609,'1176067',648,,1638,4,,,0
21609,'1176111',1118,,1639,4,,,0
21609,'1176200',1418,,1640,4,,,0
21609,'1176207',2118,,1641,4,,,0
21609,'1176218',1118,,1642,4,,,0
21609,'1176289',1018,,1643,4,,,0
21609,'1176352',1218,,1644,4,,,0
21609,'1176395',1918,,1645,4,,,0
21609,'1176414',2018,,1646,4,,,0
21609,'1176430',1748,,1647,4,,,0
21609,'1176454',1618,,1648,4,,,0
21609,'1176460',818,,1649,4,,,0
21609,'1176467',1518,,1650,4,,,0
21609,'1176534',618,,1651,4,,,0
21609,'1176553',1218,,1652,4,,,0
21609,'1176576',918,,1653,4,,,0
21609,'1176651',818,,1654,4,,,0
21609,'1176656',1518,,1655,4,,,0
21609,'1176659',1418,,1656,4,,,0
21609,'1176663',1318,,1657,4,,,0
21609,'1176665',848,,1658,4,,,0
21609,'1176686',2018,,1659,4,,,0
21609,'1176690',748,,1660,4,,,0
