12009,'1175885',1808,,1519,41,0,18 7,0
12009,'1175923',1555,,1520,41,0,18 7,0
12009,'1175952',1355,,1521,41,0,18 7,0
12009,'1175971',1055,,1522,41,0,18 7,0
12009,'1176115',1155,,1524,41,0,18 7,0
12009,'1176305',1655,,1526,41,0,18 7,0
12009,'1176431',1455,,1528,41,0,18 7,0
12009,'1176538',955,,1530,41,0,18 7,0
12009,'1176625',1255,,1531,41,0,18 7,0
14001609,'1175722',1130,,1882,42,,,0
14001609,'1175752',730,,1883,42,,,0
14001609,'1175760',2030,,1884,42,,,0
14001609,'1175908',900,,1888,42,,,0
14001609,'1175922',1230,,1889,42,,,0
14001609,'1175936',830,,1890,42,,,0
14001609,'1175986',1430,,1892,42,,,0
14001609,'1175988',1330,,1893,42,,,0
14001609,'1175989',1830,,1894,42,,,0
14001609,'1176015',930,,1896,42,,,0
14001609,'1176168',1330,,1898,42,,,0
14001609,'1176170',1600,,1899,42,,,0
14001609,'1176241',2130,,1900,42,,,0
14001609,'1176247',800,,1901,42,,,0
14001609,'1176270',2230,,1902,42,,,0
14001609,'1176280',1630,,1903,42,,,0
14001609,'1176296',1530,,1904,42,,,0
14001609,'1176309',2230,,1905,42,,,0
14001609,'1176320',1830,,1906,42,,,0
14001609,'1176381',1030,,1908,42,,,0
14001609,'1176402',2030,,1909,42,,,0
14001609,'1176421',830,,1910,42,,,0
14001609,'1176486',1800,,1911,42,,,0
14001609,'1176492',1130,,1912,42,,,0
14001609,'1176495',1930,,1913,42,,,0
14001609,'1176500',1630,,1914,42,,,0
14001609,'1176504',1730,,1915,42,,,0
14001609,'1176510',1530,,1916,42,,,0
14001609,'1176518',1700,,1917,42,,,0
14001609,'1176524',1030,,1918,42,,,0
14001609,'1176533',930,,1919,42,,,0
14001609,'1176577',2130,,1921,42,,,0
14001609,'1176602',1430,,1924,42,,,0
14001609,'1176621',1930,,1926,42,,,0
14001609,'1176627',1730,,1927,42,,,0
14001609,'1176666',730,,1928,22,,,0
14001609,'1176671',1230,,1929,42,,,0
