14001609,'1142224',1317,,1020,3,0,8 21,0
14001609,'1142239',1017,,1022,3,0,8 21,0
14001609,'1142308',1817,,1028,3,0,8 21,0
14001609,'1142473',1117,,1035,3,0,8 21,0
14001609,'1142717',1217,,1051,3,0,8 21,0
14001609,'1142803',917,,1054,3,0,8 21,0
14001609,'1142886',1417,,1060,3,0,8 21,0
14001609,'1175743',647,,1306,3,,,0
14001609,'1175762',747,,1307,3,,,0
14001609,'1175785',947,,1308,3,,,0
14001609,'1175815',717,,1309,3,,,0
14001609,'1175849',847,,1310,3,,,0
14001609,'1175881',847,,1311,3,,,0
14001609,'1175901',1247,,1313,3,,,0
14001609,'1175909',817,,1314,3,,,0
14001609,'1175926',1147,,1315,3,,,0
14001609,'1175981',1717,,1316,3,,,0
14001609,'1176005',2147,,1317,3,,,0
14001609,'1176019',1847,,1318,3,,,0
14001609,'1176030',1347,,1319,3,,,0
14001609,'1176078',1647,,1321,3,,,0
14001609,'1176081',1947,,1322,3,,,0
14001609,'1176129',1447,,1323,3,,,0
14001609,'1176134',2047,,1325,3,,,0
14001609,'1176154',2047,,1326,3,,,0
14001609,'1176172',1547,,1327,3,,,0
14001609,'1176186',1617,,1328,3,,,0
14001609,'1176192',2147,,1329,3,,,0
14001609,'1176206',1247,,1330,3,,,0
14001609,'1176260',1347,,1331,3,,,0
14001609,'1176285',1747,,1332,3,,,0
14001609,'1176332',1747,,1334,3,,,0
14001609,'1176457',1047,,1335,3,,,0
14001609,'1176506',1847,,1336,3,,,0
14001609,'1176531',1947,,1337,3,,,0
14001609,'1176542',1517,,1338,3,,,0
14001609,'1176555',1147,,1339,3,,,0
14001609,'1176566',1047,,1340,3,,,0
14001609,'1176590',947,,1341,3,,,0
14001609,'1176615',1447,,1342,3,,,0
14001609,'1176650',1547,,1343,3,,,0
14001609,'1176683',1647,,1344,3,,,0
14001609,'1176688',747,,1345,3,,,0
