14001609,'1175743',725,,1306,36,,,0
14001609,'1175762',825,,1307,36,,,0
14001609,'1175785',1025,,1308,36,,,0
14001609,'1175815',755,,1309,36,,,0
14001609,'1175849',925,,1310,36,,,0
14001609,'1175881',925,,1311,36,,,0
14001609,'1175882',725,,1312,16,,,0
14001609,'1175901',1325,,1313,36,,,0
14001609,'1175909',855,,1314,36,,,0
14001609,'1175926',1225,,1315,36,,,0
14001609,'1175981',1755,,1316,36,,,0
14001609,'1176005',2225,,1317,36,,,0
14001609,'1176019',1925,,1318,36,,,0
14001609,'1176030',1425,,1319,36,,,0
14001609,'1176078',1725,,1321,36,,,0
14001609,'1176081',2025,,1322,36,,,0
14001609,'1176129',1525,,1323,36,,,0
14001609,'1176134',2125,,1325,36,,,0
14001609,'1176154',2125,,1326,36,,,0
14001609,'1176172',1625,,1327,36,,,0
14001609,'1176186',1655,,1328,36,,,0
14001609,'1176192',2225,,1329,36,,,0
14001609,'1176206',1325,,1330,36,,,0
14001609,'1176260',1425,,1331,36,,,0
14001609,'1176285',1825,,1332,36,,,0
14001609,'1176332',1825,,1334,36,,,0
14001609,'1176457',1125,,1335,36,,,0
14001609,'1176506',1925,,1336,36,,,0
14001609,'1176531',2025,,1337,36,,,0
14001609,'1176542',1555,,1338,36,,,0
14001609,'1176555',1225,,1339,36,,,0
14001609,'1176566',1125,,1340,36,,,0
14001609,'1176590',1025,,1341,36,,,0
14001609,'1176615',1525,,1342,36,,,0
14001609,'1176650',1625,,1343,36,,,0
14001609,'1176683',1725,,1344,36,,,0
14001609,'1176688',825,,1345,36,,,0
