12009,'1175841',1033,,1252,18,0,18 7,0
12009,'1175914',1433,,1254,18,0,18 7,0
12009,'1176038',1133,,1255,18,0,18 7,0
12009,'1176142',1233,,1256,18,0,18 7,0
12009,'1176291',1333,,1260,18,0,18 7,0
12009,'1176342',1533,,1261,18,0,18 7,0
12009,'1176399',1733,,1262,18,0,18 7,0
12009,'1176575',933,,1268,18,0,18 7,0
12009,'1176589',1633,,1269,18,0,18 7,0
19001309,'1142849',1823,,1152,18,0,8 21,0
19001309,'1175725',653,,1374,18,,,0
19001309,'1175746',1253,,1375,18,,,0
19001309,'1175750',2153,,1376,18,,,0
19001309,'1175772',2053,,1378,18,,,0
19001309,'1175824',1953,,1379,18,,,0
19001309,'1175844',653,,1380,18,,,0
19001309,'1175930',1753,,1381,18,,,0
19001309,'1175941',1453,,1382,18,,,0
19001309,'1175974',1623,,1383,18,,,0
19001309,'1176027',1153,,1384,18,,,0
19001309,'1176051',1323,,1385,18,,,0
19001309,'1176056',1523,,1386,18,,,0
19001309,'1176072',853,,1387,18,,,0
19001309,'1176088',823,,1388,18,,,0
19001309,'1176113',953,,1389,18,,,0
19001309,'1176123',1453,,1390,18,,,0
19001309,'1176150',1653,,1391,18,,,0
19001309,'1176155',1723,,1392,18,,,0
19001309,'1176191',1853,,1393,18,,,0
19001309,'1176203',1953,,1394,18,,,0
19001309,'1176205',753,,1395,18,,,0
19001309,'1176216',723,,1396,18,,,0
19001309,'1176219',1553,,1397,18,,,0
19001309,'1176231',1253,,1398,18,,,0
19001309,'1176237',1153,,1399,18,,,0
19001309,'1176251',853,,1400,18,,,0
19001309,'1176267',1853,,1401,18,,,0
19001309,'1176327',2153,,1403,18,,,0
19001309,'1176330',1053,,1404,18,,,0
19001309,'1176347',1353,,1405,18,,,0
19001309,'1176350',1353,,1406,18,,,0
19001309,'1176372',923,,1407,18,,,0
19001309,'1176377',2053,,1408,18,,,0
19001309,'1176385',953,,1409,18,,,0
19001309,'1176484',1553,,1410,18,,,0
19001309,'1176487',1223,,1411,18,,,0
19001309,'1176502',1423,,1412,18,,,0
19001309,'1176565',1053,,1413,18,,,0
19001309,'1176609',1653,,1414,18,,,0
19001309,'1176622',1753,,1415,18,,,0
19001309,'1176667',753,,1416,18,,,0
19001309,'1176691',1123,,1417,18,,,0
19001309,'1176694',1023,,1418,18,,,0
