14009,'1175812',1720,,1554,9,,,0
14009,'1175822',1020,,1555,9,,,0
14009,'1175823',1620,,1556,9,,,0
14009,'1175927',1320,,1558,9,,,0
14009,'1176135',920,,1559,9,,,0
14009,'1176326',1120,,1562,9,,,0
14009,'1176364',1420,,1563,9,,,0
14009,'1176520',1520,,1565,9,,,0
14009,'1176678',1220,,1568,9,,,0
19001109,'1175757',2149,,1930,9,,,0
19001109,'1175788',1749,,1931,9,,,0
19001109,'1175797',1349,,1932,9,,,0
19001109,'1175800',949,,1933,9,,,0
19001109,'1175846',1849,,1935,9,,,0
19001109,'1175866',1719,,1937,9,,,0
19001109,'1175873',1819,,1938,9,0,8 21,0
19001109,'1175889',1249,,1939,9,,,0
19001109,'1175976',2244,,1941,9,0,12,0
19001109,'1175990',1149,,1942,9,,,0
19001109,'1176026',1249,,1944,9,,,0
19001109,'1176086',949,,1946,9,,,0
19001109,'1176114',849,,1947,9,,,0
19001109,'1176152',719,,1948,9,,,0
19001109,'1176229',2149,,1949,9,,,0
19001109,'1176246',749,,1950,9,,,0
19001109,'1176315',649,,1951,9,,,0
19001109,'1176316',1149,,1952,9,,,0
19001109,'1176317',1649,,1953,9,,,0
19001109,'1176322',919,,1954,9,,,0
19001109,'1176337',1949,,1955,9,,,0
19001109,'1176344',1549,,1956,9,,,0
19001109,'1176353',1549,,1957,9,,,0
19001109,'1176386',649,,1958,9,,,0
19001109,'1176444',1849,,1961,9,,,0
19001109,'1176445',2049,,1962,9,,,0
19001109,'1176478',1749,,1963,9,,,0
19001109,'1176509',2244,,1964,9,0,12,0
19001109,'1176517',1449,,1965,9,,,0
19001109,'1176557',849,,1966,9,,,0
19001109,'1176559',1949,,1967,9,,,0
19001109,'1176563',819,,1968,9,,,0
19001109,'1176570',1449,,1969,9,,,0
19001109,'1176595',1649,,1972,9,,,0
19001109,'1176605',1049,,1973,9,,,0
19001109,'1176616',1049,,1974,9,,,0
19001109,'1176620',749,,1975,9,,,0
19001109,'1176668',2049,,1976,9,,,0
19001109,'1176674',1349,,1977,9,,,0
