19001109,'1142212',1253,,1065,14,,,0
19001109,'1142345',1153,,1078,14,,,0
19001109,'1142412',1353,,1081,14,,,0
19001109,'1142503',1353,,1086,14,,,0
19001109,'1142554',1453,,1091,14,,,0
19001109,'1142583',1053,,1094,14,,,0
19001109,'1142588',1153,,1095,14,,,0
19001109,'1142664',1453,,1098,14,,,0
19001109,'1142756',1553,,1101,14,,,0
19001109,'1142845',1053,,1106,14,,,0
19001109,'1142860',1253,,1107,14,,,0
19001109,'1142880',1553,,1108,14,,,0
19001109,'1175791',2053,,1347,14,,,0
19001109,'1175792',1853,,1348,14,,,0
19001109,'1175853',1853,,1349,14,,,0
19001109,'1175887',1723,,1350,14,,,0
19001109,'1175950',653,,1351,14,,,0
19001109,'1175987',753,,1352,14,,,0
19001109,'1175992',1753,,1353,14,,,0
19001109,'1176020',653,,1354,14,,,0
19001109,'1176179',1753,,1355,14,,,0
19001109,'1176193',1953,,1356,14,,,0
19001109,'1176227',2053,,1357,14,,,0
19001109,'1176244',1653,,1358,14,,,0
19001109,'1176256',823,,1359,14,,,0
19001109,'1176310',853,,1360,14,,,0
19001109,'1176359',1953,,1361,14,,,0
19001109,'1176409',2248,,1362,14,0,12,0
19001109,'1176413',923,,1363,14,,,0
19001109,'1176424',953,,1364,14,,,0
19001109,'1176436',953,,1365,14,,,0
19001109,'1176437',853,,1366,14,,,0
19001109,'1176447',2248,,1367,14,0,12,0
19001109,'1176477',1653,,1368,14,,,0
19001109,'1176498',723,,1369,14,,,0
19001109,'1176505',2153,,1370,14,,,0
19001109,'1176514',753,,1371,14,,,0
19001109,'1176571',2153,,1372,14,,,0
19001109,'1176619',1823,,1373,14,0,8 21,0
