14001209,'1083697',1749,,248,26,,,0
14001209,'1083724',849,,250,26,,,0
14001209,'1083738',2219,,251,26,,,0
14001209,'1083756',1219,,252,26,,,0
14001209,'1083770',1519,,253,26,,,0
14001209,'1083781',1519,,254,26,,,0
14001209,'1083804',1019,,255,26,,,0
14001209,'1083812',1549,,256,26,,,0
14001209,'1083825',1419,,257,26,,,0
14001209,'1083828',919,,258,26,,,0
14001209,'1083832',1819,,259,26,,,0
14001209,'1083836',1649,,260,26,,,0
14001209,'1083837',1719,,261,26,,,0
14001209,'1083842',1049,,262,26,,,0
14001209,'1083858',1919,,263,26,,,0
14001209,'1083876',1119,,264,26,,,0
14001209,'1083895',2219,,265,26,,,0
14001209,'1083906',1449,,266,26,,,0
14001209,'1083907',1219,,267,26,,,0
14001209,'1083916',2119,,268,26,,,0
14001209,'1083935',1419,,269,26,,,0
14001209,'1083976',1119,,270,26,,,0
14001209,'1083988',1319,,271,26,,,0
14001209,'1083993',1149,,272,26,,,0
14001209,'1084000',1019,,273,26,,,0
14001209,'1084037',1819,,275,26,,,0
14001209,'1084075',1349,,276,26,,,0
14001209,'1084089',2019,,278,26,,,0
14001209,'1084099',1919,,279,26,,,0
14001209,'1084198',1619,,281,26,,,0
14001209,'1084227',1249,,282,26,,,0
14001209,'1084231',949,,283,26,,,0
14001209,'1084254',819,,284,26,,,0
14001209,'1084265',749,,285,26,,,0
14001209,'1084270',2119,,286,26,,,0
14001209,'1084287',1719,,287,26,,,0
14001209,'1084309',719,,288,4,,,0
14001209,'1084310',1619,,289,26,,,0
14001209,'1084331',819,,290,26,,,0
14001209,'1084345',919,,291,26,,,0
14001209,'1084350',1319,,292,26,,,0
14001209,'1084370',2019,,293,26,,,0
14001209,'1142661',719,,634,26,,,0
