11009,'1142335',1537,,679,8,,,0
11009,'1142379',1037,,680,8,,,0
11009,'1142419',1437,,681,8,,,0
11009,'1142541',937,,682,8,,,0
11009,'1142671',1337,,686,8,,,0
11009,'1142693',1737,,687,8,,,0
11009,'1142705',1137,,688,8,,,0
11009,'1142723',1237,,689,8,,,0
11009,'1142862',1637,,691,8,,,0
14001009,'1142143',1347,,875,10,,,0
14001009,'1142178',647,,876,10,,,0
14001009,'1142189',847,,877,10,,,0
14001009,'1142190',717,,878,10,,,0
14001009,'1142194',1447,,879,10,,,0
14001009,'1142216',947,,880,10,,,0
14001009,'1142231',817,,881,10,,,0
14001009,'1142237',1347,,882,10,,,0
14001009,'1142279',1647,,883,10,,,0
14001009,'1142282',1247,,884,10,,,0
14001009,'1142286',847,,885,10,,,0
14001009,'1142290',1947,,886,10,,,0
14001009,'1142306',1017,,887,10,0,8 9,0
14001009,'1142344',2047,,888,10,,,0
14001009,'1142360',1147,,889,10,,,0
14001009,'1142369',2247,,890,10,0,8 9,0
14001009,'1142375',1047,,891,10,,,0
14001009,'1142407',1517,,892,10,0,8 9,0
14001009,'1142438',917,,893,10,0,8 9,0
14001009,'1142459',947,,894,10,,,0
14001009,'1142460',1117,,895,10,0,8 9,0
14001009,'1142462',1547,,896,10,,,0
14001009,'1142479',1847,,897,10,,,0
14001009,'1142483',1447,,898,10,,,0
14001009,'1142505',2247,,899,10,0,8 9,0
14001009,'1142508',1847,,900,10,,,0
14001009,'1142510',1547,,901,10,,,0
14001009,'1142517',1217,,902,10,0,8 9,0
14001009,'1142538',1047,,903,10,,,0
14001009,'1142556',1417,,904,10,0,8 9,0
14001009,'1142580',1747,,905,10,,,0
14001009,'1142619',2047,,906,10,,,0
14001009,'1142627',1817,,907,10,0,8 9,0
14001009,'1142660',1617,,908,10,,,0
14001009,'1142682',747,,909,10,,,0
14001009,'1142715',1947,,910,10,,,0
14001009,'1142781',2147,,912,10,,,0
14001009,'1142787',1747,,913,10,,,0
14001009,'1142798',1317,,914,10,0,8 9,0
14001009,'1142811',1147,,915,10,,,0
14001009,'1142812',1717,,916,10,,,0
14001009,'1142840',747,,917,10,,,0
14001009,'1142842',2147,,918,10,,,0
14001009,'1142843',1247,,919,10,,,0
14001009,'1142861',1647,,920,10,,,0
