14009,'1083726',1647,,92,20,,,0
14009,'1083733',1247,,93,20,,,0
14009,'1083894',947,,95,20,,,0
14009,'1083982',1447,,98,20,,,0
14009,'1084115',1547,,100,20,,,0
14009,'1084147',1147,,101,20,,,0
14009,'1084174',1047,,104,20,,,0
14009,'1084272',1800,,105,20,,,0
14009,'1084375',1347,,109,20,,,0
14001209,'1083697',1750,,248,30,,,0
14001209,'1083724',850,,250,30,,,0
14001209,'1083738',2220,,251,30,,,0
14001209,'1083756',1220,,252,30,,,0
14001209,'1083770',1520,,253,30,,,0
14001209,'1083781',1520,,254,30,,,0
14001209,'1083804',1020,,255,30,,,0
14001209,'1083812',1550,,256,30,,,0
14001209,'1083825',1420,,257,30,,,0
14001209,'1083828',920,,258,30,,,0
14001209,'1083832',1820,,259,30,,,0
14001209,'1083836',1650,,260,30,,,0
14001209,'1083837',1720,,261,30,,,0
14001209,'1083842',1050,,262,30,,,0
14001209,'1083858',1920,,263,30,,,0
14001209,'1083876',1120,,264,30,,,0
14001209,'1083895',2220,,265,30,,,0
14001209,'1083906',1450,,266,30,,,0
14001209,'1083907',1220,,267,30,,,0
14001209,'1083916',2120,,268,30,,,0
14001209,'1083935',1420,,269,30,,,0
14001209,'1083976',1120,,270,30,,,0
14001209,'1083988',1320,,271,30,,,0
14001209,'1083993',1150,,272,30,,,0
14001209,'1084000',1020,,273,30,,,0
14001209,'1084037',1820,,275,30,,,0
14001209,'1084075',1350,,276,30,,,0
14001209,'1084086',720,,277,30,,,0
14001209,'1084089',2020,,278,30,,,0
14001209,'1084099',1920,,279,30,,,0
14001209,'1084198',1620,,281,30,,,0
14001209,'1084227',1250,,282,30,,,0
14001209,'1084231',950,,283,30,,,0
14001209,'1084254',820,,284,30,,,0
14001209,'1084265',750,,285,30,,,0
14001209,'1084270',2120,,286,30,,,0
14001209,'1084287',1720,,287,30,,,0
14001209,'1084309',720,,288,8,,,0
14001209,'1084310',1620,,289,30,,,0
14001209,'1084331',820,,290,30,,,0
14001209,'1084345',920,,291,30,,,0
14001209,'1084350',1320,,292,30,,,0
14001209,'1084370',2020,,293,30,,,0
