20009,'1175886',1510,,1606,22,,,0
20009,'1176006',1010,,1608,22,,,0
20009,'1176032',1310,,1609,22,,,0
20009,'1176110',1610,,1610,22,,,0
20009,'1176370',1210,,1614,22,,,0
20009,'1176412',1110,,1617,22,,,0
20009,'1176469',1410,,1619,22,,,0
20009,'1176512',1710,,1620,22,,,0
20009,'1176525',910,,1621,12,,,0
19001709,'1175717',1524,,2072,44,,,0
19001709,'1175742',1124,,2073,44,,,0
19001709,'1175751',1124,,2074,44,,,0
19001709,'1175777',1154,,2075,11,,,0
19001709,'1175789',724,,2076,44,,,0
19001709,'1175830',2024,,2077,44,,,0
19001709,'1175877',1224,,2078,44,,,0
19001709,'1175947',1724,,2079,44,,,0
19001709,'1175951',754,,2080,44,,,0
19001709,'1175978',824,,2081,44,,,0
19001709,'1176042',1724,,2082,44,,,0
19001709,'1176058',1524,,2084,44,,,0
19001709,'1176065',1624,,2085,44,,,0
19001709,'1176099',1424,,2086,44,,,0
19001709,'1176116',1554,,2087,11,,,0
19001709,'1176119',1824,,2088,44,,,0
19001709,'1176120',1924,,2089,44,,,0
19001709,'1176130',1324,,2091,44,,,0
19001709,'1176156',2024,,2092,44,,,0
19001709,'1176161',1424,,2093,44,,,0
19001709,'1176166',954,,2094,44,,,0
19001709,'1176201',924,,2095,44,,,0
19001709,'1176209',1354,,2096,11,,,0
19001709,'1176252',854,,2097,44,,,0
19001709,'1176264',1454,,2098,11,,,0
19001709,'1176273',1024,,2099,44,,,0
19001709,'1176297',1254,,2100,11,,,0
19001709,'1176303',1654,,2101,44,,,0
19001709,'1176312',1754,,2102,44,,,0
19001709,'1176349',1924,,2103,44,,,0
19001709,'1176380',1054,,2104,11,,,0
19001709,'1176415',824,,2105,44,,,0
19001709,'1176420',1224,,2106,44,,,0
19001709,'1176482',1324,,2108,44,,,0
19001709,'1176513',724,,2109,44,,,0
19001709,'1176547',624,,2110,11,,,0
19001709,'1176554',1824,,2111,44,,,0
19001709,'1176592',654,,2112,44,,,0
19001709,'1176601',1624,,2113,44,,,0
19001709,'1176617',2124,,2114,44,,,0
19001709,'1176629',1024,,2115,44,,,0
19001709,'1176637',924,,2116,44,,,0
19001709,'1176655',2124,,2118,44,,,0
