11009,'1142195',1558,,674,6,0,13 14 15,0
11009,'1142199',858,,675,6,0,13 14 15,0
11009,'1142242',1158,,676,6,0,13 14 15,0
11009,'1142268',1358,,677,6,0,13 14 15,0
11009,'1142289',958,,678,6,0,13 14 15,0
11009,'1142564',1258,,683,6,0,13 14 15,0
11009,'1142626',1658,,684,6,0,13 14 15,0
11009,'1142667',1058,,685,6,0,13 14 15,0
11009,'1142728',1458,,690,6,0,13 14 15,0
16009,'1175864',1400,,1282,8,,,0
16009,'1175957',1700,,1283,8,,,0
16009,'1175969',1100,,1284,8,,,0
16009,'1176053',1200,,1285,8,,,0
16009,'1176095',1600,,1286,8,,,0
16009,'1176194',1300,,1291,8,,,0
16009,'1176519',900,,1293,8,,,0
16009,'1176596',1500,,1295,8,,,0
16009,'1176648',1000,,1296,8,,,0
21609,'1142134',850,,838,8,,,0
21609,'1142173',1420,,839,8,,,0
21609,'1142220',1220,,840,8,,,0
21609,'1142255',1620,,841,8,,,0
21609,'1142260',620,,842,8,,,0
21609,'1142266',1320,,843,8,,,0
21609,'1142277',1720,,844,8,,,0
21609,'1142281',820,,845,8,,,0
21609,'1142305',1120,,846,8,,,0
21609,'1142347',2120,,847,8,,,0
21609,'1142348',1020,,848,8,,,0
21609,'1142363',1120,,849,8,,,0
21609,'1142398',720,,850,8,,,0
21609,'1142432',820,,851,8,,,0
21609,'1142489',650,,852,8,,,0
21609,'1142528',2120,,853,8,,,0
21609,'1142549',2020,,854,8,,,0
21609,'1142551',1020,,855,8,,,0
21609,'1142557',1420,,856,8,,,0
21609,'1142574',1320,,857,8,,,0
21609,'1142584',1550,,858,8,,,0
21609,'1142623',1220,,859,8,,,0
21609,'1142647',1520,,860,8,,,0
21609,'1142662',2020,,861,8,,,0
21609,'1142678',920,,862,8,,,0
21609,'1142730',1620,,863,8,,,0
21609,'1142732',920,,864,8,,,0
21609,'1142740',750,,865,8,,,0
21609,'1142753',720,,866,8,,,0
21609,'1142754',1650,,867,8,,,0
21609,'1142762',1920,,868,8,,,0
21609,'1142784',1920,,869,8,,,0
21609,'1142801',1750,,870,8,,,0
21609,'1142822',1520,,871,8,,,0
21609,'1142856',1720,,872,8,,,0
21609,'1142867',1820,,873,8,,,0
21609,'1142890',1820,,874,8,,,0
19001109,'1142212',1318,,1065,30,,,0
19001109,'1142241',1648,,1066,6,,,0
19001109,'1142263',618,,1072,9,,,0
19001109,'1142345',1218,,1078,30,,,0
19001109,'1142412',1418,,1081,30,,,0
19001109,'1142429',648,,1082,6,,,0
19001109,'1142436',1148,,1083,6,,,0
19001109,'1142503',1418,,1086,30,,,0
19001109,'1142533',1248,,1088,6,,,0
19001109,'1142554',1518,,1091,30,,,0
19001109,'1142579',1548,,1092,6,,,0
19001109,'1142582',1348,,1093,6,,,0
19001109,'1142583',1118,,1094,30,,,0
19001109,'1142588',1218,,1095,30,,,0
19001109,'1142606',1048,,1096,6,,,0
19001109,'1142664',1518,,1098,30,,,0
19001109,'1142729',1448,,1100,6,,,0
19001109,'1142756',1618,,1101,30,,,0
19001109,'1142845',1118,,1106,30,,,0
19001109,'1142860',1318,,1107,30,,,0
19001109,'1142880',1618,,1108,30,,,0
19001109,'1175791',2118,,1347,30,,,0
19001109,'1175792',1918,,1348,30,,,0
19001109,'1175853',1918,,1349,30,,,0
19001109,'1175887',1748,,1350,30,,,0
19001109,'1175950',718,,1351,30,,,0
19001109,'1175987',818,,1352,30,,,0
19001109,'1175992',1818,,1353,30,,,0
19001109,'1176020',718,,1354,30,,,0
19001109,'1176179',1818,,1355,30,,,0
19001109,'1176193',2018,,1356,30,,,0
19001109,'1176227',2118,,1357,30,,,0
19001109,'1176244',1718,,1358,30,,,0
19001109,'1176256',848,,1359,30,,,0
19001109,'1176310',918,,1360,30,,,0
19001109,'1176359',2018,,1361,30,,,0
19001109,'1176413',948,,1363,30,,,0
19001109,'1176424',1018,,1364,30,,,0
19001109,'1176436',1018,,1365,30,,,0
19001109,'1176437',918,,1366,30,,,0
19001109,'1176477',1718,,1368,30,,,0
19001109,'1176498',748,,1369,30,,,0
19001109,'1176505',2218,,1370,30,,,0
19001109,'1176514',818,,1371,30,,,0
19001109,'1176571',2218,,1372,30,,,0
