13009,'1175768',1402,,1533,11,0,19 15,0
13009,'1175851',1202,,1534,11,0,19 15,0
13009,'1175875',1302,,1535,11,0,19 15,0
13009,'1175888',1102,,1536,11,0,19 15,0
13009,'1176171',1502,,1538,11,0,19 15,0
13009,'1176184',902,,1539,11,0,19 15,0
13009,'1176223',1602,,1541,11,0,19 15,0
13009,'1176463',1002,,1547,11,0,19 15,0
13009,'1176497',1702,,1548,11,0,19 15,0
19001309,'1175728',853,,1978,43,,,0
19001309,'1175734',1523,,1979,43,,,0
19001309,'1175770',2023,,1980,43,,,0
19001309,'1175816',1823,,1982,43,,,0
19001309,'1175833',1723,,1983,43,,,0
19001309,'1175860',1353,,1984,43,,,0
19001309,'1175862',1123,,1985,43,,,0
19001309,'1175891',1153,,1986,43,,,0
19001309,'1175892',953,,1987,43,,,0
19001309,'1175985',653,,1988,11,,,0
19001309,'1175994',923,,1989,43,,,0
19001309,'1176023',823,,1990,43,,,0
19001309,'1176034',1123,,1991,43,,,0
19001309,'1176044',1423,,1992,43,,,0
19001309,'1176064',1053,,1993,43,,,0
19001309,'1176125',1723,,1994,43,,,0
19001309,'1176139',1223,,1995,43,,,0
19001309,'1176167',2223,,1996,43,,,0
19001309,'1176182',1323,,1997,43,,,0
19001309,'1176185',753,,1998,43,,,0
19001309,'1176187',1323,,1999,43,,,0
19001309,'1176196',1223,,2000,43,,,0
19001309,'1176261',1023,,2001,43,,,0
19001309,'1176277',2123,,2002,43,,,0
19001309,'1176318',1423,,2003,43,,,0
19001309,'1176331',2023,,2004,43,,,0
19001309,'1176338',1923,,2005,43,,,0
19001309,'1176348',1553,,2006,43,,,0
19001309,'1176367',1623,,2007,43,,,0
19001309,'1176387',2223,,2008,43,,,0
19001309,'1176389',823,,2009,43,,,0
19001309,'1176392',723,,2010,43,,,0
19001309,'1176394',1623,,2011,43,,,0
19001309,'1176446',1823,,2012,43,,,0
19001309,'1176462',2123,,2013,43,,,0
19001309,'1176473',1923,,2014,43,,,0
19001309,'1176527',1023,,2015,43,,,0
19001309,'1176539',1653,,2016,43,,,0
19001309,'1176543',1453,,2017,43,,,0
19001309,'1176550',623,,2018,11,,,0
19001309,'1176567',923,,2019,43,,,0
19001309,'1176597',1523,,2020,43,,,0
19001309,'1176614',1253,,2021,43,,,0
19001309,'1176638',1753,,2022,43,,,0
19001309,'1176660',723,,2023,43,,,0
