20009,'1083751',1109,,148,24,0,10 11,0
20009,'1083778',1609,,150,24,0,10 11,0
20009,'1083891',1009,,151,24,0,10 11,0
20009,'1083902',1801,,153,24,0,10 11,0
20009,'1084006',1209,,156,24,0,10 11,0
20009,'1084065',1509,,157,24,0,10 11,0
20009,'1084067',1709,,158,24,0,10 11,0
20009,'1084217',1409,,161,24,0,10 11,0
20009,'1084378',1309,,164,24,0,10 11,0
19001509,'1083702',1422,,487,12,,,0
19001509,'1083710',1552,,488,12,,,0
19001509,'1083729',1152,,489,12,,,0
19001509,'1083731',822,,490,12,,,0
19001509,'1083760',1952,,491,12,,,0
19001509,'1083772',752,,492,12,,,0
19001509,'1083789',1522,,493,12,,,0
19001509,'1083800',2052,,494,12,,,0
19001509,'1083805',1222,,495,12,,,0
19001509,'1083822',1322,,496,12,,,0
19001509,'1083829',1752,,497,12,,,0
19001509,'1083830',1352,,498,12,,,0
19001509,'1083852',2152,,499,12,0,12,0
19001509,'1083856',1852,,500,12,,,0
19001509,'1083862',1552,,501,12,,,0
19001509,'1083872',1052,,502,12,,,0
19001509,'1083875',2252,,503,12,0,12,0
19001509,'1083878',922,,504,12,,,0
19001509,'1083886',952,,505,12,,,0
19001509,'1083890',1152,,506,12,,,0
19001509,'1083898',1652,,507,12,,,0
19001509,'1083964',1722,,509,12,,,0
19001509,'1084023',652,,510,12,,,0
19001509,'1084031',652,,511,12,,,0
19001509,'1084038',1022,,512,12,,,0
19001509,'1084062',1752,,513,12,,,0
19001509,'1084080',1952,,514,12,,,0
19001509,'1084094',2052,,515,12,,,0
19001509,'1084116',1352,,516,12,,,0
19001509,'1084135',722,,517,12,,,0
19001509,'1084184',1252,,518,12,,,0
19001509,'1084188',1052,,519,12,,,0
19001509,'1084197',1852,,520,12,,,0
19001509,'1084202',1452,,521,12,,,0
19001509,'1084225',752,,522,12,,,0
19001509,'1084228',1452,,523,12,,,0
19001509,'1084234',1822,,524,12,0,12,0
19001509,'1084246',1122,,525,12,,,0
19001509,'1084266',852,,526,12,,,0
19001509,'1084275',2152,,527,12,0,12,0
19001509,'1084278',2252,,528,12,0,12,0
19001509,'1084332',1622,,530,12,,,0
19001509,'1084358',1652,,531,12,,,0
19001509,'1084364',852,,532,12,,,0
19001509,'1084377',952,,533,12,,,0
19001509,'1084382',1252,,534,12,,,0
