19001709,'1175723',854,,1419,22,,,0
19001709,'1175748',924,,1420,22,,,0
19001709,'1175763',1054,,1421,22,,,0
19001709,'1175781',954,,1422,22,,,0
19001709,'1175795',724,,1423,22,,,0
19001709,'1175819',2054,,1424,22,,,0
19001709,'1175858',1854,,1425,22,,,0
19001709,'1175872',2154,,1426,22,0,8 21,0
19001709,'1175912',1754,,1427,22,,,0
19001709,'1175946',2054,,1428,22,,,0
19001709,'1176002',1354,,1429,22,,,0
19001709,'1176024',2154,,1430,22,0,8 21,0
19001709,'1176147',1954,,1431,22,,,0
19001709,'1176151',1454,,1432,22,,,0
19001709,'1176162',1154,,1433,22,,,0
19001709,'1176204',1554,,1434,22,,,0
19001709,'1176288',754,,1435,22,,,0
19001709,'1176339',1654,,1436,22,,,0
19001709,'1176366',654,,1437,22,,,0
19001709,'1176369',1554,,1438,22,,,0
19001709,'1176400',1054,,1439,22,,,0
19001709,'1176416',1854,,1440,22,,,0
19001709,'1176419',854,,1441,22,,,0
19001709,'1176422',1454,,1442,22,,,0
19001709,'1176428',1624,,1443,22,,,0
19001709,'1176461',1724,,1444,22,,,0
19001709,'1176465',1954,,1445,22,,,0
19001709,'1176466',2254,,1446,22,0,8 21,0
19001709,'1176481',1354,,1447,22,,,0
19001709,'1176493',624,,1448,22,,,0
19001709,'1176540',954,,1449,22,,,0
19001709,'1176561',1654,,1450,22,,,0
19001709,'1176587',754,,1451,22,,,0
19001709,'1176600',1254,,1452,22,,,0
19001709,'1176606',1254,,1453,22,,,0
19001709,'1176634',654,,1454,22,,,0
19001709,'1176635',824,,1455,22,,,0
19001709,'1176654',1824,,1456,22,0,8 21,0
19001709,'1176664',1154,,1457,22,,,0
19001709,'1176670',1754,,1458,22,,,0
19001709,'1176677',2254,,1459,22,0,8 21,0
