14009,'1175812',1717,,1554,4,,,0
14009,'1175822',1017,,1555,4,,,0
14009,'1175823',1617,,1556,4,,,0
14009,'1175927',1317,,1558,4,,,0
14009,'1176135',917,,1559,4,,,0
14009,'1176326',1117,,1562,4,,,0
14009,'1176364',1417,,1563,4,,,0
14009,'1176520',1517,,1565,4,,,0
14009,'1176678',1217,,1568,4,,,0
19001109,'1175757',2147,,1930,4,,,0
19001109,'1175788',1747,,1931,4,,,0
19001109,'1175797',1347,,1932,4,,,0
19001109,'1175800',947,,1933,4,,,0
19001109,'1175846',1847,,1935,4,,,0
19001109,'1175866',1717,,1937,4,,,0
19001109,'1175873',1817,,1938,4,0,8 21,0
19001109,'1175889',1247,,1939,4,,,0
19001109,'1175976',2242,,1941,4,0,12,0
19001109,'1175990',1147,,1942,4,,,0
19001109,'1176026',1247,,1944,4,,,0
19001109,'1176086',947,,1946,4,,,0
19001109,'1176114',847,,1947,4,,,0
19001109,'1176152',717,,1948,4,,,0
19001109,'1176229',2147,,1949,4,,,0
19001109,'1176246',747,,1950,4,,,0
19001109,'1176315',647,,1951,4,,,0
19001109,'1176316',1147,,1952,4,,,0
19001109,'1176317',1647,,1953,4,,,0
19001109,'1176322',917,,1954,4,,,0
19001109,'1176337',1947,,1955,4,,,0
19001109,'1176344',1547,,1956,4,,,0
19001109,'1176353',1547,,1957,4,,,0
19001109,'1176386',647,,1958,4,,,0
19001109,'1176444',1847,,1961,4,,,0
19001109,'1176445',2047,,1962,4,,,0
19001109,'1176478',1747,,1963,4,,,0
19001109,'1176509',2242,,1964,4,0,12,0
19001109,'1176517',1447,,1965,4,,,0
19001109,'1176557',847,,1966,4,,,0
19001109,'1176559',1947,,1967,4,,,0
19001109,'1176563',817,,1968,4,,,0
19001109,'1176570',1447,,1969,4,,,0
19001109,'1176595',1647,,1972,4,,,0
19001109,'1176605',1047,,1973,4,,,0
19001109,'1176616',1047,,1974,4,,,0
19001109,'1176620',747,,1975,4,,,0
19001109,'1176668',2047,,1976,4,,,0
19001109,'1176674',1347,,1977,4,,,0
