30009,'1178820',1656,,2120,7,0,23 24 2 25,0
30009,'1178826',1526,,2126,7,0,23 24 2 25,0
30009,'1178827',1026,,2127,7,0,23 24 2 25,0
30009,'1178828',1026,,2128,7,0,23 24 2 25,0
30009,'1178829',656,,2129,6,0,23 24 2 25,0
30009,'1178830',956,,2130,7,0,23 24 2 25,0
30009,'1178831',726,,2131,6,0,23 24 2 25,0
30009,'1178835',926,,2135,7,0,23 24 2 25,0
30009,'1178836',1826,,2136,7,0,23 24 2 25,0
30009,'1178840',2026,,2140,7,0,23 24 2 25,0
30009,'1178841',1126,,2141,7,0,23 24 2 25,0
30009,'1178843',1626,,2143,7,0,23 24 2 25,0
30009,'1178845',826,,2145,7,0,23 24 2 25,0
30009,'1178846',1426,,2146,7,0,23 24 2 25,0
30009,'1178847',1756,,2147,7,0,23 24 2 25,0
30009,'1178852',2126,,2152,7,0,23 24 2 25,0
30009,'1178854',1926,,2154,7,0,23 24 2 25,0
30009,'1178857',756,,2157,7,0,23 24 2 25,0
30009,'1178860',826,,2160,7,0,23 24 2 25,0
30009,'1178861',1226,,2161,7,0,23 24 2 25,0
30009,'1178863',1326,,2163,7,0,23 24 2 25,0
30009,'1178865',1526,,2165,7,0,23 24 2 25,0
30009,'1178868',1726,,2168,7,0,23 24 2 25,0
30009,'1178869',1726,,2169,7,0,23 24 2 25,0
30009,'1178873',1326,,2173,7,0,23 24 2 25,0
30009,'1178880',1126,,2180,7,0,23 24 2 25,0
30009,'1178881',1226,,2181,7,0,23 24 2 25,0
30009,'1178882',1826,,2182,7,0,23 24 2 25,0
30009,'1178883',1426,,2183,7,0,23 24 2 25,0
30009,'1178884',856,,2184,7,0,23 24 2 25,0
30009,'1178885',1926,,2185,7,0,23 24 2 25,0
30009,'1178886',926,,2186,7,0,23 24 2 25,0
30009,'1178887',2026,,2187,7,0,23 24 2 25,0
30009,'1178896',726,,2196,7,0,23 24 2 25,0
30009,'1178897',2126,,2197,7,0,23 24 2 25,0
30009,'1178898',1626,,2198,7,0,23 24 2 25,0
30009,'1178899',1556,,2199,7,0,23 24 2 25,0
