14009,'1142164',1146,,765,31,0,5 6 7,0
14009,'1142187',1446,,767,31,0,5 6 7,0
14009,'1142323',1646,,768,31,0,5 6 7,0
14009,'1142325',1759,,769,31,0,5 6 7,0
14009,'1142341',1246,,770,31,0,5 6 7,0
14009,'1142386',946,,773,31,0,5 6 7,0
14009,'1142559',1546,,776,31,0,5 6 7,0
14009,'1142645',1346,,778,31,0,5 6 7,0
14009,'1142708',1046,,780,31,0,5 6 7,0
14001409,'1142132',1229,,967,37,,,0
14001409,'1142141',929,,968,37,,,0
14001409,'1142149',1729,,969,37,,,0
14001409,'1142155',1227,,970,37,,,0
14001409,'1142175',1327,,971,37,,,0
14001409,'1142179',1459,,972,37,,,0
14001409,'1142200',1429,,973,37,,,0
14001409,'1142203',2227,,974,37,,,0
14001409,'1142206',1927,,975,37,,,0
14001409,'1142211',759,,976,37,,,0
14001409,'1142248',659,,977,16,,,0
14001409,'1142253',1029,,978,37,,,0
14001409,'1142257',2027,,979,37,,,0
14001409,'1142272',1929,,980,37,,,0
14001409,'1142298',927,,981,37,,,0
14001409,'1142299',1727,,982,37,,,0
14001409,'1142338',1627,,983,37,,,0
14001409,'1142361',2127,,984,37,,,0
14001409,'1142371',1259,,985,37,,,0
14001409,'1142372',727,,986,16,,,0
14001409,'1142373',1759,,987,37,,,0
14001409,'1142381',2129,,988,37,,,0
14001409,'1142416',729,,989,37,,,0
14001409,'1142418',1529,,990,37,,,0
14001409,'1142456',1127,,992,37,,,0
14001409,'1142477',1159,,993,37,,,0
14001409,'1142481',1659,,994,37,,,0
14001409,'1142488',1559,,995,37,,,0
14001409,'1142526',1329,,996,37,,,0
14001409,'1142544',627,,997,9,,,0
14001409,'1142560',1527,,998,37,,,0
14001409,'1142562',1427,,999,37,,,0
14001409,'1142611',1359,,1000,37,,,0
14001409,'1142629',959,,1001,37,,,0
14001409,'1142639',1827,,1002,37,,,0
14001409,'1142654',1629,,1003,37,,,0
14001409,'1142701',829,,1004,37,,,0
14001409,'1142714',1027,,1005,37,,,0
14001409,'1142737',629,,1006,9,,,0
14001409,'1142752',2029,,1007,37,,,0
14001409,'1142757',827,,1008,37,,,0
14001409,'1142821',2229,,1009,37,,,0
14001409,'1142851',1129,,1010,37,,,0
14001409,'1142870',1059,,1011,37,,,0
14001409,'1142874',1829,,1012,37,,,0
14001409,'1142883',859,,1013,37,,,0
