21609,'1083705',924,,165,13,,,0
21609,'1083713',1324,,166,13,,,0
21609,'1083740',654,,167,13,,,0
21609,'1083767',854,,168,13,,,0
21609,'1083813',724,,170,13,,,0
21609,'1083824',1124,,171,13,,,0
21609,'1083865',924,,172,13,,,0
21609,'1083868',2124,,173,13,,,0
21609,'1083869',1754,,174,13,,,0
21609,'1083929',1724,,175,13,,,0
21609,'1083944',2024,,176,13,,,0
21609,'1083952',754,,177,13,,,0
21609,'1083956',1554,,178,13,,,0
21609,'1083970',1424,,179,13,,,0
21609,'1083985',1724,,180,13,,,0
21609,'1083994',1224,,181,13,,,0
21609,'1083995',1824,,182,13,,,0
21609,'1084073',1024,,183,13,,,0
21609,'1084096',1824,,184,13,,,0
21609,'1084144',724,,185,13,,,0
21609,'1084182',2024,,186,13,,,0
21609,'1084211',1524,,187,13,,,0
21609,'1084216',1324,,188,13,,,0
21609,'1084222',824,,189,13,,,0
21609,'1084229',1524,,190,13,,,0
21609,'1084233',1624,,191,13,,,0
21609,'1084253',1024,,192,13,,,0
21609,'1084297',2124,,193,13,,,0
21609,'1084300',1224,,194,13,,,0
21609,'1084324',1424,,195,13,,,0
21609,'1084339',1654,,196,13,,,0
21609,'1084342',1124,,197,13,,,0
21609,'1084351',1924,,198,13,,,0
21609,'1084373',1924,,199,13,,,0
21609,'1084376',824,,200,13,,,0
21609,'1084380',1624,,201,13,,,0
21609,'1142315',624,,624,13,,,0
