13009,'1175753',957,,1270,5,0,19 15,0
13009,'1175782',1157,,1271,5,0,19 15,0
13009,'1175783',857,,1272,5,0,19 15,0
13009,'1176089',1057,,1273,5,0,19 15,0
13009,'1176177',1257,,1274,5,0,19 15,0
13009,'1176441',1657,,1275,5,0,19 15,0
13009,'1176507',1457,,1276,5,0,19 15,0
13009,'1176529',1557,,1277,5,0,19 15,0
13009,'1176679',1357,,1278,5,0,19 15,0
19001309,'1175725',718,,1374,37,,,0
19001309,'1175746',1318,,1375,37,,,0
19001309,'1175750',2218,,1376,37,,,0
19001309,'1175754',618,,1377,5,,,0
19001309,'1175772',2118,,1378,37,,,0
19001309,'1175824',2018,,1379,37,,,0
19001309,'1175844',718,,1380,37,,,0
19001309,'1175930',1818,,1381,37,,,0
19001309,'1175941',1518,,1382,37,,,0
19001309,'1175974',1648,,1383,37,,,0
19001309,'1176027',1218,,1384,37,,,0
19001309,'1176051',1348,,1385,37,,,0
19001309,'1176056',1548,,1386,37,,,0
19001309,'1176072',918,,1387,37,,,0
19001309,'1176088',848,,1388,37,,,0
19001309,'1176113',1018,,1389,37,,,0
19001309,'1176123',1518,,1390,37,,,0
19001309,'1176150',1718,,1391,37,,,0
19001309,'1176155',1748,,1392,37,,,0
19001309,'1176191',1918,,1393,37,,,0
19001309,'1176203',2018,,1394,37,,,0
19001309,'1176205',818,,1395,37,,,0
19001309,'1176216',748,,1396,37,,,0
19001309,'1176219',1618,,1397,37,,,0
19001309,'1176231',1318,,1398,37,,,0
19001309,'1176237',1218,,1399,37,,,0
19001309,'1176251',918,,1400,37,,,0
19001309,'1176267',1918,,1401,37,,,0
19001309,'1176294',648,,1402,5,,,0
19001309,'1176327',2218,,1403,37,,,0
19001309,'1176330',1118,,1404,37,,,0
19001309,'1176347',1418,,1405,37,,,0
19001309,'1176350',1418,,1406,37,,,0
19001309,'1176372',948,,1407,37,,,0
19001309,'1176377',2118,,1408,37,,,0
19001309,'1176385',1018,,1409,37,,,0
19001309,'1176484',1618,,1410,37,,,0
19001309,'1176487',1248,,1411,37,,,0
19001309,'1176502',1448,,1412,37,,,0
19001309,'1176565',1118,,1413,37,,,0
19001309,'1176609',1718,,1414,37,,,0
19001309,'1176622',1818,,1415,37,,,0
19001309,'1176667',818,,1416,37,,,0
19001309,'1176691',1148,,1417,37,,,0
19001309,'1176694',1048,,1418,37,,,0
