12009,'1175745',1556,,1515,36,,,0
12009,'1175747',1456,,1516,36,,,0
12009,'1175827',1156,,1517,36,,,0
12009,'1175839',1809,,1518,36,,,0
12009,'1176031',1056,,1523,36,,,0
12009,'1176149',1256,,1525,36,,,0
12009,'1176417',1356,,1527,36,,,0
12009,'1176471',1656,,1529,36,,,0
12009,'1176692',956,,1532,36,,,0
14001209,'1175718',1656,,1789,40,,,0
14001209,'1175861',1926,,1790,40,,,0
14001209,'1175900',1756,,1791,40,,,0
14001209,'1175915',2126,,1793,40,,,0
14001209,'1175917',1456,,1794,40,,,0
14001209,'1175919',2026,,1795,40,,,0
14001209,'1175938',826,,1796,40,,,0
14001209,'1175939',1826,,1797,40,,,0
14001209,'1175983',2226,,1798,40,,,0
14001209,'1176007',1326,,1799,40,,,0
14001209,'1176012',1126,,1800,40,,,0
14001209,'1176069',926,,1801,40,,,0
14001209,'1176070',1226,,1802,40,,,0
14001209,'1176091',1026,,1803,40,,,0
14001209,'1176100',726,,1804,18,,,0
14001209,'1176103',1026,,1805,40,,,0
14001209,'1176117',1226,,1806,40,,,0
14001209,'1176163',1926,,1808,40,,,0
14001209,'1176213',1126,,1809,40,,,0
14001209,'1176217',1626,,1810,40,,,0
14001209,'1176245',1826,,1811,40,,,0
14001209,'1176255',926,,1812,40,,,0
14001209,'1176275',1726,,1813,40,,,0
14001209,'1176323',1156,,1814,40,,,0
14001209,'1176343',1426,,1816,40,,,0
14001209,'1176354',1526,,1817,40,,,0
14001209,'1176378',1326,,1818,40,,,0
14001209,'1176401',756,,1819,40,,,0
14001209,'1176411',2126,,1820,40,,,0
14001209,'1176440',1526,,1821,40,,,0
14001209,'1176458',726,,1822,40,,,0
14001209,'1176470',1626,,1823,40,,,0
14001209,'1176472',1056,,1824,40,,,0
14001209,'1176483',1356,,1825,40,,,0
14001209,'1176488',1726,,1826,40,,,0
14001209,'1176515',2026,,1827,40,,,0
14001209,'1176526',956,,1828,40,,,0
14001209,'1176532',1256,,1829,40,,,0
14001209,'1176546',2226,,1830,40,,,0
14001209,'1176594',856,,1831,40,,,0
14001209,'1176599',1556,,1832,40,,,0
14001209,'1176626',826,,1833,40,,,0
14001209,'1176676',1426,,1834,40,,,0
