16009,'1175864',1411,,1282,27,,,0
16009,'1175957',1711,,1283,27,,,0
16009,'1175969',1111,,1284,27,,,0
16009,'1176053',1211,,1285,27,,,0
16009,'1176095',1611,,1286,27,,,0
16009,'1176194',1311,,1291,27,,,0
16009,'1176519',911,,1293,27,,,0
16009,'1176596',1511,,1295,27,,,0
16009,'1176648',1011,,1296,27,,,0
21609,'1142134',902,,838,29,,,0
21609,'1142173',1432,,839,29,,,0
21609,'1142220',1232,,840,29,,,0
21609,'1142255',1632,,841,29,,,0
21609,'1142260',632,,842,29,,,0
21609,'1142266',1332,,843,29,,,0
21609,'1142277',1732,,844,29,,,0
21609,'1142281',832,,845,29,,,0
21609,'1142305',1132,,846,29,,,0
21609,'1142347',2132,,847,29,,,0
21609,'1142348',1032,,848,29,,,0
21609,'1142363',1132,,849,29,,,0
21609,'1142398',734,,850,30,,,0
21609,'1142432',832,,851,29,,,0
21609,'1142489',704,,852,30,,,0
21609,'1142528',2132,,853,29,,,0
21609,'1142549',2032,,854,29,,,0
21609,'1142551',1032,,855,29,,,0
21609,'1142557',1432,,856,29,,,0
21609,'1142574',1332,,857,29,,,0
21609,'1142584',1602,,858,29,,,0
21609,'1142623',1232,,859,29,,,0
21609,'1142647',1532,,860,29,,,0
21609,'1142662',2032,,861,29,,,0
21609,'1142678',932,,862,29,,,0
21609,'1142730',1634,,863,30,,,0
21609,'1142732',932,,864,29,,,0
21609,'1142740',802,,865,29,,,0
21609,'1142753',732,,866,29,,,0
21609,'1142754',1704,,867,30,,,0
21609,'1142762',1932,,868,29,,,0
21609,'1142784',1932,,869,29,,,0
21609,'1142801',1802,,870,29,,,0
21609,'1142822',1532,,871,29,,,0
21609,'1142856',1734,,872,30,,,0
21609,'1142867',1832,,873,29,,,0
21609,'1142890',1832,,874,29,,,0
