11009,'1142335',1542,,679,21,,,0
11009,'1142379',1042,,680,21,,,0
11009,'1142419',1442,,681,21,,,0
11009,'1142541',942,,682,21,,,0
11009,'1142671',1342,,686,21,,,0
11009,'1142693',1742,,687,21,,,0
11009,'1142705',1142,,688,21,,,0
11009,'1142723',1242,,689,21,,,0
11009,'1142862',1642,,691,21,,,0
14001009,'1142143',1352,,875,23,,,0
14001009,'1142178',652,,876,23,,,0
14001009,'1142189',852,,877,23,,,0
14001009,'1142190',722,,878,23,,,0
14001009,'1142194',1452,,879,23,,,0
14001009,'1142216',952,,880,23,,,0
14001009,'1142231',822,,881,23,,,0
14001009,'1142237',1352,,882,23,,,0
14001009,'1142279',1652,,883,23,,,0
14001009,'1142282',1252,,884,23,,,0
14001009,'1142286',852,,885,23,,,0
14001009,'1142290',1952,,886,23,,,0
14001009,'1142306',1022,,887,23,0,8 9,0
14001009,'1142344',2052,,888,23,,,0
14001009,'1142360',1152,,889,23,,,0
14001009,'1142369',2252,,890,23,0,8 9,0
14001009,'1142375',1052,,891,23,,,0
14001009,'1142407',1522,,892,23,0,8 9,0
14001009,'1142438',922,,893,23,0,8 9,0
14001009,'1142459',952,,894,23,,,0
14001009,'1142460',1122,,895,23,0,8 9,0
14001009,'1142462',1552,,896,23,,,0
14001009,'1142479',1852,,897,23,,,0
14001009,'1142483',1452,,898,23,,,0
14001009,'1142505',2252,,899,23,0,8 9,0
14001009,'1142508',1852,,900,23,,,0
14001009,'1142510',1552,,901,23,,,0
14001009,'1142517',1222,,902,23,0,8 9,0
14001009,'1142538',1052,,903,23,,,0
14001009,'1142556',1422,,904,23,0,8 9,0
14001009,'1142580',1752,,905,23,,,0
14001009,'1142619',2052,,906,23,,,0
14001009,'1142627',1822,,907,23,0,8 9,0
14001009,'1142660',1622,,908,23,,,0
14001009,'1142682',752,,909,23,,,0
14001009,'1142715',1952,,910,23,,,0
14001009,'1142781',2152,,912,23,,,0
14001009,'1142787',1752,,913,23,,,0
14001009,'1142798',1322,,914,23,0,8 9,0
14001009,'1142811',1152,,915,23,,,0
14001009,'1142812',1722,,916,23,,,0
14001009,'1142840',752,,917,23,,,0
14001009,'1142842',2152,,918,23,,,0
14001009,'1142843',1252,,919,23,,,0
14001009,'1142861',1652,,920,23,,,0
