20009,'1083708',1030,,146,2,,,0
20009,'1083712',1230,,147,2,,,0
20009,'1083755',930,,149,2,,,0
20009,'1083920',1630,,154,2,,,0
20009,'1083959',1714,,155,2,,,0
20009,'1084179',1430,,159,2,,,0
20009,'1084203',1530,,160,2,,,0
20009,'1084236',1130,,162,2,,,0
20009,'1084316',1330,,163,2,,,0
14001409,'1083698',1523,,294,30,,,0
14001409,'1083768',1923,,295,30,,,0
14001409,'1083799',1823,,296,30,,,0
14001409,'1083819',823,,297,30,,,0
14001409,'1083823',923,,298,30,,,0
14001409,'1083831',823,,299,30,,,0
14001409,'1083885',2123,,300,30,,,0
14001409,'1083889',1023,,301,30,,,0
14001409,'1083899',2023,,302,30,,,0
14001409,'1083923',1623,,303,30,,,0
14001409,'1083934',953,,304,30,,,0
14001409,'1083938',1653,,305,30,,,0
14001409,'1083962',653,,306,9,,,0
14001409,'1083968',1223,,307,30,,,0
14001409,'1083975',723,,308,9,,,0
14001409,'1083996',1223,,309,30,,,0
14001409,'1083997',1723,,310,30,,,0
14001409,'1084002',1723,,311,30,,,0
14001409,'1084035',1153,,312,30,,,0
14001409,'1084081',623,,313,2,,,0
14001409,'1084095',1323,,314,30,,,0
14001409,'1084114',1423,,316,30,,,0
14001409,'1084134',1423,,317,30,,,0
14001409,'1084143',1323,,318,30,,,0
14001409,'1084149',753,,319,30,,,0
14001409,'1084161',923,,320,30,,,0
14001409,'1084166',2123,,321,30,,,0
14001409,'1084175',2023,,322,30,,,0
14001409,'1084192',1923,,323,30,,,0
14001409,'1084194',2223,,324,30,,,0
14001409,'1084212',1453,,325,30,,,0
14001409,'1084214',723,,326,30,,,0
14001409,'1084230',1353,,327,30,,,0
14001409,'1084248',1753,,328,30,,,0
14001409,'1084250',623,,329,2,,,0
14001409,'1084252',1523,,330,30,,,0
14001409,'1084256',1123,,331,30,,,0
14001409,'1084258',1123,,332,30,,,0
14001409,'1084269',2223,,333,30,,,0
14001409,'1084304',853,,334,30,,,0
14001409,'1084306',1053,,335,30,,,0
14001409,'1084326',1553,,336,30,,,0
14001409,'1084330',1023,,337,30,,,0
14001409,'1084354',1253,,338,30,,,0
14001409,'1084355',1823,,339,30,,,0
14001409,'1084374',1623,,340,30,,,0
19001509,'1083702',1426,,487,19,,,0
19001509,'1083710',1556,,488,19,,,0
19001509,'1083729',1156,,489,19,,,0
19001509,'1083731',826,,490,19,,,0
19001509,'1083760',1956,,491,19,,,0
19001509,'1083772',756,,492,19,,,0
19001509,'1083789',1526,,493,19,,,0
19001509,'1083800',2056,,494,19,,,0
19001509,'1083805',1226,,495,19,,,0
19001509,'1083822',1326,,496,19,,,0
19001509,'1083829',1756,,497,19,,,0
19001509,'1083830',1356,,498,19,,,0
19001509,'1083852',2156,,499,19,0,12,0
19001509,'1083856',1856,,500,19,,,0
19001509,'1083862',1556,,501,19,,,0
19001509,'1083872',1056,,502,19,,,0
19001509,'1083875',2256,,503,19,0,12,0
19001509,'1083878',926,,504,19,,,0
19001509,'1083886',956,,505,19,,,0
19001509,'1083890',1156,,506,19,,,0
19001509,'1083898',1656,,507,19,,,0
19001509,'1083964',1726,,509,19,,,0
19001509,'1084023',656,,510,19,,,0
19001509,'1084031',656,,511,19,,,0
19001509,'1084038',1026,,512,19,,,0
19001509,'1084062',1756,,513,19,,,0
19001509,'1084080',1956,,514,19,,,0
19001509,'1084094',2056,,515,19,,,0
19001509,'1084116',1356,,516,19,,,0
19001509,'1084135',726,,517,19,,,0
19001509,'1084184',1256,,518,19,,,0
19001509,'1084188',1056,,519,19,,,0
19001509,'1084197',1856,,520,19,,,0
19001509,'1084202',1456,,521,19,,,0
19001509,'1084225',756,,522,19,,,0
19001509,'1084228',1456,,523,19,,,0
19001509,'1084234',1826,,524,19,0,12,0
19001509,'1084246',1126,,525,19,,,0
19001509,'1084266',856,,526,19,,,0
19001509,'1084275',2156,,527,19,0,12,0
19001509,'1084278',2256,,528,19,0,12,0
19001509,'1084332',1626,,530,19,,,0
19001509,'1084358',1656,,531,19,,,0
19001509,'1084364',856,,532,19,,,0
19001509,'1084377',956,,533,19,,,0
19001509,'1084382',1256,,534,19,,,0
