15009,'1175719',1708,,1569,16,0,20 15,0
15009,'1175730',1508,,1570,16,0,20 15,0
15009,'1175737',1308,,1571,16,0,20 15,0
15009,'1175828',1408,,1572,16,0,20 15,0
15009,'1175835',1008,,1573,16,0,20 15,0
15009,'1176048',1208,,1578,16,0,20 15,0
15009,'1176230',1608,,1580,16,0,20 15,0
15009,'1176301',908,,1582,16,0,20 15,0
15009,'1176568',1108,,1584,16,0,20 15,0
30009,'1178820',1700,,2120,10,0,23 24 2 25,0
30009,'1178822',1400,,2122,13,0,23 24 2 26,0
30009,'1178823',800,,2123,13,0,23 24 2 26,0
30009,'1178824',900,,2124,13,0,23 24 2 26,0
30009,'1178825',1500,,2125,13,0,23 24 2 26,0
30009,'1178826',1530,,2126,10,0,23 24 2 25,0
30009,'1178827',1030,,2127,10,0,23 24 2 25,0
30009,'1178828',1030,,2128,10,0,23 24 2 25,0
30009,'1178829',700,,2129,9,0,23 24 2 25,0
30009,'1178830',1000,,2130,10,0,23 24 2 25,0
30009,'1178831',730,,2131,9,0,23 24 2 25,0
30009,'1178832',1030,,2132,13,0,8 9 2 26,0
30009,'1178833',1000,,2133,13,0,23 24 2 26,0
30009,'1178834',830,,2134,13,0,23 24 2 26,0
30009,'1178835',930,,2135,10,0,23 24 2 25,0
30009,'1178836',1830,,2136,10,0,23 24 2 25,0
30009,'1178837',1800,,2137,13,0,23 24 2 26,0
30009,'1178839',1200,,2139,13,0,23 24 2 26,0
30009,'1178840',2030,,2140,10,0,23 24 2 25,0
30009,'1178841',1130,,2141,10,0,23 24 2 25,0
30009,'1178842',1300,,2142,13,0,23 24 2 26,0
30009,'1178843',1630,,2143,10,0,23 24 2 25,0
30009,'1178844',730,,2144,13,0,23 24 2 26,0
30009,'1178845',830,,2145,10,0,23 24 2 25,0
30009,'1178846',1430,,2146,10,0,23 24 2 25,0
30009,'1178847',1800,,2147,10,0,23 24 2 25,0
30009,'1178849',1730,,2149,13,0,23 24 2 26,0
30009,'1178850',1000,,2150,13,0,23 24 2 26,0
30009,'1178851',900,,2151,13,0,23 24 2 26,0
30009,'1178852',2130,,2152,10,0,23 24 2 25,0
30009,'1178853',2000,,2153,13,0,23 24 2 26,0
30009,'1178854',1930,,2154,10,0,23 24 2 25,0
30009,'1178855',1500,,2155,13,0,23 24 2 26,0
30009,'1178856',2100,,2156,13,0,23 24 2 26,0
30009,'1178857',800,,2157,10,0,23 24 2 25,0
30009,'1178858',1900,,2158,13,0,23 24 2 26,0
30009,'1178859',1600,,2159,13,0,23 24 2 26,0
30009,'1178860',830,,2160,10,0,23 24 2 25,0
30009,'1178861',1230,,2161,10,0,23 24 2 25,0
30009,'1178862',1800,,2162,13,0,23 24 2 26,0
30009,'1178863',1330,,2163,10,0,23 24 2 25,0
30009,'1178864',1100,,2164,13,0,23 24 2 26,0
30009,'1178865',1530,,2165,10,0,23 24 2 25,0
30009,'1178866',2200,,2166,13,0,8 9 2 26,0
30009,'1178867',2100,,2167,13,0,23 24 2 26,0
30009,'1178868',1730,,2168,10,0,23 24 2 25,0
30009,'1178869',1730,,2169,10,0,23 24 2 25,0
30009,'1178870',1900,,2170,13,0,23 24 2 26,0
30009,'1178872',1400,,2172,13,0,23 24 2 26,0
30009,'1178873',1330,,2173,10,0,23 24 2 25,0
30009,'1178875',1200,,2175,13,0,23 24 2 26,0
30009,'1178877',2000,,2177,13,0,23 24 2 26,0
30009,'1178878',1630,,2178,13,0,23 24 2 26,0
30009,'1178879',1600,,2179,13,0,23 24 2 26,0
30009,'1178880',1130,,2180,10,0,23 24 2 25,0
30009,'1178881',1230,,2181,10,0,23 24 2 25,0
30009,'1178882',1830,,2182,10,0,23 24 2 25,0
30009,'1178883',1430,,2183,10,0,23 24 2 25,0
30009,'1178884',900,,2184,10,0,23 24 2 25,0
30009,'1178885',1930,,2185,10,0,23 24 2 25,0
30009,'1178886',930,,2186,10,0,23 24 2 25,0
30009,'1178887',2030,,2187,10,0,23 24 2 25,0
30009,'1178888',1100,,2188,13,0,23 24 2 26,0
30009,'1178889',1300,,2189,13,0,23 24 2 26,0
30009,'1178890',930,,2190,13,0,23 24 2 26,0
30009,'1178891',2200,,2191,13,0,8 9 2 26,0
30009,'1178892',1700,,2192,13,0,23 24 2 26,0
30009,'1178894',800,,2194,13,0,23 24 2 26,0
30009,'1178896',730,,2196,10,0,23 24 2 25,0
30009,'1178897',2130,,2197,10,0,23 24 2 25,0
30009,'1178898',1630,,2198,10,0,23 24 2 25,0
30009,'1178899',1600,,2199,10,0,23 24 2 25,0
30009,'1178900',1830,,2200,13,0,8 9 2 26,0
30009,'1178901',1700,,2201,13,0,23 24 2 26,0
