11009,'1083926',937,,5,7,,,0
11009,'1084019',1137,,7,7,,,0
11009,'1084060',1537,,8,7,,,0
11009,'1084136',1237,,9,7,,,0
11009,'1084186',1037,,10,7,,,0
11009,'1084196',1637,,12,7,,,0
11009,'1084205',1337,,13,7,,,0
11009,'1084226',1437,,14,7,,,0
11009,'1084235',1737,,15,7,,,0
14001009,'1083711',1747,,202,9,,,0
14001009,'1083714',1947,,203,9,,,0
14001009,'1083727',1947,,204,9,,,0
14001009,'1083739',1017,,205,9,0,8 9,0
14001009,'1083743',2147,,206,9,,,0
14001009,'1083763',2047,,207,9,,,0
14001009,'1083809',1817,,209,9,0,8 9,0
14001009,'1083841',1347,,210,9,,,0
14001009,'1083888',1447,,211,9,,,0
14001009,'1083897',1847,,212,9,,,0
14001009,'1083901',1647,,213,9,,,0
14001009,'1083919',1147,,214,9,,,0
14001009,'1083953',1547,,215,9,,,0
14001009,'1083971',1217,,216,9,0,8 9,0
14001009,'1083977',1417,,217,9,0,8 9,0
14001009,'1084005',1847,,218,9,,,0
14001009,'1084014',1047,,219,9,,,0
14001009,'1084030',947,,220,9,,,0
14001009,'1084040',1647,,221,9,,,0
14001009,'1084045',1247,,222,9,,,0
14001009,'1084046',947,,223,9,,,0
14001009,'1084052',2047,,224,9,,,0
14001009,'1084056',847,,225,9,,,0
14001009,'1084072',1047,,226,9,,,0
14001009,'1084076',917,,227,9,0,8 9,0
14001009,'1084104',1247,,228,9,,,0
14001009,'1084118',1317,,229,9,0,8 9,0
14001009,'1084126',1617,,230,9,,,0
14001009,'1084128',817,,231,9,,,0
14001009,'1084131',647,,232,9,,,0
14001009,'1084133',747,,233,9,,,0
14001009,'1084154',2147,,234,9,,,0
14001009,'1084167',1747,,235,9,,,0
14001009,'1084176',847,,236,9,,,0
14001009,'1084187',1547,,237,9,,,0
14001009,'1084190',2247,,238,9,0,8 9,0
14001009,'1084219',747,,239,9,,,0
14001009,'1084221',1347,,240,9,,,0
14001009,'1084288',1517,,241,9,0,8 9,0
14001009,'1084291',1117,,242,9,0,8 9,0
14001009,'1084321',1147,,243,9,,,0
14001009,'1084325',2247,,244,9,0,8 9,0
14001009,'1084338',1447,,245,9,,,0
14001009,'1084349',717,,246,9,,,0
14001009,'1084363',1717,,247,9,,,0
