20009,'1175886',1432,,1606,7,,,0
20009,'1176006',932,,1608,7,,,0
20009,'1176032',1232,,1609,7,,,0
20009,'1176110',1532,,1610,7,,,0
20009,'1176195',1716,,1611,7,,,0
20009,'1176370',1132,,1614,7,,,0
20009,'1176412',1032,,1617,7,,,0
20009,'1176469',1332,,1619,7,,,0
20009,'1176512',1632,,1620,7,,,0
14001409,'1175733',1927,,1835,35,,,0
14001409,'1175775',1227,,1836,35,,,0
14001409,'1175776',2126,,1837,35,,,0
14001409,'1175786',2026,,1838,35,,,0
14001409,'1175790',1627,,1839,35,,,0
14001409,'1175803',1427,,1840,35,,,0
14001409,'1175809',957,,1841,35,,,0
14001409,'1175820',1527,,1842,35,,,0
14001409,'1175821',1226,,1843,35,,,0
14001409,'1175838',1157,,1844,35,,,0
14001409,'1175856',1126,,1845,35,,,0
14001409,'1175876',1626,,1846,35,,,0
14001409,'1175893',1926,,1847,35,,,0
14001409,'1175894',1757,,1848,35,,,0
14001409,'1175902',1657,,1849,35,,,0
14001409,'1175961',1327,,1850,35,,,0
14001409,'1175973',926,,1851,35,,,0
14001409,'1175975',1827,,1852,35,,,0
14001409,'1175999',857,,1854,35,,,0
14001409,'1176001',1057,,1855,35,,,0
14001409,'1176014',1127,,1856,35,,,0
14001409,'1176036',757,,1857,35,,,0
14001409,'1176047',1426,,1858,35,,,0
14001409,'1176050',2127,,1859,35,,,0
14001409,'1176071',1257,,1860,35,,,0
14001409,'1176160',1727,,1861,35,,,0
14001409,'1176250',826,,1862,35,,,0
14001409,'1176268',2227,,1863,35,,,0
14001409,'1176283',1357,,1864,35,,,0
14001409,'1176287',626,,1865,7,,,0
14001409,'1176308',2226,,1866,35,,,0
14001409,'1176314',727,,1867,35,,,0
14001409,'1176357',627,,1868,7,,,0
14001409,'1176393',1026,,1869,35,,,0
14001409,'1176423',827,,1870,35,,,0
14001409,'1176464',657,,1871,14,,,0
14001409,'1176476',1557,,1872,35,,,0
14001409,'1176485',1027,,1873,35,,,0
14001409,'1176522',927,,1874,35,,,0
14001409,'1176530',726,,1875,14,,,0
14001409,'1176556',1726,,1876,35,,,0
14001409,'1176558',1526,,1877,35,,,0
14001409,'1176598',2027,,1878,35,,,0
14001409,'1176631',1326,,1879,35,,,0
14001409,'1176643',1457,,1880,35,,,0
14001409,'1176681',1826,,1881,35,,,0
