19001109,'1083699',1447,,393,3,,,0
19001109,'1083718',847,,394,3,,,0
19001109,'1083730',1547,,396,3,,,0
19001109,'1083839',1347,,399,3,,,0
19001109,'1083855',717,,400,3,,,0
19001109,'1083881',1447,,402,3,,,0
19001109,'1083937',2047,,404,3,,,0
19001109,'1083941',947,,405,3,,,0
19001109,'1083942',2147,,406,3,,,0
19001109,'1084010',817,,408,3,,,0
19001109,'1084013',1817,,409,3,0,8 9,0
19001109,'1084020',917,,410,3,,,0
19001109,'1084029',1047,,412,3,,,0
19001109,'1084034',2047,,413,3,,,0
19001109,'1084048',1347,,414,3,,,0
19001109,'1084064',1047,,415,3,,,0
19001109,'1084079',2147,,416,3,,,0
19001109,'1084098',1247,,417,3,,,0
19001109,'1084100',1547,,418,3,,,0
19001109,'1084102',1247,,419,3,,,0
19001109,'1084103',1747,,420,3,,,0
19001109,'1084111',1747,,421,3,,,0
19001109,'1084165',1847,,426,3,,,0
19001109,'1084170',1847,,427,3,,,0
19001109,'1084193',1647,,429,3,,,0
19001109,'1084243',1147,,430,3,,,0
19001109,'1084257',1647,,431,3,,,0
19001109,'1084279',747,,432,3,,,0
19001109,'1084280',1947,,433,3,,,0
19001109,'1084292',1947,,434,3,,,0
19001109,'1084329',1147,,436,3,,,0
19001109,'1084347',847,,437,3,,,0
19001109,'1084352',947,,438,3,,,0
19001109,'1084360',747,,439,3,,,0
19001109,'1084372',1717,,440,3,,,0
19001109,'1142145',2242,,645,3,0,12,0
19001109,'1142300',647,,646,3,,,0
19001109,'1142316',647,,647,3,,,0
19001109,'1142568',2242,,649,3,0,12,0
