19001709,'1175723',856,,1419,26,,,0
19001709,'1175748',926,,1420,26,,,0
19001709,'1175763',1056,,1421,26,,,0
19001709,'1175781',956,,1422,26,,,0
19001709,'1175795',726,,1423,26,,,0
19001709,'1175819',2056,,1424,26,,,0
19001709,'1175858',1856,,1425,26,,,0
19001709,'1175872',2156,,1426,26,0,8 21,0
19001709,'1175912',1756,,1427,26,,,0
19001709,'1175946',2056,,1428,26,,,0
19001709,'1176002',1356,,1429,26,,,0
19001709,'1176024',2156,,1430,26,0,8 21,0
19001709,'1176147',1956,,1431,26,,,0
19001709,'1176151',1456,,1432,26,,,0
19001709,'1176162',1156,,1433,26,,,0
19001709,'1176204',1556,,1434,26,,,0
19001709,'1176288',756,,1435,26,,,0
19001709,'1176339',1656,,1436,26,,,0
19001709,'1176366',656,,1437,26,,,0
19001709,'1176369',1556,,1438,26,,,0
19001709,'1176400',1056,,1439,26,,,0
19001709,'1176416',1856,,1440,26,,,0
19001709,'1176419',856,,1441,26,,,0
19001709,'1176422',1456,,1442,26,,,0
19001709,'1176428',1626,,1443,26,,,0
19001709,'1176461',1726,,1444,26,,,0
19001709,'1176465',1956,,1445,26,,,0
19001709,'1176466',2256,,1446,26,0,8 21,0
19001709,'1176481',1356,,1447,26,,,0
19001709,'1176493',626,,1448,26,,,0
19001709,'1176540',956,,1449,26,,,0
19001709,'1176561',1656,,1450,26,,,0
19001709,'1176587',756,,1451,26,,,0
19001709,'1176600',1256,,1452,26,,,0
19001709,'1176606',1256,,1453,26,,,0
19001709,'1176634',656,,1454,26,,,0
19001709,'1176635',826,,1455,26,,,0
19001709,'1176654',1826,,1456,26,0,8 21,0
19001709,'1176664',1156,,1457,26,,,0
19001709,'1176670',1756,,1458,26,,,0
19001709,'1176677',2256,,1459,26,0,8 21,0
