12009,'1175885',1816,,1519,51,0,18 7,0
12009,'1175923',1603,,1520,51,0,18 7,0
12009,'1175952',1403,,1521,51,0,18 7,0
12009,'1175971',1103,,1522,51,0,18 7,0
12009,'1176115',1203,,1524,51,0,18 7,0
12009,'1176305',1703,,1526,51,0,18 7,0
12009,'1176431',1503,,1528,51,0,18 7,0
12009,'1176538',1003,,1530,51,0,18 7,0
12009,'1176625',1303,,1531,51,0,18 7,0
14001609,'1175722',1137,,1882,52,,,0
14001609,'1175752',737,,1883,52,,,0
14001609,'1175760',2037,,1884,52,,,0
14001609,'1175852',637,,1887,9,,,0
14001609,'1175908',907,,1888,52,,,0
14001609,'1175922',1237,,1889,52,,,0
14001609,'1175936',837,,1890,52,,,0
14001609,'1175986',1437,,1892,52,,,0
14001609,'1175988',1337,,1893,52,,,0
14001609,'1175989',1837,,1894,52,,,0
14001609,'1176015',937,,1896,52,,,0
14001609,'1176168',1337,,1898,52,,,0
14001609,'1176170',1607,,1899,52,,,0
14001609,'1176241',2137,,1900,52,,,0
14001609,'1176247',807,,1901,52,,,0
14001609,'1176270',2237,,1902,52,,,0
14001609,'1176280',1637,,1903,52,,,0
14001609,'1176296',1537,,1904,52,,,0
14001609,'1176309',2237,,1905,52,,,0
14001609,'1176320',1837,,1906,52,,,0
14001609,'1176381',1037,,1908,52,,,0
14001609,'1176402',2037,,1909,52,,,0
14001609,'1176421',837,,1910,52,,,0
14001609,'1176486',1807,,1911,52,,,0
14001609,'1176492',1137,,1912,52,,,0
14001609,'1176495',1937,,1913,52,,,0
14001609,'1176500',1637,,1914,52,,,0
14001609,'1176504',1737,,1915,52,,,0
14001609,'1176510',1537,,1916,52,,,0
14001609,'1176518',1707,,1917,52,,,0
14001609,'1176524',1037,,1918,52,,,0
14001609,'1176533',937,,1919,52,,,0
14001609,'1176549',707,,1920,9,,,0
14001609,'1176577',2137,,1921,52,,,0
14001609,'1176584',637,,1922,9,,,0
14001609,'1176602',1437,,1924,52,,,0
14001609,'1176610',610,,1925,9,,,0
14001609,'1176621',1937,,1926,52,,,0
14001609,'1176627',1737,,1927,52,,,0
14001609,'1176666',737,,1928,32,,,0
14001609,'1176671',1237,,1929,52,,,0
