16009,'1175714',1303,,1587,10,,,0
16009,'1176136',1003,,1592,10,,,0
16009,'1176272',1403,,1595,10,,,0
16009,'1176282',903,,1596,10,,,0
16009,'1176290',1703,,1597,10,,,0
16009,'1176390',1203,,1598,10,,,0
16009,'1176528',1503,,1600,10,,,0
16009,'1176535',1603,,1601,10,,,0
16009,'1176682',1103,,1604,10,,,0
21609,'1175813',1923,,1624,10,,,0
21609,'1175831',723,,1625,10,,,0
21609,'1175857',1653,,1626,10,,,0
21609,'1175869',1723,,1627,10,,,0
21609,'1175916',1553,,1628,10,,,0
21609,'1175929',1323,,1629,10,,,0
21609,'1175966',1723,,1630,10,,,0
21609,'1175997',2123,,1631,10,,,0
21609,'1175998',923,,1632,10,,,0
21609,'1176028',1023,,1633,10,,,0
21609,'1176037',1823,,1634,10,,,0
21609,'1176041',1823,,1635,10,,,0
21609,'1176046',723,,1636,10,,,0
21609,'1176054',1623,,1637,10,,,0
21609,'1176067',653,,1638,10,,,0
21609,'1176111',1123,,1639,10,,,0
21609,'1176200',1423,,1640,10,,,0
21609,'1176207',2123,,1641,10,,,0
21609,'1176218',1123,,1642,10,,,0
21609,'1176289',1023,,1643,10,,,0
21609,'1176352',1223,,1644,10,,,0
21609,'1176395',1923,,1645,10,,,0
21609,'1176414',2023,,1646,10,,,0
21609,'1176430',1753,,1647,10,,,0
21609,'1176454',1623,,1648,10,,,0
21609,'1176460',823,,1649,10,,,0
21609,'1176467',1523,,1650,10,,,0
21609,'1176534',623,,1651,10,,,0
21609,'1176553',1223,,1652,10,,,0
21609,'1176576',923,,1653,10,,,0
21609,'1176651',823,,1654,10,,,0
21609,'1176656',1523,,1655,10,,,0
21609,'1176659',1423,,1656,10,,,0
21609,'1176663',1323,,1657,10,,,0
21609,'1176665',853,,1658,10,,,0
21609,'1176686',2023,,1659,10,,,0
21609,'1176690',753,,1660,10,,,0
