13009,'1175768',1358,,1533,6,0,19 15,0
13009,'1175851',1158,,1534,6,0,19 15,0
13009,'1175875',1258,,1535,6,0,19 15,0
13009,'1175888',1058,,1536,6,0,19 15,0
13009,'1176171',1458,,1538,6,0,19 15,0
13009,'1176184',858,,1539,6,0,19 15,0
13009,'1176223',1558,,1541,6,0,19 15,0
13009,'1176463',958,,1547,6,0,19 15,0
13009,'1176497',1658,,1548,6,0,19 15,0
30009,'1175721',1620,,1661,3,,,0
30009,'1175727',1320,,1662,3,,,0
30009,'1175735',1420,,1664,3,,,0
30009,'1175749',1750,,1665,3,,,0
30009,'1175758',1520,,1666,3,,,0
30009,'1175761',1650,,1667,3,,,0
30009,'1175780',1820,,1669,3,,,0
30009,'1175796',920,,1670,3,,,0
30009,'1175817',1020,,1671,3,,,0
30009,'1175867',1220,,1672,3,,,0
30009,'1175878',820,,1673,3,,,0
30009,'1175911',1020,,1678,3,,,0
30009,'1175934',2120,,1680,3,,,0
30009,'1175959',720,,1682,3,,,0
30009,'1175964',850,,1683,3,,,0
30009,'1175972',1120,,1685,3,,,0
30009,'1175993',950,,1686,3,,,0
30009,'1176061',1120,,1693,3,,,0
30009,'1176118',1820,,1697,3,,,0
30009,'1176121',1620,,1698,3,,,0
30009,'1176144',1520,,1699,3,,,0
30009,'1176232',1720,,1710,3,,,0
30009,'1176233',1920,,1711,3,,,0
30009,'1176333',1220,,1718,3,,,0
30009,'1176388',2020,,1720,3,,,0
30009,'1176404',1920,,1722,3,,,0
30009,'1176405',650,,1723,2,,,0
30009,'1176456',1720,,1728,3,,,0
30009,'1176480',920,,1730,3,,,0
30009,'1176489',720,,1731,2,,,0
30009,'1176494',750,,1732,3,,,0
30009,'1176499',1550,,1733,3,,,0
30009,'1176503',1420,,1734,3,,,0
30009,'1176511',2120,,1735,3,,,0
30009,'1176516',1320,,1736,3,,,0
30009,'1176633',820,,1741,3,,,0
30009,'1176649',2020,,1742,3,,,0
19001309,'1175728',848,,1978,38,,,0
19001309,'1175734',1518,,1979,38,,,0
19001309,'1175770',2018,,1980,38,,,0
19001309,'1175816',1818,,1982,38,,,0
19001309,'1175833',1718,,1983,38,,,0
19001309,'1175860',1348,,1984,38,,,0
19001309,'1175862',1118,,1985,38,,,0
19001309,'1175891',1148,,1986,38,,,0
19001309,'1175892',948,,1987,38,,,0
19001309,'1175985',648,,1988,6,,,0
19001309,'1175994',918,,1989,38,,,0
19001309,'1176023',818,,1990,38,,,0
19001309,'1176034',1118,,1991,38,,,0
19001309,'1176044',1418,,1992,38,,,0
19001309,'1176064',1048,,1993,38,,,0
19001309,'1176125',1718,,1994,38,,,0
19001309,'1176139',1218,,1995,38,,,0
19001309,'1176167',2218,,1996,38,,,0
19001309,'1176182',1318,,1997,38,,,0
19001309,'1176185',748,,1998,38,,,0
19001309,'1176187',1318,,1999,38,,,0
19001309,'1176196',1218,,2000,38,,,0
19001309,'1176261',1018,,2001,38,,,0
19001309,'1176277',2118,,2002,38,,,0
19001309,'1176318',1418,,2003,38,,,0
19001309,'1176331',2018,,2004,38,,,0
19001309,'1176338',1918,,2005,38,,,0
19001309,'1176348',1548,,2006,38,,,0
19001309,'1176367',1618,,2007,38,,,0
19001309,'1176387',2218,,2008,38,,,0
19001309,'1176389',818,,2009,38,,,0
19001309,'1176392',718,,2010,38,,,0
19001309,'1176394',1618,,2011,38,,,0
19001309,'1176446',1818,,2012,38,,,0
19001309,'1176462',2118,,2013,38,,,0
19001309,'1176473',1918,,2014,38,,,0
19001309,'1176527',1018,,2015,38,,,0
19001309,'1176539',1648,,2016,38,,,0
19001309,'1176543',1448,,2017,38,,,0
19001309,'1176550',618,,2018,6,,,0
19001309,'1176567',918,,2019,38,,,0
19001309,'1176597',1518,,2020,38,,,0
19001309,'1176614',1248,,2021,38,,,0
19001309,'1176638',1748,,2022,38,,,0
19001309,'1176660',718,,2023,38,,,0
