30009,'1178820',1654,,2120,6,0,23 24 2 25,0
30009,'1178826',1524,,2126,6,0,23 24 2 25,0
30009,'1178827',1024,,2127,6,0,23 24 2 25,0
30009,'1178828',1024,,2128,6,0,23 24 2 25,0
30009,'1178829',654,,2129,5,0,23 24 2 25,0
30009,'1178830',954,,2130,6,0,23 24 2 25,0
30009,'1178831',724,,2131,5,0,23 24 2 25,0
30009,'1178835',924,,2135,6,0,23 24 2 25,0
30009,'1178836',1824,,2136,6,0,23 24 2 25,0
30009,'1178840',2024,,2140,6,0,23 24 2 25,0
30009,'1178841',1124,,2141,6,0,23 24 2 25,0
30009,'1178843',1624,,2143,6,0,23 24 2 25,0
30009,'1178845',824,,2145,6,0,23 24 2 25,0
30009,'1178846',1424,,2146,6,0,23 24 2 25,0
30009,'1178847',1754,,2147,6,0,23 24 2 25,0
30009,'1178852',2124,,2152,6,0,23 24 2 25,0
30009,'1178854',1924,,2154,6,0,23 24 2 25,0
30009,'1178857',754,,2157,6,0,23 24 2 25,0
30009,'1178860',824,,2160,6,0,23 24 2 25,0
30009,'1178861',1224,,2161,6,0,23 24 2 25,0
30009,'1178863',1324,,2163,6,0,23 24 2 25,0
30009,'1178865',1524,,2165,6,0,23 24 2 25,0
30009,'1178868',1724,,2168,6,0,23 24 2 25,0
30009,'1178869',1724,,2169,6,0,23 24 2 25,0
30009,'1178873',1324,,2173,6,0,23 24 2 25,0
30009,'1178880',1124,,2180,6,0,23 24 2 25,0
30009,'1178881',1224,,2181,6,0,23 24 2 25,0
30009,'1178882',1824,,2182,6,0,23 24 2 25,0
30009,'1178883',1424,,2183,6,0,23 24 2 25,0
30009,'1178884',854,,2184,6,0,23 24 2 25,0
30009,'1178885',1924,,2185,6,0,23 24 2 25,0
30009,'1178886',924,,2186,6,0,23 24 2 25,0
30009,'1178887',2024,,2187,6,0,23 24 2 25,0
30009,'1178896',724,,2196,6,0,23 24 2 25,0
30009,'1178897',2124,,2197,6,0,23 24 2 25,0
30009,'1178898',1624,,2198,6,0,23 24 2 25,0
30009,'1178899',1554,,2199,6,0,23 24 2 25,0
