14009,'1142164',1119,,765,8,0,5 6 7,0
14009,'1142187',1419,,767,8,0,5 6 7,0
14009,'1142323',1619,,768,8,0,5 6 7,0
14009,'1142325',1719,,769,8,0,5 6 7,0
14009,'1142341',1219,,770,8,0,5 6 7,0
14009,'1142386',919,,773,8,0,5 6 7,0
14009,'1142559',1519,,776,8,0,5 6 7,0
14009,'1142645',1319,,778,8,0,5 6 7,0
14009,'1142708',1019,,780,8,0,5 6 7,0
19001109,'1142212',1249,,1065,8,,,0
19001109,'1142345',1149,,1078,8,,,0
19001109,'1142412',1349,,1081,8,,,0
19001109,'1142503',1349,,1086,8,,,0
19001109,'1142554',1449,,1091,8,,,0
19001109,'1142583',1049,,1094,8,,,0
19001109,'1142588',1149,,1095,8,,,0
19001109,'1142664',1449,,1098,8,,,0
19001109,'1142756',1549,,1101,8,,,0
19001109,'1142845',1049,,1106,8,,,0
19001109,'1142860',1249,,1107,8,,,0
19001109,'1142880',1549,,1108,8,,,0
19001109,'1175791',2049,,1347,8,,,0
19001109,'1175792',1849,,1348,8,,,0
19001109,'1175853',1849,,1349,8,,,0
19001109,'1175887',1719,,1350,8,,,0
19001109,'1175950',649,,1351,8,,,0
19001109,'1175987',749,,1352,8,,,0
19001109,'1175992',1749,,1353,8,,,0
19001109,'1176020',649,,1354,8,,,0
19001109,'1176179',1749,,1355,8,,,0
19001109,'1176193',1949,,1356,8,,,0
19001109,'1176227',2049,,1357,8,,,0
19001109,'1176244',1649,,1358,8,,,0
19001109,'1176256',819,,1359,8,,,0
19001109,'1176310',849,,1360,8,,,0
19001109,'1176359',1949,,1361,8,,,0
19001109,'1176409',2244,,1362,8,0,12,0
19001109,'1176413',919,,1363,8,,,0
19001109,'1176424',949,,1364,8,,,0
19001109,'1176436',949,,1365,8,,,0
19001109,'1176437',849,,1366,8,,,0
19001109,'1176447',2244,,1367,8,0,12,0
19001109,'1176477',1649,,1368,8,,,0
19001109,'1176498',719,,1369,8,,,0
19001109,'1176505',2149,,1370,8,,,0
19001109,'1176514',749,,1371,8,,,0
19001109,'1176571',2149,,1372,8,,,0
19001109,'1176619',1819,,1373,8,0,8 21,0
