13009,'1176096',1134,,1537,16,,,0
13009,'1176190',1534,,1540,16,,,0
13009,'1176224',1034,,1542,16,,,0
13009,'1176248',1734,,1543,16,,,0
13009,'1176271',1634,,1544,16,,,0
13009,'1176360',934,,1545,16,,,0
13009,'1176371',1234,,1546,16,,,0
13009,'1176623',1334,,1549,16,,,0
13009,'1176644',1434,,1550,16,,,0
14001209,'1175718',1626,,1789,16,,,0
14001209,'1175861',1856,,1790,16,,,0
14001209,'1175900',1726,,1791,16,,,0
14001209,'1175913',2256,,1792,16,0,8 21,0
14001209,'1175915',2056,,1793,16,,,0
14001209,'1175917',1426,,1794,16,,,0
14001209,'1175919',1956,,1795,16,,,0
14001209,'1175938',756,,1796,16,,,0
14001209,'1175939',1756,,1797,16,,,0
14001209,'1175983',2156,,1798,16,,,0
14001209,'1176007',1256,,1799,16,,,0
14001209,'1176012',1056,,1800,16,,,0
14001209,'1176069',856,,1801,16,,,0
14001209,'1176070',1156,,1802,16,,,0
14001209,'1176091',956,,1803,16,,,0
14001209,'1176103',956,,1805,16,,,0
14001209,'1176117',1156,,1806,16,,,0
14001209,'1176122',2256,,1807,16,0,8 21,0
14001209,'1176163',1856,,1808,16,,,0
14001209,'1176213',1056,,1809,16,,,0
14001209,'1176217',1556,,1810,16,,,0
14001209,'1176245',1756,,1811,16,,,0
14001209,'1176255',856,,1812,16,,,0
14001209,'1176275',1656,,1813,16,,,0
14001209,'1176323',1126,,1814,16,,,0
14001209,'1176336',1826,,1815,16,0,8 21,0
14001209,'1176343',1356,,1816,16,,,0
14001209,'1176354',1456,,1817,16,,,0
14001209,'1176378',1256,,1818,16,,,0
14001209,'1176401',726,,1819,16,,,0
14001209,'1176411',2056,,1820,16,,,0
14001209,'1176440',1456,,1821,16,,,0
14001209,'1176458',656,,1822,16,,,0
14001209,'1176470',1556,,1823,16,,,0
14001209,'1176472',1026,,1824,16,,,0
14001209,'1176483',1326,,1825,16,,,0
14001209,'1176488',1656,,1826,16,,,0
14001209,'1176515',1956,,1827,16,,,0
14001209,'1176526',926,,1828,16,,,0
14001209,'1176532',1226,,1829,16,,,0
14001209,'1176546',2156,,1830,16,,,0
14001209,'1176594',826,,1831,16,,,0
14001209,'1176599',1526,,1832,16,,,0
14001209,'1176626',756,,1833,16,,,0
14001209,'1176676',1356,,1834,16,,,0
