30009,'1178822',1407,,2122,18,0,23 24 2 26,0
30009,'1178823',807,,2123,18,0,23 24 2 26,0
30009,'1178824',907,,2124,18,0,23 24 2 26,0
30009,'1178825',1507,,2125,18,0,23 24 2 26,0
30009,'1178832',1037,,2132,18,0,8 9 2 26,0
30009,'1178833',1007,,2133,18,0,23 24 2 26,0
30009,'1178834',837,,2134,18,0,23 24 2 26,0
30009,'1178837',1807,,2137,18,0,23 24 2 26,0
30009,'1178839',1207,,2139,18,0,23 24 2 26,0
30009,'1178842',1307,,2142,18,0,23 24 2 26,0
30009,'1178844',737,,2144,18,0,23 24 2 26,0
30009,'1178849',1737,,2149,18,0,23 24 2 26,0
30009,'1178850',1007,,2150,18,0,23 24 2 26,0
30009,'1178851',907,,2151,18,0,23 24 2 26,0
30009,'1178853',2007,,2153,18,0,23 24 2 26,0
30009,'1178855',1507,,2155,18,0,23 24 2 26,0
30009,'1178856',2107,,2156,18,0,23 24 2 26,0
30009,'1178858',1907,,2158,18,0,23 24 2 26,0
30009,'1178859',1607,,2159,18,0,23 24 2 26,0
30009,'1178862',1807,,2162,18,0,23 24 2 26,0
30009,'1178864',1107,,2164,18,0,23 24 2 26,0
30009,'1178866',2207,,2166,18,0,8 9 2 26,0
30009,'1178867',2107,,2167,18,0,23 24 2 26,0
30009,'1178870',1907,,2170,18,0,23 24 2 26,0
30009,'1178872',1407,,2172,18,0,23 24 2 26,0
30009,'1178875',1207,,2175,18,0,23 24 2 26,0
30009,'1178877',2007,,2177,18,0,23 24 2 26,0
30009,'1178878',1637,,2178,18,0,23 24 2 26,0
30009,'1178879',1607,,2179,18,0,23 24 2 26,0
30009,'1178888',1107,,2188,18,0,23 24 2 26,0
30009,'1178889',1307,,2189,18,0,23 24 2 26,0
30009,'1178890',937,,2190,18,0,23 24 2 26,0
30009,'1178891',2207,,2191,18,0,8 9 2 26,0
30009,'1178892',1707,,2192,18,0,23 24 2 26,0
30009,'1178894',807,,2194,18,0,23 24 2 26,0
30009,'1178900',1837,,2200,18,0,8 9 2 26,0
30009,'1178901',1707,,2201,18,0,23 24 2 26,0
