13009,'1142144',1027,,747,9,,,0
13009,'1142247',1427,,748,9,,,0
13009,'1142389',1627,,749,9,,,0
13009,'1142437',1227,,753,9,,,0
13009,'1142616',927,,755,9,,,0
13009,'1142716',1727,,758,9,,,0
13009,'1142721',1327,,760,9,,,0
13009,'1142852',1127,,763,9,,,0
13009,'1142885',1527,,764,9,,,0
14001209,'1142139',1321,,921,9,,,0
14001209,'1142151',1151,,922,9,,,0
14001209,'1142158',1521,,923,9,,,0
14001209,'1142168',1421,,924,9,,,0
14001209,'1142228',1351,,925,9,,,0
14001209,'1142235',1051,,926,9,,,0
14001209,'1142256',1221,,927,9,,,0
14001209,'1142291',1651,,928,9,,,0
14001209,'1142293',1621,,929,9,,,0
14001209,'1142309',1021,,930,9,,,0
14001209,'1142370',751,,931,9,,,0
14001209,'1142374',2251,,932,9,0,8 9,0
14001209,'1142423',1121,,933,9,,,0
14001209,'1142439',751,,934,9,,,0
14001209,'1142486',821,,935,9,,,0
14001209,'1142509',1451,,936,9,,,0
14001209,'1142542',1851,,937,9,,,0
14001209,'1142545',1051,,938,9,,,0
14001209,'1142567',951,,939,9,,,0
14001209,'1142571',1651,,940,9,,,0
14001209,'1142573',1251,,941,9,,,0
14001209,'1142591',1751,,942,9,,,0
14001209,'1142598',851,,943,9,,,0
14001209,'1142600',721,,944,9,,,0
14001209,'1142650',2151,,945,9,,,0
14001209,'1142656',1821,,946,9,0,8 9,0
14001209,'1142691',1751,,947,9,,,0
14001209,'1142694',1251,,948,9,,,0
14001209,'1142710',2151,,949,9,,,0
14001209,'1142742',651,,951,9,,,0
14001209,'1142760',921,,952,9,,,0
14001209,'1142766',1151,,953,9,,,0
14001209,'1142771',1721,,954,9,,,0
14001209,'1142778',1551,,955,9,,,0
14001209,'1142786',2051,,956,9,,,0
14001209,'1142797',1951,,957,9,,,0
14001209,'1142806',1351,,958,9,,,0
14001209,'1142815',2251,,959,9,0,8 9,0
14001209,'1142817',1551,,960,9,,,0
14001209,'1142820',1851,,961,9,,,0
14001209,'1142837',851,,962,9,,,0
14001209,'1142854',951,,963,9,,,0
14001209,'1142855',2051,,964,9,,,0
14001209,'1142858',1451,,965,9,,,0
14001209,'1142869',1951,,966,9,,,0
