11009,'1142335',1533,,679,2,,,0
11009,'1142379',1033,,680,2,,,0
11009,'1142419',1433,,681,2,,,0
11009,'1142541',933,,682,2,,,0
11009,'1142671',1333,,686,2,,,0
11009,'1142693',1733,,687,2,,,0
11009,'1142705',1133,,688,2,,,0
11009,'1142723',1233,,689,2,,,0
11009,'1142862',1633,,691,2,,,0
15009,'1142159',1436,,783,2,,,0
15009,'1142174',1136,,784,2,,,0
15009,'1142445',1336,,787,2,,,0
15009,'1142451',936,,788,2,,,0
15009,'1142478',1736,,790,2,,,0
15009,'1142634',1036,,793,2,,,0
15009,'1142773',1636,,795,2,,,0
15009,'1142793',1236,,796,2,,,0
15009,'1142829',1536,,797,2,,,0
20009,'1175726',1134,,1297,2,0,10 11,0
20009,'1175784',1534,,1298,2,0,10 11,0
20009,'1175818',1334,,1299,2,0,10 11,0
20009,'1175944',1734,,1300,2,0,10 11,0
20009,'1175945',1034,,1301,2,0,10 11,0
20009,'1176098',1434,,1302,2,0,10 11,0
20009,'1176169',1634,,1303,2,0,10 11,0
20009,'1176242',934,,1304,2,0,10 11,0
20009,'1176491',1234,,1305,2,0,10 11,0
14001009,'1142143',1343,,875,4,,,0
14001009,'1142178',643,,876,4,,,0
14001009,'1142189',843,,877,4,,,0
14001009,'1142190',713,,878,4,,,0
14001009,'1142194',1443,,879,4,,,0
14001009,'1142216',943,,880,4,,,0
14001009,'1142231',813,,881,4,,,0
14001009,'1142237',1343,,882,4,,,0
14001009,'1142279',1643,,883,4,,,0
14001009,'1142282',1243,,884,4,,,0
14001009,'1142286',843,,885,4,,,0
14001009,'1142290',1943,,886,4,,,0
14001009,'1142306',1013,,887,4,0,8 21,0
14001009,'1142344',2043,,888,4,,,0
14001009,'1142360',1143,,889,4,,,0
14001009,'1142369',2243,,890,4,0,8 21,0
14001009,'1142375',1043,,891,4,,,0
14001009,'1142407',1513,,892,4,0,8 21,0
14001009,'1142438',913,,893,4,0,8 21,0
14001009,'1142459',943,,894,4,,,0
14001009,'1142460',1113,,895,4,0,8 21,0
14001009,'1142462',1543,,896,4,,,0
14001009,'1142479',1843,,897,4,,,0
14001009,'1142483',1443,,898,4,,,0
14001009,'1142505',2243,,899,4,0,8 21,0
14001009,'1142508',1843,,900,4,,,0
14001009,'1142510',1543,,901,4,,,0
14001009,'1142517',1213,,902,4,0,8 21,0
14001009,'1142538',1043,,903,4,,,0
14001009,'1142556',1413,,904,4,0,8 21,0
14001009,'1142580',1743,,905,4,,,0
14001009,'1142619',2043,,906,4,,,0
14001009,'1142627',1813,,907,4,0,8 21,0
14001009,'1142660',1613,,908,4,,,0
14001009,'1142682',743,,909,4,,,0
14001009,'1142715',1943,,910,4,,,0
14001009,'1142781',2143,,912,4,,,0
14001009,'1142787',1743,,913,4,,,0
14001009,'1142798',1313,,914,4,0,8 21,0
14001009,'1142811',1143,,915,4,,,0
14001009,'1142812',1713,,916,4,,,0
14001009,'1142840',743,,917,4,,,0
14001009,'1142842',2143,,918,4,,,0
14001009,'1142843',1243,,919,4,,,0
14001009,'1142861',1643,,920,4,,,0
14001609,'1142224',1318,,1020,4,0,8 21,0
14001609,'1142239',1018,,1022,4,0,8 21,0
14001609,'1142308',1818,,1028,4,0,8 21,0
14001609,'1142473',1118,,1035,4,0,8 21,0
14001609,'1142717',1218,,1051,4,0,8 21,0
14001609,'1142803',918,,1054,4,0,8 21,0
14001609,'1142886',1418,,1060,4,0,8 21,0
14001609,'1175743',648,,1306,4,,,0
14001609,'1175762',748,,1307,4,,,0
14001609,'1175785',948,,1308,4,,,0
14001609,'1175815',718,,1309,4,,,0
14001609,'1175849',848,,1310,4,,,0
14001609,'1175881',848,,1311,4,,,0
14001609,'1175901',1248,,1313,4,,,0
14001609,'1175909',818,,1314,4,,,0
14001609,'1175926',1148,,1315,4,,,0
14001609,'1175981',1718,,1316,4,,,0
14001609,'1176005',2148,,1317,4,,,0
14001609,'1176019',1848,,1318,4,,,0
14001609,'1176030',1348,,1319,4,,,0
14001609,'1176078',1648,,1321,4,,,0
14001609,'1176081',1948,,1322,4,,,0
14001609,'1176129',1448,,1323,4,,,0
14001609,'1176134',2048,,1325,4,,,0
14001609,'1176154',2048,,1326,4,,,0
14001609,'1176172',1548,,1327,4,,,0
14001609,'1176186',1618,,1328,4,,,0
14001609,'1176192',2148,,1329,4,,,0
14001609,'1176206',1248,,1330,4,,,0
14001609,'1176260',1348,,1331,4,,,0
14001609,'1176285',1748,,1332,4,,,0
14001609,'1176332',1748,,1334,4,,,0
14001609,'1176457',1048,,1335,4,,,0
14001609,'1176506',1848,,1336,4,,,0
14001609,'1176531',1948,,1337,4,,,0
14001609,'1176542',1518,,1338,4,,,0
14001609,'1176555',1148,,1339,4,,,0
14001609,'1176566',1048,,1340,4,,,0
14001609,'1176590',948,,1341,4,,,0
14001609,'1176615',1448,,1342,4,,,0
14001609,'1176650',1548,,1343,4,,,0
14001609,'1176683',1648,,1344,4,,,0
14001609,'1176688',748,,1345,4,,,0
