14001209,'1083697',1750,,248,28,,,0
14001209,'1083724',850,,250,28,,,0
14001209,'1083738',2220,,251,28,,,0
14001209,'1083756',1220,,252,28,,,0
14001209,'1083770',1520,,253,28,,,0
14001209,'1083781',1520,,254,28,,,0
14001209,'1083804',1020,,255,28,,,0
14001209,'1083812',1550,,256,28,,,0
14001209,'1083825',1420,,257,28,,,0
14001209,'1083828',920,,258,28,,,0
14001209,'1083832',1820,,259,28,,,0
14001209,'1083836',1650,,260,28,,,0
14001209,'1083837',1720,,261,28,,,0
14001209,'1083842',1050,,262,28,,,0
14001209,'1083858',1920,,263,28,,,0
14001209,'1083876',1120,,264,28,,,0
14001209,'1083895',2220,,265,28,,,0
14001209,'1083906',1450,,266,28,,,0
14001209,'1083907',1220,,267,28,,,0
14001209,'1083916',2120,,268,28,,,0
14001209,'1083935',1420,,269,28,,,0
14001209,'1083976',1120,,270,28,,,0
14001209,'1083988',1320,,271,28,,,0
14001209,'1083993',1150,,272,28,,,0
14001209,'1084000',1020,,273,28,,,0
14001209,'1084037',1820,,275,28,,,0
14001209,'1084075',1350,,276,28,,,0
14001209,'1084089',2020,,278,28,,,0
14001209,'1084099',1920,,279,28,,,0
14001209,'1084198',1620,,281,28,,,0
14001209,'1084227',1250,,282,28,,,0
14001209,'1084231',950,,283,28,,,0
14001209,'1084254',820,,284,28,,,0
14001209,'1084265',750,,285,28,,,0
14001209,'1084270',2120,,286,28,,,0
14001209,'1084287',1720,,287,28,,,0
14001209,'1084309',720,,288,6,,,0
14001209,'1084310',1620,,289,28,,,0
14001209,'1084331',820,,290,28,,,0
14001209,'1084345',920,,291,28,,,0
14001209,'1084350',1320,,292,28,,,0
14001209,'1084370',2020,,293,28,,,0
14001209,'1142661',720,,634,28,,,0
