13009,'1175768',1409,,1533,21,0,19 15,0
13009,'1175851',1209,,1534,21,0,19 15,0
13009,'1175875',1309,,1535,21,0,19 15,0
13009,'1175888',1109,,1536,21,0,19 15,0
13009,'1176171',1509,,1538,21,0,19 15,0
13009,'1176184',909,,1539,21,0,19 15,0
13009,'1176223',1609,,1541,21,0,19 15,0
13009,'1176463',1009,,1547,21,0,19 15,0
13009,'1176497',1709,,1548,21,0,19 15,0
19001309,'1175728',900,,1978,53,,,0
19001309,'1175734',1530,,1979,53,,,0
19001309,'1175770',2030,,1980,53,,,0
19001309,'1175816',1830,,1982,53,,,0
19001309,'1175833',1730,,1983,53,,,0
19001309,'1175860',1400,,1984,53,,,0
19001309,'1175862',1130,,1985,53,,,0
19001309,'1175891',1200,,1986,53,,,0
19001309,'1175892',1000,,1987,53,,,0
19001309,'1175985',700,,1988,21,,,0
19001309,'1175994',930,,1989,53,,,0
19001309,'1176023',830,,1990,53,,,0
19001309,'1176034',1130,,1991,53,,,0
19001309,'1176044',1430,,1992,53,,,0
19001309,'1176064',1100,,1993,53,,,0
19001309,'1176125',1730,,1994,53,,,0
19001309,'1176139',1230,,1995,53,,,0
19001309,'1176167',2230,,1996,53,,,0
19001309,'1176182',1330,,1997,53,,,0
19001309,'1176185',800,,1998,53,,,0
19001309,'1176187',1330,,1999,53,,,0
19001309,'1176196',1230,,2000,53,,,0
19001309,'1176261',1030,,2001,53,,,0
19001309,'1176277',2130,,2002,53,,,0
19001309,'1176318',1430,,2003,53,,,0
19001309,'1176331',2030,,2004,53,,,0
19001309,'1176338',1930,,2005,53,,,0
19001309,'1176348',1600,,2006,53,,,0
19001309,'1176367',1630,,2007,53,,,0
19001309,'1176387',2230,,2008,53,,,0
19001309,'1176389',830,,2009,53,,,0
19001309,'1176392',730,,2010,53,,,0
19001309,'1176394',1630,,2011,53,,,0
19001309,'1176446',1830,,2012,53,,,0
19001309,'1176462',2130,,2013,53,,,0
19001309,'1176473',1930,,2014,53,,,0
19001309,'1176527',1030,,2015,53,,,0
19001309,'1176539',1700,,2016,53,,,0
19001309,'1176543',1500,,2017,53,,,0
19001309,'1176550',630,,2018,21,,,0
19001309,'1176567',930,,2019,53,,,0
19001309,'1176597',1530,,2020,53,,,0
19001309,'1176614',1300,,2021,53,,,0
19001309,'1176638',1800,,2022,53,,,0
19001309,'1176660',730,,2023,53,,,0
