12009,'1175885',1721,,1519,4,0,18 7,0
12009,'1175923',1521,,1520,4,0,18 7,0
12009,'1175952',1321,,1521,4,0,18 7,0
12009,'1175971',1021,,1522,4,0,18 7,0
12009,'1176115',1121,,1524,4,0,18 7,0
12009,'1176305',1621,,1526,4,0,18 7,0
12009,'1176431',1421,,1528,4,0,18 7,0
12009,'1176538',921,,1530,4,0,18 7,0
12009,'1176625',1221,,1531,4,0,18 7,0
19001309,'1175728',812,,1978,4,,,0
19001309,'1175734',1442,,1979,4,,,0
19001309,'1175770',1942,,1980,4,,,0
19001309,'1175814',1812,,1981,4,0,8 21,0
19001309,'1175816',1742,,1982,4,,,0
19001309,'1175833',1642,,1983,4,,,0
19001309,'1175860',1312,,1984,4,,,0
19001309,'1175862',1042,,1985,4,,,0
19001309,'1175891',1112,,1986,4,,,0
19001309,'1175892',912,,1987,4,,,0
19001309,'1175994',842,,1989,4,,,0
19001309,'1176023',742,,1990,4,,,0
19001309,'1176034',1042,,1991,4,,,0
19001309,'1176044',1342,,1992,4,,,0
19001309,'1176064',1012,,1993,4,,,0
19001309,'1176125',1642,,1994,4,,,0
19001309,'1176139',1142,,1995,4,,,0
19001309,'1176167',2142,,1996,4,,,0
19001309,'1176182',1242,,1997,4,,,0
19001309,'1176185',712,,1998,4,,,0
19001309,'1176187',1242,,1999,4,,,0
19001309,'1176196',1142,,2000,4,,,0
19001309,'1176261',942,,2001,4,,,0
19001309,'1176277',2042,,2002,4,,,0
19001309,'1176318',1342,,2003,4,,,0
19001309,'1176331',1942,,2004,4,,,0
19001309,'1176338',1842,,2005,4,,,0
19001309,'1176348',1512,,2006,4,,,0
19001309,'1176367',1542,,2007,4,,,0
19001309,'1176387',2142,,2008,4,,,0
19001309,'1176389',742,,2009,4,,,0
19001309,'1176392',642,,2010,4,,,0
19001309,'1176394',1542,,2011,4,,,0
19001309,'1176446',1742,,2012,4,,,0
19001309,'1176462',2042,,2013,4,,,0
19001309,'1176473',1842,,2014,4,,,0
19001309,'1176527',942,,2015,4,,,0
19001309,'1176539',1612,,2016,4,,,0
19001309,'1176543',1412,,2017,4,,,0
19001309,'1176567',842,,2019,4,,,0
19001309,'1176597',1442,,2020,4,,,0
19001309,'1176614',1212,,2021,4,,,0
19001309,'1176638',1712,,2022,4,,,0
19001309,'1176660',642,,2023,4,,,0
