19001309,'1175725',720,,1374,40,,,0
19001309,'1175746',1320,,1375,40,,,0
19001309,'1175750',2220,,1376,40,,,0
19001309,'1175754',620,,1377,8,,,0
19001309,'1175772',2120,,1378,40,,,0
19001309,'1175824',2020,,1379,40,,,0
19001309,'1175844',720,,1380,40,,,0
19001309,'1175930',1820,,1381,40,,,0
19001309,'1175941',1520,,1382,40,,,0
19001309,'1175974',1650,,1383,40,,,0
19001309,'1176027',1220,,1384,40,,,0
19001309,'1176051',1350,,1385,40,,,0
19001309,'1176056',1550,,1386,40,,,0
19001309,'1176072',920,,1387,40,,,0
19001309,'1176088',850,,1388,40,,,0
19001309,'1176113',1020,,1389,40,,,0
19001309,'1176123',1520,,1390,40,,,0
19001309,'1176150',1720,,1391,40,,,0
19001309,'1176155',1750,,1392,40,,,0
19001309,'1176191',1920,,1393,40,,,0
19001309,'1176203',2020,,1394,40,,,0
19001309,'1176205',820,,1395,40,,,0
19001309,'1176216',750,,1396,40,,,0
19001309,'1176219',1620,,1397,40,,,0
19001309,'1176231',1320,,1398,40,,,0
19001309,'1176237',1220,,1399,40,,,0
19001309,'1176251',920,,1400,40,,,0
19001309,'1176267',1920,,1401,40,,,0
19001309,'1176294',650,,1402,8,,,0
19001309,'1176327',2220,,1403,40,,,0
19001309,'1176330',1120,,1404,40,,,0
19001309,'1176347',1420,,1405,40,,,0
19001309,'1176350',1420,,1406,40,,,0
19001309,'1176372',950,,1407,40,,,0
19001309,'1176377',2120,,1408,40,,,0
19001309,'1176385',1020,,1409,40,,,0
19001309,'1176484',1620,,1410,40,,,0
19001309,'1176487',1250,,1411,40,,,0
19001309,'1176502',1450,,1412,40,,,0
19001309,'1176565',1120,,1413,40,,,0
19001309,'1176609',1720,,1414,40,,,0
19001309,'1176622',1820,,1415,40,,,0
19001309,'1176667',820,,1416,40,,,0
19001309,'1176691',1150,,1417,40,,,0
19001309,'1176694',1050,,1418,40,,,0
