13009,'1142144',1032,,747,15,,,0
13009,'1142247',1432,,748,15,,,0
13009,'1142389',1632,,749,15,,,0
13009,'1142437',1232,,753,15,,,0
13009,'1142616',932,,755,15,,,0
13009,'1142716',1732,,758,15,,,0
13009,'1142721',1332,,760,15,,,0
13009,'1142852',1132,,763,15,,,0
13009,'1142885',1532,,764,15,,,0
14001209,'1142139',1325,,921,15,,,0
14001209,'1142151',1155,,922,15,,,0
14001209,'1142158',1525,,923,15,,,0
14001209,'1142168',1425,,924,15,,,0
14001209,'1142228',1355,,925,15,,,0
14001209,'1142235',1055,,926,15,,,0
14001209,'1142256',1225,,927,15,,,0
14001209,'1142291',1655,,928,15,,,0
14001209,'1142293',1625,,929,15,,,0
14001209,'1142309',1025,,930,15,,,0
14001209,'1142370',755,,931,15,,,0
14001209,'1142374',2255,,932,15,0,8 9,0
14001209,'1142423',1125,,933,15,,,0
14001209,'1142439',755,,934,15,,,0
14001209,'1142486',825,,935,15,,,0
14001209,'1142509',1455,,936,15,,,0
14001209,'1142542',1855,,937,15,,,0
14001209,'1142545',1055,,938,15,,,0
14001209,'1142567',955,,939,15,,,0
14001209,'1142571',1655,,940,15,,,0
14001209,'1142573',1255,,941,15,,,0
14001209,'1142591',1755,,942,15,,,0
14001209,'1142598',855,,943,15,,,0
14001209,'1142600',725,,944,15,,,0
14001209,'1142650',2155,,945,15,,,0
14001209,'1142656',1825,,946,15,0,8 9,0
14001209,'1142691',1755,,947,15,,,0
14001209,'1142694',1255,,948,15,,,0
14001209,'1142710',2155,,949,15,,,0
14001209,'1142742',655,,951,15,,,0
14001209,'1142760',925,,952,15,,,0
14001209,'1142766',1155,,953,15,,,0
14001209,'1142771',1725,,954,15,,,0
14001209,'1142778',1555,,955,15,,,0
14001209,'1142786',2055,,956,15,,,0
14001209,'1142797',1955,,957,15,,,0
14001209,'1142806',1355,,958,15,,,0
14001209,'1142815',2255,,959,15,0,8 9,0
14001209,'1142817',1555,,960,15,,,0
14001209,'1142820',1855,,961,15,,,0
14001209,'1142837',855,,962,15,,,0
14001209,'1142854',955,,963,15,,,0
14001209,'1142855',2055,,964,15,,,0
14001209,'1142858',1455,,965,15,,,0
14001209,'1142869',1955,,966,15,,,0
