13009,'1175768',1413,,1533,26,0,19 15,0
13009,'1175851',1213,,1534,26,0,19 15,0
13009,'1175875',1313,,1535,26,0,19 15,0
13009,'1175888',1113,,1536,26,0,19 15,0
13009,'1176171',1513,,1538,26,0,19 15,0
13009,'1176184',913,,1539,26,0,19 15,0
13009,'1176223',1613,,1541,26,0,19 15,0
13009,'1176463',1013,,1547,26,0,19 15,0
13009,'1176497',1713,,1548,26,0,19 15,0
15009,'1175719',1730,,1569,37,0,20 15,0
15009,'1175730',1530,,1570,37,0,20 15,0
15009,'1175737',1330,,1571,37,0,20 15,0
15009,'1175828',1430,,1572,37,0,20 15,0
15009,'1175835',1030,,1573,37,0,20 15,0
15009,'1176048',1230,,1578,37,0,20 15,0
15009,'1176230',1630,,1580,37,0,20 15,0
15009,'1176301',930,,1582,37,0,20 15,0
15009,'1176568',1130,,1584,37,0,20 15,0
30009,'1175721',1641,,1661,20,,,0
30009,'1175727',1341,,1662,20,,,0
30009,'1175735',1441,,1664,20,,,0
30009,'1175749',1811,,1665,20,,,0
30009,'1175758',1541,,1666,20,,,0
30009,'1175761',1711,,1667,20,,,0
30009,'1175780',1841,,1669,20,,,0
30009,'1175796',941,,1670,20,,,0
30009,'1175817',1041,,1671,20,,,0
30009,'1175867',1241,,1672,20,,,0
30009,'1175878',841,,1673,20,,,0
30009,'1175911',1041,,1678,20,,,0
30009,'1175934',2141,,1680,20,,,0
30009,'1175959',741,,1682,20,,,0
30009,'1175964',911,,1683,20,,,0
30009,'1175972',1141,,1685,20,,,0
30009,'1175993',1011,,1686,20,,,0
30009,'1176061',1141,,1693,20,,,0
30009,'1176118',1841,,1697,20,,,0
30009,'1176121',1641,,1698,20,,,0
30009,'1176144',1541,,1699,20,,,0
30009,'1176232',1741,,1710,20,,,0
30009,'1176233',1941,,1711,20,,,0
30009,'1176333',1241,,1718,20,,,0
30009,'1176388',2041,,1720,20,,,0
30009,'1176404',1941,,1722,20,,,0
30009,'1176405',711,,1723,19,,,0
30009,'1176456',1741,,1728,20,,,0
30009,'1176480',941,,1730,20,,,0
30009,'1176489',741,,1731,19,,,0
30009,'1176494',811,,1732,20,,,0
30009,'1176499',1611,,1733,20,,,0
30009,'1176503',1441,,1734,20,,,0
30009,'1176511',2141,,1735,20,,,0
30009,'1176516',1341,,1736,20,,,0
30009,'1176633',841,,1741,20,,,0
30009,'1176649',2041,,1742,20,,,0
14001409,'1175733',1853,,1835,13,,,0
14001409,'1175775',1153,,1836,13,,,0
14001409,'1175776',2053,,1837,13,,,0
14001409,'1175786',1953,,1838,13,,,0
14001409,'1175790',1553,,1839,13,,,0
14001409,'1175803',1353,,1840,13,,,0
14001409,'1175809',923,,1841,13,,,0
14001409,'1175820',1453,,1842,13,,,0
14001409,'1175821',1153,,1843,13,,,0
14001409,'1175838',1123,,1844,13,,,0
14001409,'1175856',1053,,1845,13,,,0
14001409,'1175876',1553,,1846,13,,,0
14001409,'1175893',1853,,1847,13,,,0
14001409,'1175894',1723,,1848,13,,,0
14001409,'1175902',1623,,1849,13,,,0
14001409,'1175961',1253,,1850,13,,,0
14001409,'1175973',853,,1851,13,,,0
14001409,'1175975',1753,,1852,13,,,0
14001409,'1175979',1823,,1853,13,0,8 21,0
14001409,'1175999',823,,1854,13,,,0
14001409,'1176001',1023,,1855,13,,,0
14001409,'1176014',1053,,1856,13,,,0
14001409,'1176036',723,,1857,13,,,0
14001409,'1176047',1353,,1858,13,,,0
14001409,'1176050',2053,,1859,13,,,0
14001409,'1176071',1223,,1860,13,,,0
14001409,'1176160',1653,,1861,13,,,0
14001409,'1176250',753,,1862,13,,,0
14001409,'1176268',2153,,1863,13,,,0
14001409,'1176283',1323,,1864,13,,,0
14001409,'1176308',2153,,1866,13,,,0
14001409,'1176314',653,,1867,13,,,0
14001409,'1176393',953,,1869,13,,,0
14001409,'1176423',753,,1870,13,,,0
14001409,'1176476',1523,,1872,13,,,0
14001409,'1176485',953,,1873,13,,,0
14001409,'1176522',853,,1874,13,,,0
14001409,'1176556',1653,,1876,13,,,0
14001409,'1176558',1453,,1877,13,,,0
14001409,'1176598',1953,,1878,13,,,0
14001409,'1176631',1253,,1879,13,,,0
14001409,'1176643',1423,,1880,13,,,0
14001409,'1176681',1753,,1881,13,,,0
19001309,'1175728',904,,1978,58,,,0
19001309,'1175734',1534,,1979,58,,,0
19001309,'1175770',2034,,1980,58,,,0
19001309,'1175816',1834,,1982,58,,,0
19001309,'1175833',1734,,1983,58,,,0
19001309,'1175860',1404,,1984,58,,,0
19001309,'1175862',1134,,1985,58,,,0
19001309,'1175891',1204,,1986,58,,,0
19001309,'1175892',1004,,1987,58,,,0
19001309,'1175985',704,,1988,26,,,0
19001309,'1175994',934,,1989,58,,,0
19001309,'1176023',834,,1990,58,,,0
19001309,'1176034',1134,,1991,58,,,0
19001309,'1176044',1434,,1992,58,,,0
19001309,'1176064',1104,,1993,58,,,0
19001309,'1176125',1734,,1994,58,,,0
19001309,'1176139',1234,,1995,58,,,0
19001309,'1176167',2234,,1996,58,,,0
19001309,'1176182',1334,,1997,58,,,0
19001309,'1176185',804,,1998,58,,,0
19001309,'1176187',1334,,1999,58,,,0
19001309,'1176196',1234,,2000,58,,,0
19001309,'1176261',1034,,2001,58,,,0
19001309,'1176277',2134,,2002,58,,,0
19001309,'1176318',1434,,2003,58,,,0
19001309,'1176331',2034,,2004,58,,,0
19001309,'1176338',1934,,2005,58,,,0
19001309,'1176348',1604,,2006,58,,,0
19001309,'1176367',1634,,2007,58,,,0
19001309,'1176387',2234,,2008,58,,,0
19001309,'1176389',834,,2009,58,,,0
19001309,'1176392',734,,2010,58,,,0
19001309,'1176394',1634,,2011,58,,,0
19001309,'1176446',1834,,2012,58,,,0
19001309,'1176462',2134,,2013,58,,,0
19001309,'1176473',1934,,2014,58,,,0
19001309,'1176527',1034,,2015,58,,,0
19001309,'1176539',1704,,2016,58,,,0
19001309,'1176543',1504,,2017,58,,,0
19001309,'1176550',634,,2018,26,,,0
19001309,'1176567',934,,2019,58,,,0
19001309,'1176597',1534,,2020,58,,,0
19001309,'1176614',1304,,2021,58,,,0
19001309,'1176638',1804,,2022,58,,,0
19001309,'1176660',734,,2023,58,,,0
