20009,'1175879',1510,,1605,28,0,10 11,0
20009,'1175940',1110,,1607,28,0,10 11,0
20009,'1176265',1610,,1612,28,0,10 11,0
20009,'1176319',1802,,1613,28,0,10 11,0
20009,'1176398',1410,,1615,28,0,10 11,0
20009,'1176408',1010,,1616,28,0,10 11,0
20009,'1176425',1210,,1618,28,0,10 11,0
20009,'1176552',1310,,1622,28,0,10 11,0
20009,'1176647',1710,,1623,28,0,10 11,0
19001509,'1175715',2054,,2024,15,,,0
19001509,'1175729',954,,2025,15,,,0
19001509,'1175736',2154,,2026,15,0,12,0
19001509,'1175740',754,,2027,15,,,0
19001509,'1175741',1254,,2028,15,,,0
19001509,'1175769',2254,,2029,15,0,12,0
19001509,'1175774',2154,,2030,15,0,12,0
19001509,'1175778',1724,,2031,15,,,0
19001509,'1175793',1754,,2032,15,,,0
19001509,'1175801',754,,2033,15,,,0
19001509,'1175845',1324,,2034,15,,,0
19001509,'1175897',1424,,2035,15,,,0
19001509,'1175899',1154,,2036,15,,,0
19001509,'1175907',924,,2037,15,,,0
19001509,'1175925',1554,,2038,15,,,0
19001509,'1175932',1454,,2039,15,,,0
19001509,'1175953',1524,,2040,15,,,0
19001509,'1175967',1024,,2042,15,,,0
19001509,'1175996',1624,,2043,15,,,0
19001509,'1176000',854,,2044,15,,,0
19001509,'1176049',1654,,2045,15,,,0
19001509,'1176055',1854,,2046,15,,,0
19001509,'1176057',954,,2047,15,,,0
19001509,'1176073',724,,2048,15,,,0
19001509,'1176074',654,,2049,15,,,0
19001509,'1176085',1854,,2050,15,,,0
19001509,'1176090',2054,,2051,15,,,0
19001509,'1176092',1054,,2052,15,,,0
19001509,'1176093',854,,2053,15,,,0
19001509,'1176105',1954,,2054,15,,,0
19001509,'1176238',1454,,2055,15,,,0
19001509,'1176266',1124,,2056,15,,,0
19001509,'1176293',1354,,2057,15,,,0
19001509,'1176328',1224,,2058,15,,,0
19001509,'1176335',1954,,2059,15,,,0
19001509,'1176340',1824,,2060,15,0,12,0
19001509,'1176355',1554,,2061,15,,,0
19001509,'1176358',1254,,2062,15,,,0
19001509,'1176362',1754,,2063,15,,,0
19001509,'1176426',1054,,2064,15,,,0
19001509,'1176434',2254,,2065,15,0,12,0
19001509,'1176496',1354,,2067,15,,,0
19001509,'1176536',654,,2068,15,,,0
19001509,'1176537',824,,2069,15,,,0
19001509,'1176684',1654,,2070,15,,,0
19001509,'1176689',1154,,2071,15,,,0
