14001409,'1175733',1921,,1835,28,,,0
14001409,'1175775',1221,,1836,28,,,0
14001409,'1175776',2121,,1837,28,,,0
14001409,'1175786',2021,,1838,28,,,0
14001409,'1175790',1621,,1839,28,,,0
14001409,'1175803',1421,,1840,28,,,0
14001409,'1175809',951,,1841,28,,,0
14001409,'1175820',1521,,1842,28,,,0
14001409,'1175821',1221,,1843,28,,,0
14001409,'1175838',1151,,1844,28,,,0
14001409,'1175856',1121,,1845,28,,,0
14001409,'1175876',1621,,1846,28,,,0
14001409,'1175893',1921,,1847,28,,,0
14001409,'1175894',1751,,1848,28,,,0
14001409,'1175902',1651,,1849,28,,,0
14001409,'1175961',1321,,1850,28,,,0
14001409,'1175973',921,,1851,28,,,0
14001409,'1175975',1821,,1852,28,,,0
14001409,'1175999',851,,1854,28,,,0
14001409,'1176001',1051,,1855,28,,,0
14001409,'1176014',1121,,1856,28,,,0
14001409,'1176036',751,,1857,28,,,0
14001409,'1176047',1421,,1858,28,,,0
14001409,'1176050',2121,,1859,28,,,0
14001409,'1176071',1251,,1860,28,,,0
14001409,'1176160',1721,,1861,28,,,0
14001409,'1176250',821,,1862,28,,,0
14001409,'1176268',2221,,1863,28,,,0
14001409,'1176283',1351,,1864,28,,,0
14001409,'1176308',2221,,1866,28,,,0
14001409,'1176314',721,,1867,28,,,0
14001409,'1176393',1021,,1869,28,,,0
14001409,'1176423',821,,1870,28,,,0
14001409,'1176464',651,,1871,7,,,0
14001409,'1176476',1551,,1872,28,,,0
14001409,'1176485',1021,,1873,28,,,0
14001409,'1176522',921,,1874,28,,,0
14001409,'1176530',721,,1875,7,,,0
14001409,'1176556',1721,,1876,28,,,0
14001409,'1176558',1521,,1877,28,,,0
14001409,'1176598',2021,,1878,28,,,0
14001409,'1176631',1321,,1879,28,,,0
14001409,'1176643',1451,,1880,28,,,0
14001409,'1176681',1821,,1881,28,,,0
