14001609,'1175743',727,,1306,40,,,0
14001609,'1175762',827,,1307,40,,,0
14001609,'1175785',1027,,1308,40,,,0
14001609,'1175815',757,,1309,40,,,0
14001609,'1175849',927,,1310,40,,,0
14001609,'1175881',927,,1311,40,,,0
14001609,'1175882',727,,1312,20,,,0
14001609,'1175901',1327,,1313,40,,,0
14001609,'1175909',857,,1314,40,,,0
14001609,'1175926',1227,,1315,40,,,0
14001609,'1175981',1757,,1316,40,,,0
14001609,'1176005',2227,,1317,40,,,0
14001609,'1176019',1927,,1318,40,,,0
14001609,'1176030',1427,,1319,40,,,0
14001609,'1176078',1727,,1321,40,,,0
14001609,'1176081',2027,,1322,40,,,0
14001609,'1176129',1527,,1323,40,,,0
14001609,'1176134',2127,,1325,40,,,0
14001609,'1176154',2127,,1326,40,,,0
14001609,'1176172',1627,,1327,40,,,0
14001609,'1176186',1657,,1328,40,,,0
14001609,'1176192',2227,,1329,40,,,0
14001609,'1176206',1327,,1330,40,,,0
14001609,'1176260',1427,,1331,40,,,0
14001609,'1176285',1827,,1332,40,,,0
14001609,'1176332',1827,,1334,40,,,0
14001609,'1176457',1127,,1335,40,,,0
14001609,'1176506',1927,,1336,40,,,0
14001609,'1176531',2027,,1337,40,,,0
14001609,'1176542',1557,,1338,40,,,0
14001609,'1176555',1227,,1339,40,,,0
14001609,'1176566',1127,,1340,40,,,0
14001609,'1176590',1027,,1341,40,,,0
14001609,'1176615',1527,,1342,40,,,0
14001609,'1176650',1627,,1343,40,,,0
14001609,'1176683',1727,,1344,40,,,0
14001609,'1176688',827,,1345,40,,,0
