12009,'1175841',1059,,1252,44,0,18 7,0
12009,'1175914',1459,,1254,44,0,18 7,0
12009,'1176038',1159,,1255,44,0,18 7,0
12009,'1176142',1259,,1256,44,0,18 7,0
12009,'1176291',1359,,1260,44,0,18 7,0
12009,'1176342',1559,,1261,44,0,18 7,0
12009,'1176399',1812,,1262,44,0,18 7,0
12009,'1176575',959,,1268,44,0,18 7,0
12009,'1176589',1659,,1269,44,0,18 7,0
14001609,'1175743',733,,1306,45,,,0
14001609,'1175762',833,,1307,45,,,0
14001609,'1175785',1033,,1308,45,,,0
14001609,'1175815',803,,1309,45,,,0
14001609,'1175849',933,,1310,45,,,0
14001609,'1175881',933,,1311,45,,,0
14001609,'1175882',733,,1312,25,,,0
14001609,'1175901',1333,,1313,45,,,0
14001609,'1175909',903,,1314,45,,,0
14001609,'1175926',1233,,1315,45,,,0
14001609,'1175981',1803,,1316,45,,,0
14001609,'1176005',2233,,1317,45,,,0
14001609,'1176019',1933,,1318,45,,,0
14001609,'1176030',1433,,1319,45,,,0
14001609,'1176040',633,,1320,2,,,0
14001609,'1176078',1733,,1321,45,,,0
14001609,'1176081',2033,,1322,45,,,0
14001609,'1176129',1533,,1323,45,,,0
14001609,'1176132',633,,1324,2,,,0
14001609,'1176134',2133,,1325,45,,,0
14001609,'1176154',2133,,1326,45,,,0
14001609,'1176172',1633,,1327,45,,,0
14001609,'1176186',1703,,1328,45,,,0
14001609,'1176192',2233,,1329,45,,,0
14001609,'1176206',1333,,1330,45,,,0
14001609,'1176260',1433,,1331,45,,,0
14001609,'1176285',1833,,1332,45,,,0
14001609,'1176295',703,,1333,2,,,0
14001609,'1176332',1833,,1334,45,,,0
14001609,'1176457',1133,,1335,45,,,0
14001609,'1176506',1933,,1336,45,,,0
14001609,'1176531',2033,,1337,45,,,0
14001609,'1176542',1603,,1338,45,,,0
14001609,'1176555',1233,,1339,45,,,0
14001609,'1176566',1133,,1340,45,,,0
14001609,'1176590',1033,,1341,45,,,0
14001609,'1176615',1533,,1342,45,,,0
14001609,'1176650',1633,,1343,45,,,0
14001609,'1176683',1733,,1344,45,,,0
14001609,'1176688',833,,1345,45,,,0
14001609,'1176693',606,,1346,2,,,0
