11009,'1175720',1203,,1460,15,0,13 14 15,0
11009,'1175910',903,,1463,15,0,13 14 15,0
11009,'1175948',1703,,1464,15,0,13 14 15,0
11009,'1176063',1503,,1465,15,0,13 14 15,0
11009,'1176079',1403,,1466,15,0,13 14 15,0
11009,'1176108',1003,,1467,15,0,13 14 15,0
11009,'1176321',1103,,1471,15,0,13 14 15,0
11009,'1176658',1603,,1476,15,0,13 14 15,0
11009,'1176675',1303,,1477,15,0,13 14 15,0
19001109,'1175757',2225,,1930,39,,,0
19001109,'1175788',1825,,1931,39,,,0
19001109,'1175797',1425,,1932,39,,,0
19001109,'1175800',1025,,1933,39,,,0
19001109,'1175811',1555,,1934,15,,,0
19001109,'1175846',1925,,1935,39,,,0
19001109,'1175854',1055,,1936,15,,,0
19001109,'1175866',1755,,1937,39,,,0
19001109,'1175889',1325,,1939,39,,,0
19001109,'1175960',1255,,1940,15,,,0
19001109,'1175990',1225,,1942,39,,,0
19001109,'1176025',625,,1943,18,,,0
19001109,'1176026',1325,,1944,39,,,0
19001109,'1176076',655,,1945,15,,,0
19001109,'1176086',1025,,1946,39,,,0
19001109,'1176114',925,,1947,39,,,0
19001109,'1176152',755,,1948,39,,,0
19001109,'1176229',2225,,1949,39,,,0
19001109,'1176246',825,,1950,39,,,0
19001109,'1176315',725,,1951,39,,,0
19001109,'1176316',1225,,1952,39,,,0
19001109,'1176317',1725,,1953,39,,,0
19001109,'1176322',955,,1954,39,,,0
19001109,'1176337',2025,,1955,39,,,0
19001109,'1176344',1625,,1956,39,,,0
19001109,'1176353',1625,,1957,39,,,0
19001109,'1176386',725,,1958,39,,,0
19001109,'1176406',1455,,1959,15,,,0
19001109,'1176429',1355,,1960,15,,,0
19001109,'1176444',1925,,1961,39,,,0
19001109,'1176445',2125,,1962,39,,,0
19001109,'1176478',1825,,1963,39,,,0
19001109,'1176517',1525,,1965,39,,,0
19001109,'1176557',925,,1966,39,,,0
19001109,'1176559',2025,,1967,39,,,0
19001109,'1176563',855,,1968,39,,,0
19001109,'1176570',1525,,1969,39,,,0
19001109,'1176581',1155,,1970,15,,,0
19001109,'1176586',1655,,1971,15,,,0
19001109,'1176595',1725,,1972,39,,,0
19001109,'1176605',1125,,1973,39,,,0
19001109,'1176616',1125,,1974,39,,,0
19001109,'1176620',825,,1975,39,,,0
19001109,'1176668',2125,,1976,39,,,0
19001109,'1176674',1425,,1977,39,,,0
