16009,'1175714',1305,,1587,15,,,0
16009,'1176136',1005,,1592,15,,,0
16009,'1176272',1405,,1595,15,,,0
16009,'1176282',905,,1596,15,,,0
16009,'1176290',1705,,1597,15,,,0
16009,'1176390',1205,,1598,15,,,0
16009,'1176528',1505,,1600,15,,,0
16009,'1176535',1605,,1601,15,,,0
16009,'1176682',1105,,1604,15,,,0
21609,'1175813',1927,,1624,17,,,0
21609,'1175831',730,,1625,18,,,0
21609,'1175857',1700,,1626,18,,,0
21609,'1175869',1730,,1627,18,,,0
21609,'1175916',1557,,1628,17,,,0
21609,'1175929',1327,,1629,17,,,0
21609,'1175966',1727,,1630,17,,,0
21609,'1175997',2127,,1631,17,,,0
21609,'1175998',927,,1632,17,,,0
21609,'1176028',1027,,1633,17,,,0
21609,'1176037',1827,,1634,17,,,0
21609,'1176041',1827,,1635,17,,,0
21609,'1176046',727,,1636,17,,,0
21609,'1176054',1630,,1637,18,,,0
21609,'1176067',700,,1638,18,,,0
21609,'1176111',1127,,1639,17,,,0
21609,'1176200',1427,,1640,17,,,0
21609,'1176207',2127,,1641,17,,,0
21609,'1176218',1127,,1642,17,,,0
21609,'1176289',1027,,1643,17,,,0
21609,'1176352',1227,,1644,17,,,0
21609,'1176395',1927,,1645,17,,,0
21609,'1176414',2027,,1646,17,,,0
21609,'1176430',1757,,1647,17,,,0
21609,'1176454',1627,,1648,17,,,0
21609,'1176460',827,,1649,17,,,0
21609,'1176467',1527,,1650,17,,,0
21609,'1176534',627,,1651,17,,,0
21609,'1176553',1227,,1652,17,,,0
21609,'1176576',927,,1653,17,,,0
21609,'1176651',827,,1654,17,,,0
21609,'1176656',1527,,1655,17,,,0
21609,'1176659',1427,,1656,17,,,0
21609,'1176663',1327,,1657,17,,,0
21609,'1176665',857,,1658,17,,,0
21609,'1176686',2027,,1659,17,,,0
21609,'1176690',757,,1660,17,,,0
