16009,'1175714',1309,,1587,25,,,0
16009,'1176136',1009,,1592,25,,,0
16009,'1176272',1409,,1595,25,,,0
16009,'1176282',909,,1596,25,,,0
16009,'1176290',1709,,1597,25,,,0
16009,'1176390',1209,,1598,25,,,0
16009,'1176528',1509,,1600,25,,,0
16009,'1176535',1609,,1601,25,,,0
16009,'1176682',1109,,1604,25,,,0
21609,'1175813',1931,,1624,27,,,0
21609,'1175831',734,,1625,28,,,0
21609,'1175857',1704,,1626,28,,,0
21609,'1175869',1734,,1627,28,,,0
21609,'1175916',1601,,1628,27,,,0
21609,'1175929',1331,,1629,27,,,0
21609,'1175966',1731,,1630,27,,,0
21609,'1175997',2131,,1631,27,,,0
21609,'1175998',931,,1632,27,,,0
21609,'1176028',1031,,1633,27,,,0
21609,'1176037',1831,,1634,27,,,0
21609,'1176041',1831,,1635,27,,,0
21609,'1176046',731,,1636,27,,,0
21609,'1176054',1634,,1637,28,,,0
21609,'1176067',704,,1638,28,,,0
21609,'1176111',1131,,1639,27,,,0
21609,'1176200',1431,,1640,27,,,0
21609,'1176207',2131,,1641,27,,,0
21609,'1176218',1131,,1642,27,,,0
21609,'1176289',1031,,1643,27,,,0
21609,'1176352',1231,,1644,27,,,0
21609,'1176395',1931,,1645,27,,,0
21609,'1176414',2031,,1646,27,,,0
21609,'1176430',1801,,1647,27,,,0
21609,'1176454',1631,,1648,27,,,0
21609,'1176460',831,,1649,27,,,0
21609,'1176467',1531,,1650,27,,,0
21609,'1176534',631,,1651,27,,,0
21609,'1176553',1231,,1652,27,,,0
21609,'1176576',931,,1653,27,,,0
21609,'1176651',831,,1654,27,,,0
21609,'1176656',1531,,1655,27,,,0
21609,'1176659',1431,,1656,27,,,0
21609,'1176663',1331,,1657,27,,,0
21609,'1176665',901,,1658,27,,,0
21609,'1176686',2031,,1659,27,,,0
21609,'1176690',801,,1660,27,,,0
