11609,'1083728',842,,19,7,,,0
11609,'1083732',1242,,20,7,,,0
11609,'1083761',1042,,21,7,,,0
11609,'1083762',912,,22,7,,,0
11609,'1083790',1142,,23,7,,,0
11609,'1083794',812,,24,7,,,0
11609,'1083810',1442,,25,7,,,0
11609,'1083861',1042,,26,7,,,0
11609,'1083867',1942,,27,7,,,0
11609,'1083879',1742,,28,7,,,0
11609,'1083887',742,,29,7,,,0
11609,'1083918',1842,,30,7,,,0
11609,'1083983',1812,,31,7,,,0
11609,'1083990',1442,,32,7,,,0
11609,'1083999',1742,,33,7,,,0
11609,'1084016',1712,,34,7,,,0
11609,'1084028',2142,,35,7,,,0
11609,'1084032',2042,,36,7,,,0
11609,'1084036',1642,,37,7,,,0
11609,'1084087',642,,38,7,,,0
11609,'1084097',1342,,39,7,,,0
11609,'1084130',742,,40,7,,,0
11609,'1084152',1842,,41,7,,,0
11609,'1084204',1242,,42,7,,,0
11609,'1084215',2142,,43,7,,,0
11609,'1084218',1342,,44,7,,,0
11609,'1084240',1142,,45,7,,,0
11609,'1084241',2042,,46,7,,,0
11609,'1084242',1942,,47,7,,,0
11609,'1084273',1612,,48,7,,,0
11609,'1084276',1542,,49,7,,,0
11609,'1084298',842,,50,7,,,0
11609,'1084323',942,,51,7,,,0
11609,'1084353',712,,52,7,,,0
11609,'1084357',1642,,53,7,,,0
11609,'1084365',1542,,54,7,,,0
11609,'1084367',942,,55,7,,,0
16009,'1083700',1234,,128,7,0,16 17 11,0
16009,'1083752',1134,,129,7,0,16 17 11,0
16009,'1083816',1634,,131,7,0,16 17 11,0
16009,'1083860',1334,,132,7,0,16 17 11,0
16009,'1083908',1034,,133,7,0,16 17 11,0
16009,'1083939',934,,136,7,0,16 17 11,0
16009,'1083957',1734,,137,7,0,16 17 11,0
16009,'1084026',1434,,139,7,0,16 17 11,0
16009,'1084295',1534,,144,7,0,16 17 11,0
