20009,'1175886',1459,,1606,16,,,0
20009,'1176006',959,,1608,16,,,0
20009,'1176032',1259,,1609,16,,,0
20009,'1176110',1559,,1610,16,,,0
20009,'1176370',1159,,1614,16,,,0
20009,'1176412',1059,,1617,16,,,0
20009,'1176469',1359,,1619,16,,,0
20009,'1176512',1659,,1620,16,,,0
20009,'1176525',859,,1621,6,,,0
19001709,'1175717',1519,,2072,38,,,0
19001709,'1175742',1119,,2073,38,,,0
19001709,'1175751',1119,,2074,38,,,0
19001709,'1175777',1149,,2075,5,,,0
19001709,'1175789',719,,2076,38,,,0
19001709,'1175830',2019,,2077,38,,,0
19001709,'1175877',1219,,2078,38,,,0
19001709,'1175947',1719,,2079,38,,,0
19001709,'1175951',749,,2080,38,,,0
19001709,'1175978',819,,2081,38,,,0
19001709,'1176042',1719,,2082,38,,,0
19001709,'1176058',1519,,2084,38,,,0
19001709,'1176065',1619,,2085,38,,,0
19001709,'1176099',1419,,2086,38,,,0
19001709,'1176116',1549,,2087,5,,,0
19001709,'1176119',1819,,2088,38,,,0
19001709,'1176120',1919,,2089,38,,,0
19001709,'1176130',1319,,2091,38,,,0
19001709,'1176156',2019,,2092,38,,,0
19001709,'1176161',1419,,2093,38,,,0
19001709,'1176166',949,,2094,38,,,0
19001709,'1176201',919,,2095,38,,,0
19001709,'1176209',1349,,2096,5,,,0
19001709,'1176252',849,,2097,38,,,0
19001709,'1176264',1449,,2098,5,,,0
19001709,'1176273',1019,,2099,38,,,0
19001709,'1176297',1249,,2100,5,,,0
19001709,'1176303',1649,,2101,38,,,0
19001709,'1176312',1749,,2102,38,,,0
19001709,'1176349',1919,,2103,38,,,0
19001709,'1176380',1049,,2104,5,,,0
19001709,'1176415',819,,2105,38,,,0
19001709,'1176420',1219,,2106,38,,,0
19001709,'1176482',1319,,2108,38,,,0
19001709,'1176513',719,,2109,38,,,0
19001709,'1176547',619,,2110,5,,,0
19001709,'1176554',1819,,2111,38,,,0
19001709,'1176592',649,,2112,38,,,0
19001709,'1176601',1619,,2113,38,,,0
19001709,'1176617',2119,,2114,38,,,0
19001709,'1176629',1019,,2115,38,,,0
19001709,'1176637',919,,2116,38,,,0
19001709,'1176655',2119,,2118,38,,,0
