19001509,'1083702',1450,,487,34,,,0
19001509,'1083710',1620,,488,34,,,0
19001509,'1083729',1220,,489,34,,,0
19001509,'1083731',850,,490,34,,,0
19001509,'1083760',2020,,491,34,,,0
19001509,'1083772',820,,492,34,,,0
19001509,'1083789',1550,,493,34,,,0
19001509,'1083800',2120,,494,34,,,0
19001509,'1083805',1250,,495,34,,,0
19001509,'1083822',1350,,496,34,,,0
19001509,'1083829',1820,,497,34,,,0
19001509,'1083830',1420,,498,34,,,0
19001509,'1083856',1920,,500,34,,,0
19001509,'1083862',1620,,501,34,,,0
19001509,'1083872',1120,,502,34,,,0
19001509,'1083878',950,,504,34,,,0
19001509,'1083886',1020,,505,34,,,0
19001509,'1083890',1220,,506,34,,,0
19001509,'1083898',1720,,507,34,,,0
19001509,'1083913',650,,508,9,,,0
19001509,'1083964',1750,,509,34,,,0
19001509,'1084023',720,,510,34,,,0
19001509,'1084031',720,,511,34,,,0
19001509,'1084038',1050,,512,34,,,0
19001509,'1084062',1820,,513,34,,,0
19001509,'1084080',2020,,514,34,,,0
19001509,'1084094',2120,,515,34,,,0
19001509,'1084116',1420,,516,34,,,0
19001509,'1084135',750,,517,34,,,0
19001509,'1084184',1320,,518,34,,,0
19001509,'1084188',1120,,519,34,,,0
19001509,'1084197',1920,,520,34,,,0
19001509,'1084202',1520,,521,34,,,0
19001509,'1084225',820,,522,34,,,0
19001509,'1084228',1520,,523,34,,,0
19001509,'1084246',1150,,525,34,,,0
19001509,'1084266',920,,526,34,,,0
19001509,'1084293',620,,529,9,,,0
19001509,'1084332',1650,,530,34,,,0
19001509,'1084358',1720,,531,34,,,0
19001509,'1084364',920,,532,34,,,0
19001509,'1084377',1020,,533,34,,,0
19001509,'1084382',1320,,534,34,,,0
