11009,'1175720',1220,8,1460,31,0,13 14 15,0
11009,'1175910',920,8,1463,31,0,13 14 15,0
11009,'1175948',1720,8,1464,31,0,13 14 15,0
11009,'1176063',1520,8,1465,31,0,13 14 15,0
11009,'1176079',1420,8,1466,31,0,13 14 15,0
11009,'1176108',1020,8,1467,31,0,13 14 15,0
11009,'1176321',1120,8,1471,31,0,13 14 15,0
11009,'1176658',1620,8,1476,31,0,13 14 15,0
11009,'1176675',1320,8,1477,31,0,13 14 15,0
11609,'1175716',1138,,1478,1,,,0
11609,'1175732',1538,,1479,1,,,0
11609,'1175756',1338,,1480,1,,,0
11609,'1175773',2038,,1481,1,,,0
11609,'1175832',1808,,1482,1,,,0
11609,'1175843',1438,,1483,1,,,0
11609,'1175850',2138,,1484,1,,,0
11609,'1175868',1238,,1485,1,,,0
11609,'1175918',1638,,1486,1,,,0
11609,'1175942',1738,,1487,1,,,0
11609,'1175949',1708,,1488,1,,,0
11609,'1175954',938,,1489,1,,,0
11609,'1175958',1538,,1490,1,,,0
11609,'1175970',1138,,1491,1,,,0
11609,'1176003',1938,,1492,1,,,0
11609,'1176080',1338,,1493,1,,,0
11609,'1176101',1838,,1494,1,,,0
11609,'1176137',1838,,1495,1,,,0
11609,'1176153',1638,,1496,1,,,0
11609,'1176239',1238,,1497,1,,,0
11609,'1176240',738,,1498,1,,,0
11609,'1176243',638,,1499,1,,,0
11609,'1176254',808,,1500,1,,,0
11609,'1176259',2038,,1501,1,,,0
11609,'1176276',838,,1502,1,,,0
11609,'1176432',708,,1503,1,,,0
11609,'1176433',1608,,1504,1,,,0
11609,'1176442',908,,1505,1,,,0
11609,'1176443',1038,,1506,1,,,0
11609,'1176475',738,,1507,1,,,0
11609,'1176603',1738,,1508,1,,,0
11609,'1176630',2138,,1509,1,,,0
11609,'1176639',1938,,1510,1,,,0
11609,'1176641',1038,,1511,1,,,0
11609,'1176646',938,,1512,1,,,0
11609,'1176652',838,,1513,1,,,0
11609,'1176685',1438,,1514,1,,,0
13009,'1175768',1415,,1533,29,4,,0
13009,'1175851',1215,,1534,29,4,,0
13009,'1175875',1315,,1535,29,4,,0
13009,'1175888',1115,,1536,29,4,,0
13009,'1176096',1120,,1537,1,,,0
13009,'1176171',1515,,1538,29,4,,0
13009,'1176184',915,,1539,29,4,,0
13009,'1176190',1520,,1540,1,,,0
13009,'1176223',1615,,1541,29,4,,0
13009,'1176224',1020,,1542,1,,,0
13009,'1176248',1720,,1543,1,,,0
13009,'1176271',1620,,1544,1,,,0
13009,'1176360',920,,1545,1,,,0
13009,'1176371',1220,,1546,1,,,0
13009,'1176463',1015,,1547,29,4,,0
13009,'1176497',1715,,1548,29,4,,0
13009,'1176623',1320,,1549,1,,,0
13009,'1176644',1420,,1550,1,,,0
15009,'1175719',1732,,1569,40,4,,0
15009,'1175730',1532,,1570,40,4,,0
15009,'1175737',1332,,1571,40,4,,0
15009,'1175828',1432,,1572,40,4,,0
15009,'1175835',1032,,1573,40,4,,0
15009,'1175924',1035,,1574,1,,,0
15009,'1175955',1635,,1575,1,,,0
15009,'1176009',1435,,1576,1,,,0
15009,'1176045',935,,1577,1,,,0
15009,'1176048',1232,,1578,40,4,,0
15009,'1176107',1535,,1579,1,,,0
15009,'1176230',1632,,1580,40,4,,0
15009,'1176262',1735,,1581,1,,,0
15009,'1176301',932,,1582,40,4,,0
15009,'1176306',1135,,1583,1,,,0
15009,'1176568',1132,,1584,40,4,,0
15009,'1176632',1335,,1585,1,,,0
15009,'1176645',1235,,1586,1,,,0
20009,'1175886',1525,7,1606,29,,,0
20009,'1176006',1025,7,1608,29,,,0
20009,'1176032',1325,7,1609,29,,,0
20009,'1176110',1625,7,1610,29,,,0
20009,'1176370',1225,7,1614,29,,,0
20009,'1176412',1125,7,1617,29,,,0
20009,'1176469',1425,7,1619,29,,,0
20009,'1176512',1725,7,1620,29,,,0
20009,'1176525',925,7,1621,19,,,0
30009,'1175721',1650,4,1661,21,,,0
30009,'1175727',1350,4,1662,21,,,0
30009,'1175731',1640,5,1663,3,,,0
30009,'1175735',1450,4,1664,21,,,0
30009,'1175749',1820,4,1665,21,,,0
30009,'1175758',1550,4,1666,21,,,0
30009,'1175761',1720,4,1667,21,,,0
30009,'1175780',1850,4,1669,21,,,0
30009,'1175796',950,4,1670,21,,,0
30009,'1175817',1050,4,1671,21,,,0
30009,'1175867',1250,4,1672,21,,,0
30009,'1175878',850,4,1673,21,,,0
30009,'1175895',1740,5,1675,3,,,0
30009,'1175903',1440,5,1676,3,,,0
30009,'1175906',1340,5,1677,3,,,0
30009,'1175911',1050,4,1678,21,,,0
30009,'1175920',840,5,1679,3,,,0
30009,'1175934',2150,4,1680,21,,,0
30009,'1175956',1140,5,1681,3,,,0
30009,'1175959',750,4,1682,21,,,0
30009,'1175964',920,4,1683,21,,,0
30009,'1175968',940,5,1684,3,,,0
30009,'1175972',1150,4,1685,21,,,0
30009,'1175993',1020,4,1686,21,,,0
30009,'1176011',1440,5,1687,3,,,0
30009,'1176018',910,5,1688,3,,,0
30009,'1176021',1240,5,1689,3,,,0
30009,'1176022',710,5,1690,3,,,0
30009,'1176029',940,5,1691,3,,,0
30009,'1176061',1150,4,1693,21,,,0
30009,'1176062',1040,5,1694,3,,,0
30009,'1176077',1040,5,1695,3,,,0
30009,'1176102',1140,5,1696,3,,,0
30009,'1176118',1850,4,1697,21,,,0
30009,'1176121',1650,4,1698,21,,,0
30009,'1176144',1550,4,1699,21,,,0
30009,'1176164',1940,5,1700,3,,,0
30009,'1176165',2040,5,1701,3,,,0
30009,'1176189',1740,5,1704,3,,,0
30009,'1176197',810,5,1705,3,,,0
30009,'1176210',2140,5,1706,3,0,8 21,0
30009,'1176212',1340,5,1707,3,,,0
30009,'1176214',1640,5,1708,3,,,0
30009,'1176220',1010,5,1709,3,0,8 21,0
30009,'1176232',1750,4,1710,21,,,0
30009,'1176233',1950,4,1711,21,,,0
30009,'1176253',1540,5,1712,3,,,0
30009,'1176298',1540,5,1714,3,,,0
30009,'1176304',1240,5,1715,3,,,0
30009,'1176325',1610,5,1716,3,,,0
30009,'1176329',1810,5,1717,3,0,8 21,0
30009,'1176333',1250,4,1718,21,,,0
30009,'1176363',840,5,1719,3,,,0
30009,'1176388',2050,4,1720,21,,,0
30009,'1176397',2140,5,1721,3,0,8 21,0
30009,'1176404',1950,4,1722,21,,,0
30009,'1176405',720,4,1723,20,,,0
30009,'1176439',2040,5,1725,3,,,0
30009,'1176451',740,5,1726,3,,,0
30009,'1176455',740,5,1727,3,,,0
30009,'1176456',1750,4,1728,21,,,0
30009,'1176480',950,4,1730,21,,,0
30009,'1176489',750,4,1731,20,,,0
30009,'1176494',820,4,1732,21,,,0
30009,'1176499',1620,4,1733,21,,,0
30009,'1176503',1450,4,1734,21,,,0
30009,'1176511',2150,4,1735,21,,,0
30009,'1176516',1350,4,1736,21,,,0
30009,'1176560',1840,5,1737,3,,,0
30009,'1176569',1710,5,1738,3,,,0
30009,'1176582',1940,5,1739,3,,,0
30009,'1176588',1840,5,1740,3,,,0
30009,'1176633',850,4,1741,21,,,0
30009,'1176649',2050,4,1742,21,,,0
14001009,'1175755',838,,1743,1,,,0
14001009,'1175787',1738,,1744,1,,,0
14001009,'1175798',1738,,1745,1,,,0
14001009,'1175806',1108,,1746,1,0,8 21,0
14001009,'1175825',1538,,1748,1,,,0
14001009,'1175826',1238,,1749,1,,,0
14001009,'1175836',1708,,1750,1,,,0
14001009,'1175840',1938,,1751,1,,,0
14001009,'1175865',1008,,1752,1,0,8 21,0
14001009,'1175890',1938,,1753,1,,,0
14001009,'1175905',2038,,1754,1,,,0
14001009,'1175937',1338,,1755,1,,,0
14001009,'1175943',1638,,1756,1,,,0
14001009,'1175962',2238,,1757,1,0,8 21,0
14001009,'1175995',1038,,1758,1,,,0
14001009,'1176008',708,,1759,1,,,0
14001009,'1176017',738,,1760,1,,,0
14001009,'1176075',1638,,1761,1,,,0
14001009,'1176104',2138,,1762,1,,,0
14001009,'1176141',1238,,1763,1,,,0
14001009,'1176158',1438,,1764,1,,,0
14001009,'1176181',908,,1765,1,0,8 21,0
14001009,'1176198',938,,1766,1,,,0
14001009,'1176208',2138,,1767,1,,,0
14001009,'1176215',1838,,1768,1,,,0
14001009,'1176225',1308,,1769,1,0,8 21,0
14001009,'1176249',1038,,1770,1,,,0
14001009,'1176269',2038,,1771,1,,,0
14001009,'1176278',2238,,1772,1,0,8 21,0
14001009,'1176300',1508,,1773,1,0,8 21,0
14001009,'1176311',938,,1774,1,,,0
14001009,'1176346',808,,1775,1,,,0
14001009,'1176365',838,,1776,1,,,0
14001009,'1176376',1538,,1777,1,,,0
14001009,'1176382',1138,,1778,1,,,0
14001009,'1176449',638,,1779,1,,,0
14001009,'1176452',1208,,1780,1,0,8 21,0
14001009,'1176545',738,,1781,1,,,0
14001009,'1176551',1338,,1782,1,,,0
14001009,'1176579',1608,,1783,1,,,0
14001009,'1176580',1138,,1784,1,,,0
14001009,'1176607',1838,,1785,1,,,0
14001009,'1176612',1808,,1786,1,0,8 21,0
14001009,'1176628',1408,,1787,1,0,8 21,0
14001009,'1176653',1438,,1788,1,,,0
14001209,'1175718',1612,,1789,1,,,0
14001209,'1175861',1842,,1790,1,,,0
14001209,'1175900',1712,,1791,1,,,0
14001209,'1175913',2242,,1792,1,0,8 21,0
14001209,'1175915',2042,,1793,1,,,0
14001209,'1175917',1412,,1794,1,,,0
14001209,'1175919',1942,,1795,1,,,0
14001209,'1175938',742,,1796,1,,,0
14001209,'1175939',1742,,1797,1,,,0
14001209,'1175983',2142,,1798,1,,,0
14001209,'1176007',1242,,1799,1,,,0
14001209,'1176012',1042,,1800,1,,,0
14001209,'1176069',842,,1801,1,,,0
14001209,'1176070',1142,,1802,1,,,0
14001209,'1176091',942,,1803,1,,,0
14001209,'1176103',942,,1805,1,,,0
14001209,'1176117',1142,,1806,1,,,0
14001209,'1176122',2242,,1807,1,0,8 21,0
14001209,'1176163',1842,,1808,1,,,0
14001209,'1176213',1042,,1809,1,,,0
14001209,'1176217',1542,,1810,1,,,0
14001209,'1176245',1742,,1811,1,,,0
14001209,'1176255',842,,1812,1,,,0
14001209,'1176275',1642,,1813,1,,,0
14001209,'1176323',1112,,1814,1,,,0
14001209,'1176336',1812,,1815,1,0,8 21,0
14001209,'1176343',1342,,1816,1,,,0
14001209,'1176354',1442,,1817,1,,,0
14001209,'1176378',1242,,1818,1,,,0
14001209,'1176401',712,,1819,1,,,0
14001209,'1176411',2042,,1820,1,,,0
14001209,'1176440',1442,,1821,1,,,0
14001209,'1176458',642,,1822,1,,,0
14001209,'1176470',1542,,1823,1,,,0
14001209,'1176472',1012,,1824,1,,,0
14001209,'1176483',1312,,1825,1,,,0
14001209,'1176488',1642,,1826,1,,,0
14001209,'1176515',1942,,1827,1,,,0
14001209,'1176526',912,,1828,1,,,0
14001209,'1176532',1212,,1829,1,,,0
14001209,'1176546',2142,,1830,1,,,0
14001209,'1176594',812,,1831,1,,,0
14001209,'1176599',1512,,1832,1,,,0
14001209,'1176626',742,,1833,1,,,0
14001209,'1176676',1342,,1834,1,,,0
19001109,'1175757',2238,,1930,55,4,,0
19001109,'1175788',1838,,1931,55,4,,0
19001109,'1175797',1438,,1932,55,4,,0
19001109,'1175800',1038,,1933,55,4,,0
19001109,'1175811',1608,,1934,31,4,,0
19001109,'1175846',1938,,1935,55,4,,0
19001109,'1175854',1108,,1936,31,4,,0
19001109,'1175866',1808,,1937,55,4,,0
19001109,'1175889',1338,,1939,55,4,,0
19001109,'1175960',1308,,1940,31,4,,0
19001109,'1175990',1238,,1942,55,4,,0
19001109,'1176025',638,,1943,34,4,,0
19001109,'1176026',1338,,1944,55,4,,0
19001109,'1176076',708,,1945,31,4,,0
19001109,'1176086',1038,,1946,55,4,,0
19001109,'1176114',938,,1947,55,4,,0
19001109,'1176152',808,,1948,55,4,,0
19001109,'1176229',2238,,1949,55,4,,0
19001109,'1176246',838,,1950,55,4,,0
19001109,'1176315',738,,1951,55,4,,0
19001109,'1176316',1238,,1952,55,4,,0
19001109,'1176317',1738,,1953,55,4,,0
19001109,'1176322',1008,,1954,55,4,,0
19001109,'1176337',2038,,1955,55,4,,0
19001109,'1176344',1638,,1956,55,4,,0
19001109,'1176353',1638,,1957,55,4,,0
19001109,'1176386',738,,1958,55,4,,0
19001109,'1176406',1508,,1959,31,4,,0
19001109,'1176429',1408,,1960,31,4,,0
19001109,'1176444',1938,,1961,55,4,,0
19001109,'1176445',2138,,1962,55,4,,0
19001109,'1176478',1838,,1963,55,4,,0
19001109,'1176517',1538,,1965,55,4,,0
19001109,'1176557',938,,1966,55,4,,0
19001109,'1176559',2038,,1967,55,4,,0
19001109,'1176563',908,,1968,55,4,,0
19001109,'1176570',1538,,1969,55,4,,0
19001109,'1176581',1208,,1970,31,4,,0
19001109,'1176586',1708,,1971,31,4,,0
19001109,'1176595',1738,,1972,55,4,,0
19001109,'1176605',1138,,1973,55,4,,0
19001109,'1176616',1138,,1974,55,4,,0
19001109,'1176620',838,,1975,55,4,,0
19001109,'1176668',2138,,1976,55,4,,0
19001109,'1176674',1438,,1977,55,4,,0
19001309,'1175728',906,,1978,61,4,,0
19001309,'1175734',1536,,1979,61,4,,0
19001309,'1175770',2036,,1980,61,4,,0
19001309,'1175816',1836,,1982,61,4,,0
19001309,'1175833',1736,,1983,61,4,,0
19001309,'1175860',1406,,1984,61,4,,0
19001309,'1175862',1136,,1985,61,4,,0
19001309,'1175891',1206,,1986,61,4,,0
19001309,'1175892',1006,,1987,61,4,,0
19001309,'1175985',706,,1988,29,4,,0
19001309,'1175994',936,,1989,61,4,,0
19001309,'1176023',836,,1990,61,4,,0
19001309,'1176034',1136,,1991,61,4,,0
19001309,'1176044',1436,,1992,61,4,,0
19001309,'1176064',1106,,1993,61,4,,0
19001309,'1176125',1736,,1994,61,4,,0
19001309,'1176139',1236,,1995,61,4,,0
19001309,'1176167',2236,,1996,61,4,,0
19001309,'1176182',1336,,1997,61,4,,0
19001309,'1176185',806,,1998,61,4,,0
19001309,'1176187',1336,,1999,61,4,,0
19001309,'1176196',1236,,2000,61,4,,0
19001309,'1176261',1036,,2001,61,4,,0
19001309,'1176277',2136,,2002,61,4,,0
19001309,'1176318',1436,,2003,61,4,,0
19001309,'1176331',2036,,2004,61,4,,0
19001309,'1176338',1936,,2005,61,4,,0
19001309,'1176348',1606,,2006,61,4,,0
19001309,'1176367',1636,,2007,61,4,,0
19001309,'1176387',2236,,2008,61,4,,0
19001309,'1176389',836,,2009,61,4,,0
19001309,'1176392',736,,2010,61,4,,0
19001309,'1176394',1636,,2011,61,4,,0
19001309,'1176446',1836,,2012,61,4,,0
19001309,'1176462',2136,,2013,61,4,,0
19001309,'1176473',1936,,2014,61,4,,0
19001309,'1176527',1036,,2015,61,4,,0
19001309,'1176539',1706,,2016,61,4,,0
19001309,'1176543',1506,,2017,61,4,,0
19001309,'1176550',636,,2018,29,4,,0
19001309,'1176567',936,,2019,61,4,,0
19001309,'1176597',1536,,2020,61,4,,0
19001309,'1176614',1306,,2021,61,4,,0
19001309,'1176638',1806,,2022,61,4,,0
19001309,'1176660',736,,2023,61,4,,0
19001709,'1175717',1532,,2072,51,4,,0
19001709,'1175742',1132,,2073,51,4,,0
19001709,'1175751',1132,,2074,51,4,,0
19001709,'1175777',1202,,2075,18,4,,0
19001709,'1175789',732,,2076,51,4,,0
19001709,'1175830',2032,,2077,51,4,,0
19001709,'1175877',1232,,2078,51,4,,0
19001709,'1175947',1732,,2079,51,4,,0
19001709,'1175951',802,,2080,51,4,,0
19001709,'1175978',832,,2081,51,4,,0
19001709,'1176042',1732,,2082,51,4,,0
19001709,'1176058',1532,,2084,51,4,,0
19001709,'1176065',1632,,2085,51,4,,0
19001709,'1176099',1432,,2086,51,4,,0
19001709,'1176116',1602,,2087,18,4,,0
19001709,'1176119',1832,,2088,51,4,,0
19001709,'1176120',1932,,2089,51,4,,0
19001709,'1176130',1332,,2091,51,4,,0
19001709,'1176156',2032,,2092,51,4,,0
19001709,'1176161',1432,,2093,51,4,,0
19001709,'1176166',1002,,2094,51,4,,0
19001709,'1176201',932,,2095,51,4,,0
19001709,'1176209',1402,,2096,18,4,,0
19001709,'1176252',902,,2097,51,4,,0
19001709,'1176264',1502,,2098,18,4,,0
19001709,'1176273',1032,,2099,51,4,,0
19001709,'1176297',1302,,2100,18,4,,0
19001709,'1176303',1702,,2101,51,4,,0
19001709,'1176312',1802,,2102,51,4,,0
19001709,'1176349',1932,,2103,51,4,,0
19001709,'1176380',1102,,2104,18,4,,0
19001709,'1176415',832,,2105,51,4,,0
19001709,'1176420',1232,,2106,51,4,,0
19001709,'1176482',1332,,2108,51,4,,0
19001709,'1176513',732,,2109,51,4,,0
19001709,'1176547',632,,2110,18,4,,0
19001709,'1176554',1832,,2111,51,4,,0
19001709,'1176592',702,,2112,51,4,,0
19001709,'1176601',1632,,2113,51,4,,0
19001709,'1176617',2132,,2114,51,4,,0
19001709,'1176629',1032,,2115,51,4,,0
19001709,'1176637',932,,2116,51,4,,0
19001709,'1176655',2132,,2118,51,4,,0
