19001709,'1175723',844,,1419,3,,,0
19001709,'1175748',914,,1420,3,,,0
19001709,'1175763',1044,,1421,3,,,0
19001709,'1175781',944,,1422,3,,,0
19001709,'1175795',714,,1423,3,,,0
19001709,'1175819',2044,,1424,3,,,0
19001709,'1175858',1844,,1425,3,,,0
19001709,'1175872',2144,,1426,3,0,8 21,0
19001709,'1175912',1744,,1427,3,,,0
19001709,'1175946',2044,,1428,3,,,0
19001709,'1176002',1344,,1429,3,,,0
19001709,'1176024',2144,,1430,3,0,8 21,0
19001709,'1176147',1944,,1431,3,,,0
19001709,'1176151',1444,,1432,3,,,0
19001709,'1176162',1144,,1433,3,,,0
19001709,'1176204',1544,,1434,3,,,0
19001709,'1176288',744,,1435,3,,,0
19001709,'1176339',1644,,1436,3,,,0
19001709,'1176366',644,,1437,3,,,0
19001709,'1176369',1544,,1438,3,,,0
19001709,'1176400',1044,,1439,3,,,0
19001709,'1176416',1844,,1440,3,,,0
19001709,'1176419',844,,1441,3,,,0
19001709,'1176422',1444,,1442,3,,,0
19001709,'1176428',1614,,1443,3,,,0
19001709,'1176461',1714,,1444,3,,,0
19001709,'1176465',1944,,1445,3,,,0
19001709,'1176466',2244,,1446,3,0,8 21,0
19001709,'1176481',1344,,1447,3,,,0
19001709,'1176493',614,,1448,3,,,0
19001709,'1176540',944,,1449,3,,,0
19001709,'1176561',1644,,1450,3,,,0
19001709,'1176587',744,,1451,3,,,0
19001709,'1176600',1244,,1452,3,,,0
19001709,'1176606',1244,,1453,3,,,0
19001709,'1176634',644,,1454,3,,,0
19001709,'1176635',814,,1455,3,,,0
19001709,'1176654',1814,,1456,3,0,8 21,0
19001709,'1176664',1144,,1457,3,,,0
19001709,'1176670',1744,,1458,3,,,0
19001709,'1176677',2244,,1459,3,0,8 21,0
