15009,'1175719',1708,,1569,15,0,20 15,0
15009,'1175730',1508,,1570,15,0,20 15,0
15009,'1175737',1308,,1571,15,0,20 15,0
15009,'1175828',1408,,1572,15,0,20 15,0
15009,'1175835',1008,,1573,15,0,20 15,0
15009,'1176048',1208,,1578,15,0,20 15,0
15009,'1176230',1608,,1580,15,0,20 15,0
15009,'1176301',908,,1582,15,0,20 15,0
15009,'1176568',1108,,1584,15,0,20 15,0
30009,'1175721',1629,,1661,9,,,0
30009,'1175727',1329,,1662,9,,,0
30009,'1175731',1659,,1663,12,,,0
30009,'1175735',1429,,1664,9,,,0
30009,'1175749',1759,,1665,9,,,0
30009,'1175758',1529,,1666,9,,,0
30009,'1175761',1659,,1667,9,,,0
30009,'1175780',1829,,1669,9,,,0
30009,'1175796',929,,1670,9,,,0
30009,'1175817',1029,,1671,9,,,0
30009,'1175867',1229,,1672,9,,,0
30009,'1175878',829,,1673,9,,,0
30009,'1175895',1759,,1675,12,,,0
30009,'1175903',1459,,1676,12,,,0
30009,'1175906',1359,,1677,12,,,0
30009,'1175911',1029,,1678,9,,,0
30009,'1175920',859,,1679,12,,,0
30009,'1175934',2129,,1680,9,,,0
30009,'1175956',1159,,1681,12,,,0
30009,'1175959',729,,1682,9,,,0
30009,'1175964',859,,1683,9,,,0
30009,'1175968',959,,1684,12,,,0
30009,'1175972',1129,,1685,9,,,0
30009,'1175993',959,,1686,9,,,0
30009,'1176011',1459,,1687,12,,,0
30009,'1176018',929,,1688,12,,,0
30009,'1176021',1259,,1689,12,,,0
30009,'1176022',729,,1690,12,,,0
30009,'1176029',959,,1691,12,,,0
30009,'1176061',1129,,1693,9,,,0
30009,'1176062',1059,,1694,12,,,0
30009,'1176077',1059,,1695,12,,,0
30009,'1176102',1159,,1696,12,,,0
30009,'1176118',1829,,1697,9,,,0
30009,'1176121',1629,,1698,9,,,0
30009,'1176144',1529,,1699,9,,,0
30009,'1176164',1959,,1700,12,,,0
30009,'1176165',2059,,1701,12,,,0
30009,'1176189',1759,,1704,12,,,0
30009,'1176197',829,,1705,12,,,0
30009,'1176210',2159,,1706,12,0,8 21,0
30009,'1176212',1359,,1707,12,,,0
30009,'1176214',1659,,1708,12,,,0
30009,'1176220',1029,,1709,12,0,8 21,0
30009,'1176232',1729,,1710,9,,,0
30009,'1176233',1929,,1711,9,,,0
30009,'1176253',1559,,1712,12,,,0
30009,'1176298',1559,,1714,12,,,0
30009,'1176304',1259,,1715,12,,,0
30009,'1176325',1629,,1716,12,,,0
30009,'1176329',1829,,1717,12,0,8 21,0
30009,'1176333',1229,,1718,9,,,0
30009,'1176363',859,,1719,12,,,0
30009,'1176388',2029,,1720,9,,,0
30009,'1176397',2159,,1721,12,0,8 21,0
30009,'1176404',1929,,1722,9,,,0
30009,'1176405',659,,1723,8,,,0
30009,'1176439',2059,,1725,12,,,0
30009,'1176451',759,,1726,12,,,0
30009,'1176455',759,,1727,12,,,0
30009,'1176456',1729,,1728,9,,,0
30009,'1176480',929,,1730,9,,,0
30009,'1176489',729,,1731,8,,,0
30009,'1176494',759,,1732,9,,,0
30009,'1176499',1559,,1733,9,,,0
30009,'1176503',1429,,1734,9,,,0
30009,'1176511',2129,,1735,9,,,0
30009,'1176516',1329,,1736,9,,,0
30009,'1176560',1859,,1737,12,,,0
30009,'1176569',1729,,1738,12,,,0
30009,'1176582',1959,,1739,12,,,0
30009,'1176588',1859,,1740,12,,,0
30009,'1176633',829,,1741,9,,,0
30009,'1176649',2029,,1742,9,,,0
