11009,'1175720',1200,,1460,9,0,13 14 15,0
11009,'1175910',900,,1463,9,0,13 14 15,0
11009,'1175948',1700,,1464,9,0,13 14 15,0
11009,'1176063',1500,,1465,9,0,13 14 15,0
11009,'1176079',1400,,1466,9,0,13 14 15,0
11009,'1176108',1000,,1467,9,0,13 14 15,0
11009,'1176321',1100,,1471,9,0,13 14 15,0
11009,'1176658',1600,,1476,9,0,13 14 15,0
11009,'1176675',1300,,1477,9,0,13 14 15,0
19001109,'1175757',2220,,1930,33,,,0
19001109,'1175788',1820,,1931,33,,,0
19001109,'1175797',1420,,1932,33,,,0
19001109,'1175800',1020,,1933,33,,,0
19001109,'1175811',1550,,1934,9,,,0
19001109,'1175846',1920,,1935,33,,,0
19001109,'1175854',1050,,1936,9,,,0
19001109,'1175866',1750,,1937,33,,,0
19001109,'1175889',1320,,1939,33,,,0
19001109,'1175960',1250,,1940,9,,,0
19001109,'1175990',1220,,1942,33,,,0
19001109,'1176025',620,,1943,12,,,0
19001109,'1176026',1320,,1944,33,,,0
19001109,'1176076',650,,1945,9,,,0
19001109,'1176086',1020,,1946,33,,,0
19001109,'1176114',920,,1947,33,,,0
19001109,'1176152',750,,1948,33,,,0
19001109,'1176229',2220,,1949,33,,,0
19001109,'1176246',820,,1950,33,,,0
19001109,'1176315',720,,1951,33,,,0
19001109,'1176316',1220,,1952,33,,,0
19001109,'1176317',1720,,1953,33,,,0
19001109,'1176322',950,,1954,33,,,0
19001109,'1176337',2020,,1955,33,,,0
19001109,'1176344',1620,,1956,33,,,0
19001109,'1176353',1620,,1957,33,,,0
19001109,'1176386',720,,1958,33,,,0
19001109,'1176406',1450,,1959,9,,,0
19001109,'1176429',1350,,1960,9,,,0
19001109,'1176444',1920,,1961,33,,,0
19001109,'1176445',2120,,1962,33,,,0
19001109,'1176478',1820,,1963,33,,,0
19001109,'1176517',1520,,1965,33,,,0
19001109,'1176557',920,,1966,33,,,0
19001109,'1176559',2020,,1967,33,,,0
19001109,'1176563',850,,1968,33,,,0
19001109,'1176570',1520,,1969,33,,,0
19001109,'1176581',1150,,1970,9,,,0
19001109,'1176586',1650,,1971,9,,,0
19001109,'1176595',1720,,1972,33,,,0
19001109,'1176605',1120,,1973,33,,,0
19001109,'1176616',1120,,1974,33,,,0
19001109,'1176620',820,,1975,33,,,0
19001109,'1176668',2120,,1976,33,,,0
19001109,'1176674',1420,,1977,33,,,0
