21609,'1083705',926,,165,16,,,0
21609,'1083713',1326,,166,16,,,0
21609,'1083740',659,,167,17,,,0
21609,'1083767',856,,168,16,,,0
21609,'1083803',626,,169,16,,,0
21609,'1083813',726,,170,16,,,0
21609,'1083824',1126,,171,16,,,0
21609,'1083865',926,,172,16,,,0
21609,'1083868',2126,,173,16,,,0
21609,'1083869',1756,,174,16,,,0
21609,'1083929',1729,,175,17,,,0
21609,'1083944',2026,,176,16,,,0
21609,'1083952',756,,177,16,,,0
21609,'1083956',1556,,178,16,,,0
21609,'1083970',1426,,179,16,,,0
21609,'1083985',1726,,180,16,,,0
21609,'1083994',1226,,181,16,,,0
21609,'1083995',1826,,182,16,,,0
21609,'1084073',1026,,183,16,,,0
21609,'1084096',1826,,184,16,,,0
21609,'1084144',729,,185,17,,,0
21609,'1084182',2026,,186,16,,,0
21609,'1084211',1526,,187,16,,,0
21609,'1084216',1326,,188,16,,,0
21609,'1084222',826,,189,16,,,0
21609,'1084229',1526,,190,16,,,0
21609,'1084233',1626,,191,16,,,0
21609,'1084253',1026,,192,16,,,0
21609,'1084297',2126,,193,16,,,0
21609,'1084300',1226,,194,16,,,0
21609,'1084324',1426,,195,16,,,0
21609,'1084339',1659,,196,17,,,0
21609,'1084342',1126,,197,16,,,0
21609,'1084351',1926,,198,16,,,0
21609,'1084373',1926,,199,16,,,0
21609,'1084376',826,,200,16,,,0
21609,'1084380',1629,,201,17,,,0
