12009,'1175885',1813,,1519,46,0,18 7,0
12009,'1175923',1600,,1520,46,0,18 7,0
12009,'1175952',1400,,1521,46,0,18 7,0
12009,'1175971',1100,,1522,46,0,18 7,0
12009,'1176115',1200,,1524,46,0,18 7,0
12009,'1176305',1700,,1526,46,0,18 7,0
12009,'1176431',1500,,1528,46,0,18 7,0
12009,'1176538',1000,,1530,46,0,18 7,0
12009,'1176625',1300,,1531,46,0,18 7,0
14001609,'1175722',1134,,1882,47,,,0
14001609,'1175752',734,,1883,47,,,0
14001609,'1175760',2034,,1884,47,,,0
14001609,'1175852',634,,1887,4,,,0
14001609,'1175908',904,,1888,47,,,0
14001609,'1175922',1234,,1889,47,,,0
14001609,'1175936',834,,1890,47,,,0
14001609,'1175986',1434,,1892,47,,,0
14001609,'1175988',1334,,1893,47,,,0
14001609,'1175989',1834,,1894,47,,,0
14001609,'1176015',934,,1896,47,,,0
14001609,'1176168',1334,,1898,47,,,0
14001609,'1176170',1604,,1899,47,,,0
14001609,'1176241',2134,,1900,47,,,0
14001609,'1176247',804,,1901,47,,,0
14001609,'1176270',2234,,1902,47,,,0
14001609,'1176280',1634,,1903,47,,,0
14001609,'1176296',1534,,1904,47,,,0
14001609,'1176309',2234,,1905,47,,,0
14001609,'1176320',1834,,1906,47,,,0
14001609,'1176381',1034,,1908,47,,,0
14001609,'1176402',2034,,1909,47,,,0
14001609,'1176421',834,,1910,47,,,0
14001609,'1176486',1804,,1911,47,,,0
14001609,'1176492',1134,,1912,47,,,0
14001609,'1176495',1934,,1913,47,,,0
14001609,'1176500',1634,,1914,47,,,0
14001609,'1176504',1734,,1915,47,,,0
14001609,'1176510',1534,,1916,47,,,0
14001609,'1176518',1704,,1917,47,,,0
14001609,'1176524',1034,,1918,47,,,0
14001609,'1176533',934,,1919,47,,,0
14001609,'1176549',704,,1920,4,,,0
14001609,'1176577',2134,,1921,47,,,0
14001609,'1176584',634,,1922,4,,,0
14001609,'1176602',1434,,1924,47,,,0
14001609,'1176610',607,,1925,4,,,0
14001609,'1176621',1934,,1926,47,,,0
14001609,'1176627',1734,,1927,47,,,0
14001609,'1176666',734,,1928,27,,,0
14001609,'1176671',1234,,1929,47,,,0
