15009,'1175719',1726,,1569,32,0,20 15,0
15009,'1175730',1526,,1570,32,0,20 15,0
15009,'1175737',1326,,1571,32,0,20 15,0
15009,'1175828',1426,,1572,32,0,20 15,0
15009,'1175835',1026,,1573,32,0,20 15,0
15009,'1176048',1226,,1578,32,0,20 15,0
15009,'1176230',1626,,1580,32,0,20 15,0
15009,'1176301',926,,1582,32,0,20 15,0
15009,'1176568',1126,,1584,32,0,20 15,0
30009,'1178820',1705,,2120,15,0,23 24 2 25,0
30009,'1178826',1535,,2126,15,0,23 24 2 25,0
30009,'1178827',1035,,2127,15,0,23 24 2 25,0
30009,'1178828',1035,,2128,15,0,23 24 2 25,0
30009,'1178829',705,,2129,14,0,23 24 2 25,0
30009,'1178830',1005,,2130,15,0,23 24 2 25,0
30009,'1178831',735,,2131,14,0,23 24 2 25,0
30009,'1178835',935,,2135,15,0,23 24 2 25,0
30009,'1178836',1835,,2136,15,0,23 24 2 25,0
30009,'1178840',2035,,2140,15,0,23 24 2 25,0
30009,'1178841',1135,,2141,15,0,23 24 2 25,0
30009,'1178843',1635,,2143,15,0,23 24 2 25,0
30009,'1178845',835,,2145,15,0,23 24 2 25,0
30009,'1178846',1435,,2146,15,0,23 24 2 25,0
30009,'1178847',1805,,2147,15,0,23 24 2 25,0
30009,'1178852',2135,,2152,15,0,23 24 2 25,0
30009,'1178854',1935,,2154,15,0,23 24 2 25,0
30009,'1178857',805,,2157,15,0,23 24 2 25,0
30009,'1178860',835,,2160,15,0,23 24 2 25,0
30009,'1178861',1235,,2161,15,0,23 24 2 25,0
30009,'1178863',1335,,2163,15,0,23 24 2 25,0
30009,'1178865',1535,,2165,15,0,23 24 2 25,0
30009,'1178868',1735,,2168,15,0,23 24 2 25,0
30009,'1178869',1735,,2169,15,0,23 24 2 25,0
30009,'1178873',1335,,2173,15,0,23 24 2 25,0
30009,'1178880',1135,,2180,15,0,23 24 2 25,0
30009,'1178881',1235,,2181,15,0,23 24 2 25,0
30009,'1178882',1835,,2182,15,0,23 24 2 25,0
30009,'1178883',1435,,2183,15,0,23 24 2 25,0
30009,'1178884',905,,2184,15,0,23 24 2 25,0
30009,'1178885',1935,,2185,15,0,23 24 2 25,0
30009,'1178886',935,,2186,15,0,23 24 2 25,0
30009,'1178887',2035,,2187,15,0,23 24 2 25,0
30009,'1178896',735,,2196,15,0,23 24 2 25,0
30009,'1178897',2135,,2197,15,0,23 24 2 25,0
30009,'1178898',1635,,2198,15,0,23 24 2 25,0
30009,'1178899',1605,,2199,15,0,23 24 2 25,0
14001409,'1175733',1849,,1835,8,,,0
14001409,'1175775',1149,,1836,8,,,0
14001409,'1175776',2049,,1837,8,,,0
14001409,'1175786',1949,,1838,8,,,0
14001409,'1175790',1549,,1839,8,,,0
14001409,'1175803',1349,,1840,8,,,0
14001409,'1175809',919,,1841,8,,,0
14001409,'1175820',1449,,1842,8,,,0
14001409,'1175821',1149,,1843,8,,,0
14001409,'1175838',1119,,1844,8,,,0
14001409,'1175856',1049,,1845,8,,,0
14001409,'1175876',1549,,1846,8,,,0
14001409,'1175893',1849,,1847,8,,,0
14001409,'1175894',1719,,1848,8,,,0
14001409,'1175902',1619,,1849,8,,,0
14001409,'1175961',1249,,1850,8,,,0
14001409,'1175973',849,,1851,8,,,0
14001409,'1175975',1749,,1852,8,,,0
14001409,'1175979',1819,,1853,8,0,8 21,0
14001409,'1175999',819,,1854,8,,,0
14001409,'1176001',1019,,1855,8,,,0
14001409,'1176014',1049,,1856,8,,,0
14001409,'1176036',719,,1857,8,,,0
14001409,'1176047',1349,,1858,8,,,0
14001409,'1176050',2049,,1859,8,,,0
14001409,'1176071',1219,,1860,8,,,0
14001409,'1176160',1649,,1861,8,,,0
14001409,'1176250',749,,1862,8,,,0
14001409,'1176268',2149,,1863,8,,,0
14001409,'1176283',1319,,1864,8,,,0
14001409,'1176308',2149,,1866,8,,,0
14001409,'1176314',649,,1867,8,,,0
14001409,'1176393',949,,1869,8,,,0
14001409,'1176423',749,,1870,8,,,0
14001409,'1176476',1519,,1872,8,,,0
14001409,'1176485',949,,1873,8,,,0
14001409,'1176522',849,,1874,8,,,0
14001409,'1176556',1649,,1876,8,,,0
14001409,'1176558',1449,,1877,8,,,0
14001409,'1176598',1949,,1878,8,,,0
14001409,'1176631',1249,,1879,8,,,0
14001409,'1176643',1419,,1880,8,,,0
14001409,'1176681',1749,,1881,8,,,0
