12009,'1175745',1602,,1515,42,,,0
12009,'1175747',1502,,1516,42,,,0
12009,'1175827',1202,,1517,42,,,0
12009,'1175839',1815,,1518,42,,,0
12009,'1176031',1102,,1523,42,,,0
12009,'1176149',1302,,1525,42,,,0
12009,'1176417',1402,,1527,42,,,0
12009,'1176471',1702,,1529,42,,,0
12009,'1176692',1002,,1532,42,,,0
14001209,'1175718',1702,,1789,47,,,0
14001209,'1175861',1932,,1790,47,,,0
14001209,'1175900',1802,,1791,47,,,0
14001209,'1175915',2132,,1793,47,,,0
14001209,'1175917',1502,,1794,47,,,0
14001209,'1175919',2032,,1795,47,,,0
14001209,'1175938',832,,1796,47,,,0
14001209,'1175939',1832,,1797,47,,,0
14001209,'1175983',2232,,1798,47,,,0
14001209,'1176007',1332,,1799,47,,,0
14001209,'1176012',1132,,1800,47,,,0
14001209,'1176069',932,,1801,47,,,0
14001209,'1176070',1232,,1802,47,,,0
14001209,'1176091',1032,,1803,47,,,0
14001209,'1176100',732,,1804,25,,,0
14001209,'1176103',1032,,1805,47,,,0
14001209,'1176117',1232,,1806,47,,,0
14001209,'1176163',1932,,1808,47,,,0
14001209,'1176213',1132,,1809,47,,,0
14001209,'1176217',1632,,1810,47,,,0
14001209,'1176245',1832,,1811,47,,,0
14001209,'1176255',932,,1812,47,,,0
14001209,'1176275',1732,,1813,47,,,0
14001209,'1176323',1202,,1814,47,,,0
14001209,'1176343',1432,,1816,47,,,0
14001209,'1176354',1532,,1817,47,,,0
14001209,'1176378',1332,,1818,47,,,0
14001209,'1176401',802,,1819,47,,,0
14001209,'1176411',2132,,1820,47,,,0
14001209,'1176440',1532,,1821,47,,,0
14001209,'1176458',732,,1822,47,,,0
14001209,'1176470',1632,,1823,47,,,0
14001209,'1176472',1102,,1824,47,,,0
14001209,'1176483',1402,,1825,47,,,0
14001209,'1176488',1732,,1826,47,,,0
14001209,'1176515',2032,,1827,47,,,0
14001209,'1176526',1002,,1828,47,,,0
14001209,'1176532',1302,,1829,47,,,0
14001209,'1176546',2232,,1830,47,,,0
14001209,'1176594',902,,1831,47,,,0
14001209,'1176599',1602,,1832,47,,,0
14001209,'1176626',832,,1833,47,,,0
14001209,'1176676',1432,,1834,47,,,0
