13009,'1142144',1036,,747,18,,,0
13009,'1142247',1436,,748,18,,,0
13009,'1142389',1636,,749,18,,,0
13009,'1142437',1236,,753,18,,,0
13009,'1142616',936,,755,18,,,0
13009,'1142716',1736,,758,18,,,0
13009,'1142721',1336,,760,18,,,0
13009,'1142852',1136,,763,18,,,0
13009,'1142885',1536,,764,18,,,0
14001209,'1142139',1327,,921,18,,,0
14001209,'1142151',1157,,922,18,,,0
14001209,'1142158',1527,,923,18,,,0
14001209,'1142168',1427,,924,18,,,0
14001209,'1142228',1357,,925,18,,,0
14001209,'1142235',1057,,926,18,,,0
14001209,'1142256',1227,,927,18,,,0
14001209,'1142291',1657,,928,18,,,0
14001209,'1142293',1627,,929,18,,,0
14001209,'1142309',1027,,930,18,,,0
14001209,'1142370',757,,931,18,,,0
14001209,'1142374',2257,,932,18,0,8 9,0
14001209,'1142423',1127,,933,18,,,0
14001209,'1142439',757,,934,18,,,0
14001209,'1142486',827,,935,18,,,0
14001209,'1142509',1457,,936,18,,,0
14001209,'1142542',1857,,937,18,,,0
14001209,'1142545',1057,,938,18,,,0
14001209,'1142567',957,,939,18,,,0
14001209,'1142571',1657,,940,18,,,0
14001209,'1142573',1257,,941,18,,,0
14001209,'1142591',1757,,942,18,,,0
14001209,'1142598',857,,943,18,,,0
14001209,'1142600',727,,944,18,,,0
14001209,'1142650',2157,,945,18,,,0
14001209,'1142656',1827,,946,18,0,8 9,0
14001209,'1142691',1757,,947,18,,,0
14001209,'1142694',1257,,948,18,,,0
14001209,'1142710',2157,,949,18,,,0
14001209,'1142742',657,,951,18,,,0
14001209,'1142760',927,,952,18,,,0
14001209,'1142766',1157,,953,18,,,0
14001209,'1142771',1727,,954,18,,,0
14001209,'1142778',1557,,955,18,,,0
14001209,'1142786',2057,,956,18,,,0
14001209,'1142797',1957,,957,18,,,0
14001209,'1142806',1357,,958,18,,,0
14001209,'1142815',2257,,959,18,0,8 9,0
14001209,'1142817',1557,,960,18,,,0
14001209,'1142820',1857,,961,18,,,0
14001209,'1142837',857,,962,18,,,0
14001209,'1142854',957,,963,18,,,0
14001209,'1142855',2057,,964,18,,,0
14001209,'1142858',1457,,965,18,,,0
14001209,'1142869',1957,,966,18,,,0
