16009,'1175714',1307,,1587,19,,,0
16009,'1176136',1007,,1592,19,,,0
16009,'1176272',1407,,1595,19,,,0
16009,'1176282',907,,1596,19,,,0
16009,'1176290',1707,,1597,19,,,0
16009,'1176390',1207,,1598,19,,,0
16009,'1176528',1507,,1600,19,,,0
16009,'1176535',1607,,1601,19,,,0
16009,'1176682',1107,,1604,19,,,0
21609,'1175813',1928,,1624,21,,,0
21609,'1175831',731,,1625,22,,,0
21609,'1175857',1701,,1626,22,,,0
21609,'1175869',1731,,1627,22,,,0
21609,'1175916',1558,,1628,21,,,0
21609,'1175929',1328,,1629,21,,,0
21609,'1175966',1728,,1630,21,,,0
21609,'1175997',2128,,1631,21,,,0
21609,'1175998',928,,1632,21,,,0
21609,'1176028',1028,,1633,21,,,0
21609,'1176037',1828,,1634,21,,,0
21609,'1176041',1828,,1635,21,,,0
21609,'1176046',728,,1636,21,,,0
21609,'1176054',1631,,1637,22,,,0
21609,'1176067',701,,1638,22,,,0
21609,'1176111',1128,,1639,21,,,0
21609,'1176200',1428,,1640,21,,,0
21609,'1176207',2128,,1641,21,,,0
21609,'1176218',1128,,1642,21,,,0
21609,'1176289',1028,,1643,21,,,0
21609,'1176352',1228,,1644,21,,,0
21609,'1176395',1928,,1645,21,,,0
21609,'1176414',2028,,1646,21,,,0
21609,'1176430',1758,,1647,21,,,0
21609,'1176454',1628,,1648,21,,,0
21609,'1176460',828,,1649,21,,,0
21609,'1176467',1528,,1650,21,,,0
21609,'1176534',628,,1651,21,,,0
21609,'1176553',1228,,1652,21,,,0
21609,'1176576',928,,1653,21,,,0
21609,'1176651',828,,1654,21,,,0
21609,'1176656',1528,,1655,21,,,0
21609,'1176659',1428,,1656,21,,,0
21609,'1176663',1328,,1657,21,,,0
21609,'1176665',858,,1658,21,,,0
21609,'1176686',2028,,1659,21,,,0
21609,'1176690',758,,1660,21,,,0
