14009,'1175724',1449,,1551,24,0,5 6 22,0
14009,'1175759',1249,,1552,24,0,5 6 22,0
14009,'1175767',1349,,1553,24,0,5 6 22,0
14009,'1175834',1549,,1557,24,0,5 6 22,0
14009,'1176178',1049,,1560,24,0,5 6 22,0
14009,'1176234',1802,,1561,24,0,5 6 22,0
14009,'1176418',1149,,1564,24,0,5 6 22,0
14009,'1176613',1649,,1566,24,0,5 6 22,0
14009,'1176636',949,,1567,24,0,5 6 22,0
14001209,'1175718',1652,,1789,34,,,0
14001209,'1175861',1922,,1790,34,,,0
14001209,'1175900',1752,,1791,34,,,0
14001209,'1175915',2122,,1793,34,,,0
14001209,'1175917',1452,,1794,34,,,0
14001209,'1175919',2022,,1795,34,,,0
14001209,'1175938',822,,1796,34,,,0
14001209,'1175939',1822,,1797,34,,,0
14001209,'1175983',2222,,1798,34,,,0
14001209,'1176007',1322,,1799,34,,,0
14001209,'1176012',1122,,1800,34,,,0
14001209,'1176069',922,,1801,34,,,0
14001209,'1176070',1222,,1802,34,,,0
14001209,'1176091',1022,,1803,34,,,0
14001209,'1176100',722,,1804,12,,,0
14001209,'1176103',1022,,1805,34,,,0
14001209,'1176117',1222,,1806,34,,,0
14001209,'1176163',1922,,1808,34,,,0
14001209,'1176213',1122,,1809,34,,,0
14001209,'1176217',1622,,1810,34,,,0
14001209,'1176245',1822,,1811,34,,,0
14001209,'1176255',922,,1812,34,,,0
14001209,'1176275',1722,,1813,34,,,0
14001209,'1176323',1152,,1814,34,,,0
14001209,'1176343',1422,,1816,34,,,0
14001209,'1176354',1522,,1817,34,,,0
14001209,'1176378',1322,,1818,34,,,0
14001209,'1176401',752,,1819,34,,,0
14001209,'1176411',2122,,1820,34,,,0
14001209,'1176440',1522,,1821,34,,,0
14001209,'1176458',722,,1822,34,,,0
14001209,'1176470',1622,,1823,34,,,0
14001209,'1176472',1052,,1824,34,,,0
14001209,'1176483',1352,,1825,34,,,0
14001209,'1176488',1722,,1826,34,,,0
14001209,'1176515',2022,,1827,34,,,0
14001209,'1176526',952,,1828,34,,,0
14001209,'1176532',1252,,1829,34,,,0
14001209,'1176546',2222,,1830,34,,,0
14001209,'1176594',852,,1831,34,,,0
14001209,'1176599',1552,,1832,34,,,0
14001209,'1176626',822,,1833,34,,,0
14001209,'1176676',1422,,1834,34,,,0
