12009,'1175841',1020,,1252,1,0,18 7,0
12009,'1175904',1406,,1253,47,4,,0
12009,'1175914',1420,,1254,1,0,18 7,0
12009,'1176038',1120,,1255,1,0,18 7,0
12009,'1176142',1220,,1256,1,0,18 7,0
12009,'1176180',1106,,1257,47,4,,0
12009,'1176258',1819,,1258,47,4,,0
12009,'1176284',1506,,1259,47,4,,0
12009,'1176291',1320,,1260,1,0,18 7,0
12009,'1176342',1520,,1261,1,0,18 7,0
12009,'1176399',1720,,1262,1,0,18 7,0
12009,'1176435',1206,,1263,47,4,,0
12009,'1176479',1606,,1264,47,4,,0
12009,'1176508',1706,,1265,47,4,,0
12009,'1176541',1006,,1266,47,4,,0
12009,'1176548',1306,,1267,47,4,,0
12009,'1176575',920,,1268,1,0,18 7,0
12009,'1176589',1620,,1269,1,0,18 7,0
14001209,'1142139',1406,,921,53,4,,0
14001209,'1142151',1236,,922,53,4,,0
14001209,'1142158',1606,,923,53,4,,0
14001209,'1142168',1506,,924,53,4,,0
14001209,'1142228',1436,,925,53,4,,0
14001209,'1142235',1136,,926,53,4,,0
14001209,'1142256',1306,,927,53,4,,0
14001209,'1142291',1736,,928,53,4,,0
14001209,'1142293',1706,,929,53,4,,0
14001209,'1142309',1106,,930,53,4,,0
14001209,'1142370',836,,931,53,4,,0
14001209,'1142423',1206,,933,53,4,,0
14001209,'1142439',836,,934,53,4,,0
14001209,'1142486',906,,935,53,4,,0
14001209,'1142509',1536,,936,53,4,,0
14001209,'1142542',1936,,937,53,4,,0
14001209,'1142545',1136,,938,53,4,,0
14001209,'1142567',1036,,939,53,4,,0
14001209,'1142571',1736,,940,53,4,,0
14001209,'1142573',1336,,941,53,4,,0
14001209,'1142591',1836,,942,53,4,,0
14001209,'1142598',936,,943,53,4,,0
14001209,'1142600',806,,944,53,4,,0
14001209,'1142650',2236,,945,53,4,,0
14001209,'1142691',1836,,947,53,4,,0
14001209,'1142694',1336,,948,53,4,,0
14001209,'1142710',2236,,949,53,4,,0
14001209,'1142733',736,,950,31,4,,0
14001209,'1142742',736,,951,53,4,,0
14001209,'1142760',1006,,952,53,4,,0
14001209,'1142766',1236,,953,53,4,,0
14001209,'1142771',1806,,954,53,4,,0
14001209,'1142778',1636,,955,53,4,,0
14001209,'1142786',2136,,956,53,4,,0
14001209,'1142797',2036,,957,53,4,,0
14001209,'1142806',1436,,958,53,4,,0
14001209,'1142817',1636,,960,53,4,,0
14001209,'1142820',1936,,961,53,4,,0
14001209,'1142837',936,,962,53,4,,0
14001209,'1142854',1036,,963,53,4,,0
14001209,'1142855',2136,,964,53,4,,0
14001209,'1142858',1536,,965,53,4,,0
14001209,'1142869',2036,,966,53,4,,0
19001309,'1142849',1811,,1152,1,0,8 21,0
19001309,'1175725',641,,1374,1,,,0
19001309,'1175746',1241,,1375,1,,,0
19001309,'1175750',2141,,1376,1,,,0
19001309,'1175772',2041,,1378,1,,,0
19001309,'1175824',1941,,1379,1,,,0
19001309,'1175844',641,,1380,1,,,0
19001309,'1175930',1741,,1381,1,,,0
19001309,'1175941',1441,,1382,1,,,0
19001309,'1175974',1611,,1383,1,,,0
19001309,'1176027',1141,,1384,1,,,0
19001309,'1176051',1311,,1385,1,,,0
19001309,'1176056',1511,,1386,1,,,0
19001309,'1176072',841,,1387,1,,,0
19001309,'1176088',811,,1388,1,,,0
19001309,'1176113',941,,1389,1,,,0
19001309,'1176123',1441,,1390,1,,,0
19001309,'1176150',1641,,1391,1,,,0
19001309,'1176155',1711,,1392,1,,,0
19001309,'1176191',1841,,1393,1,,,0
19001309,'1176203',1941,,1394,1,,,0
19001309,'1176205',741,,1395,1,,,0
19001309,'1176216',711,,1396,1,,,0
19001309,'1176219',1541,,1397,1,,,0
19001309,'1176231',1241,,1398,1,,,0
19001309,'1176237',1141,,1399,1,,,0
19001309,'1176251',841,,1400,1,,,0
19001309,'1176267',1841,,1401,1,,,0
19001309,'1176327',2141,,1403,1,,,0
19001309,'1176330',1041,,1404,1,,,0
19001309,'1176347',1341,,1405,1,,,0
19001309,'1176350',1341,,1406,1,,,0
19001309,'1176372',911,,1407,1,,,0
19001309,'1176377',2041,,1408,1,,,0
19001309,'1176385',941,,1409,1,,,0
19001309,'1176484',1541,,1410,1,,,0
19001309,'1176487',1211,,1411,1,,,0
19001309,'1176502',1411,,1412,1,,,0
19001309,'1176565',1041,,1413,1,,,0
19001309,'1176609',1641,,1414,1,,,0
19001309,'1176622',1741,,1415,1,,,0
19001309,'1176667',741,,1416,1,,,0
19001309,'1176691',1111,,1417,1,,,0
19001309,'1176694',1011,,1418,1,,,0
