20009,'1175879',1436,,1605,5,0,10 11,0
20009,'1175886',1513,,1606,24,,,0
20009,'1175940',1036,,1607,5,0,10 11,0
20009,'1176006',1013,,1608,24,,,0
20009,'1176032',1313,,1609,24,,,0
20009,'1176110',1613,,1610,24,,,0
20009,'1176265',1536,,1612,5,0,10 11,0
20009,'1176319',1736,,1613,5,0,10 11,0
20009,'1176370',1213,,1614,24,,,0
20009,'1176398',1336,,1615,5,0,10 11,0
20009,'1176408',936,,1616,5,0,10 11,0
20009,'1176412',1113,,1617,24,,,0
20009,'1176425',1136,,1618,5,0,10 11,0
20009,'1176469',1413,,1619,24,,,0
20009,'1176512',1713,,1620,24,,,0
20009,'1176525',913,,1621,14,,,0
20009,'1176552',1236,,1622,5,0,10 11,0
20009,'1176647',1636,,1623,5,0,10 11,0
30009,'1175721',1659,,1661,23,,,0
30009,'1175727',1359,,1662,23,,,0
30009,'1175731',1630,,1663,2,,,0
30009,'1175735',1459,,1664,23,,,0
30009,'1175749',1829,,1665,23,,,0
30009,'1175758',1559,,1666,23,,,0
30009,'1175761',1729,,1667,23,,,0
30009,'1175780',1859,,1669,23,,,0
30009,'1175796',959,,1670,23,,,0
30009,'1175817',1059,,1671,23,,,0
30009,'1175867',1259,,1672,23,,,0
30009,'1175878',859,,1673,23,,,0
30009,'1175895',1730,,1675,2,,,0
30009,'1175903',1430,,1676,2,,,0
30009,'1175906',1330,,1677,2,,,0
30009,'1175911',1059,,1678,23,,,0
30009,'1175920',830,,1679,2,,,0
30009,'1175934',2159,,1680,23,,,0
30009,'1175956',1130,,1681,2,,,0
30009,'1175959',759,,1682,23,,,0
30009,'1175964',929,,1683,23,,,0
30009,'1175968',930,,1684,2,,,0
30009,'1175972',1159,,1685,23,,,0
30009,'1175993',1029,,1686,23,,,0
30009,'1176011',1430,,1687,2,,,0
30009,'1176018',900,,1688,2,,,0
30009,'1176021',1230,,1689,2,,,0
30009,'1176022',700,,1690,2,,,0
30009,'1176029',930,,1691,2,,,0
30009,'1176061',1159,,1693,23,,,0
30009,'1176062',1030,,1694,2,,,0
30009,'1176077',1030,,1695,2,,,0
30009,'1176102',1130,,1696,2,,,0
30009,'1176118',1859,,1697,23,,,0
30009,'1176121',1659,,1698,23,,,0
30009,'1176144',1559,,1699,23,,,0
30009,'1176164',1930,,1700,2,,,0
30009,'1176165',2030,,1701,2,,,0
30009,'1176189',1730,,1704,2,,,0
30009,'1176197',800,,1705,2,,,0
30009,'1176210',2130,,1706,2,0,8 21,0
30009,'1176212',1330,,1707,2,,,0
30009,'1176214',1630,,1708,2,,,0
30009,'1176220',1000,,1709,2,0,8 21,0
30009,'1176232',1759,,1710,23,,,0
30009,'1176233',1959,,1711,23,,,0
30009,'1176253',1530,,1712,2,,,0
30009,'1176298',1530,,1714,2,,,0
30009,'1176304',1230,,1715,2,,,0
30009,'1176325',1600,,1716,2,,,0
30009,'1176329',1800,,1717,2,0,8 21,0
30009,'1176333',1259,,1718,23,,,0
30009,'1176363',830,,1719,2,,,0
30009,'1176388',2059,,1720,23,,,0
30009,'1176397',2130,,1721,2,0,8 21,0
30009,'1176404',1959,,1722,23,,,0
30009,'1176405',729,,1723,22,,,0
30009,'1176439',2030,,1725,2,,,0
30009,'1176451',730,,1726,2,,,0
30009,'1176455',730,,1727,2,,,0
30009,'1176456',1759,,1728,23,,,0
30009,'1176480',959,,1730,23,,,0
30009,'1176489',759,,1731,22,,,0
30009,'1176494',829,,1732,23,,,0
30009,'1176499',1629,,1733,23,,,0
30009,'1176503',1459,,1734,23,,,0
30009,'1176511',2159,,1735,23,,,0
30009,'1176516',1359,,1736,23,,,0
30009,'1176560',1830,,1737,2,,,0
30009,'1176569',1700,,1738,2,,,0
30009,'1176582',1930,,1739,2,,,0
30009,'1176588',1830,,1740,2,,,0
30009,'1176633',859,,1741,23,,,0
30009,'1176649',2059,,1742,23,,,0
14001609,'1175722',1050,,1882,7,,,0
14001609,'1175752',650,,1883,7,,,0
14001609,'1175760',1950,,1884,7,,,0
14001609,'1175799',920,,1885,7,0,8 21,0
14001609,'1175804',1020,,1886,7,0,8 21,0
14001609,'1175908',820,,1888,7,,,0
14001609,'1175922',1150,,1889,7,,,0
14001609,'1175936',750,,1890,7,,,0
14001609,'1175982',1120,,1891,7,0,8 21,0
14001609,'1175986',1350,,1892,7,,,0
14001609,'1175988',1250,,1893,7,,,0
14001609,'1175989',1750,,1894,7,,,0
14001609,'1176010',1220,,1895,7,0,8 21,0
14001609,'1176015',850,,1896,7,,,0
14001609,'1176131',1320,,1897,7,0,8 21,0
14001609,'1176168',1250,,1898,7,,,0
14001609,'1176170',1520,,1899,7,,,0
14001609,'1176241',2050,,1900,7,,,0
14001609,'1176247',720,,1901,7,,,0
14001609,'1176270',2150,,1902,7,,,0
14001609,'1176280',1550,,1903,7,,,0
14001609,'1176296',1450,,1904,7,,,0
14001609,'1176309',2150,,1905,7,,,0
14001609,'1176320',1750,,1906,7,,,0
14001609,'1176374',1820,,1907,7,0,8 21,0
14001609,'1176381',950,,1908,7,,,0
14001609,'1176402',1950,,1909,7,,,0
14001609,'1176421',750,,1910,7,,,0
14001609,'1176486',1720,,1911,7,,,0
14001609,'1176492',1050,,1912,7,,,0
14001609,'1176495',1850,,1913,7,,,0
14001609,'1176500',1550,,1914,7,,,0
14001609,'1176504',1650,,1915,7,,,0
14001609,'1176510',1450,,1916,7,,,0
14001609,'1176518',1620,,1917,7,,,0
14001609,'1176524',950,,1918,7,,,0
14001609,'1176533',850,,1919,7,,,0
14001609,'1176577',2050,,1921,7,,,0
14001609,'1176593',1420,,1923,7,0,8 21,0
14001609,'1176602',1350,,1924,7,,,0
14001609,'1176621',1850,,1926,7,,,0
14001609,'1176627',1650,,1927,7,,,0
14001609,'1176671',1150,,1929,7,,,0
19001709,'1175717',1526,,2072,46,,,0
19001709,'1175742',1126,,2073,46,,,0
19001709,'1175751',1126,,2074,46,,,0
19001709,'1175777',1156,,2075,13,,,0
19001709,'1175789',726,,2076,46,,,0
19001709,'1175830',2026,,2077,46,,,0
19001709,'1175877',1226,,2078,46,,,0
19001709,'1175947',1726,,2079,46,,,0
19001709,'1175951',756,,2080,46,,,0
19001709,'1175978',826,,2081,46,,,0
19001709,'1176042',1726,,2082,46,,,0
19001709,'1176058',1526,,2084,46,,,0
19001709,'1176065',1626,,2085,46,,,0
19001709,'1176099',1426,,2086,46,,,0
19001709,'1176116',1556,,2087,13,,,0
19001709,'1176119',1826,,2088,46,,,0
19001709,'1176120',1926,,2089,46,,,0
19001709,'1176130',1326,,2091,46,,,0
19001709,'1176156',2026,,2092,46,,,0
19001709,'1176161',1426,,2093,46,,,0
19001709,'1176166',956,,2094,46,,,0
19001709,'1176201',926,,2095,46,,,0
19001709,'1176209',1356,,2096,13,,,0
19001709,'1176252',856,,2097,46,,,0
19001709,'1176264',1456,,2098,13,,,0
19001709,'1176273',1026,,2099,46,,,0
19001709,'1176297',1256,,2100,13,,,0
19001709,'1176303',1656,,2101,46,,,0
19001709,'1176312',1756,,2102,46,,,0
19001709,'1176349',1926,,2103,46,,,0
19001709,'1176380',1056,,2104,13,,,0
19001709,'1176415',826,,2105,46,,,0
19001709,'1176420',1226,,2106,46,,,0
19001709,'1176482',1326,,2108,46,,,0
19001709,'1176513',726,,2109,46,,,0
19001709,'1176547',626,,2110,13,,,0
19001709,'1176554',1826,,2111,46,,,0
19001709,'1176592',656,,2112,46,,,0
19001709,'1176601',1626,,2113,46,,,0
19001709,'1176617',2126,,2114,46,,,0
19001709,'1176629',1026,,2115,46,,,0
19001709,'1176637',926,,2116,46,,,0
19001709,'1176655',2126,,2118,46,,,0
