12009,'1175904',1403,,1253,43,,,0
12009,'1176180',1103,,1257,43,,,0
12009,'1176258',1816,,1258,43,,,0
12009,'1176284',1503,,1259,43,,,0
12009,'1176435',1203,,1263,43,,,0
12009,'1176479',1603,,1264,43,,,0
12009,'1176508',1703,,1265,43,,,0
12009,'1176541',1003,,1266,43,,,0
12009,'1176548',1303,,1267,43,,,0
14001209,'1142139',1403,,921,48,,,0
14001209,'1142151',1233,,922,48,,,0
14001209,'1142158',1603,,923,48,,,0
14001209,'1142168',1503,,924,48,,,0
14001209,'1142228',1433,,925,48,,,0
14001209,'1142235',1133,,926,48,,,0
14001209,'1142256',1303,,927,48,,,0
14001209,'1142291',1733,,928,48,,,0
14001209,'1142293',1703,,929,48,,,0
14001209,'1142309',1103,,930,48,,,0
14001209,'1142370',833,,931,48,,,0
14001209,'1142423',1203,,933,48,,,0
14001209,'1142439',833,,934,48,,,0
14001209,'1142486',903,,935,48,,,0
14001209,'1142509',1533,,936,48,,,0
14001209,'1142542',1933,,937,48,,,0
14001209,'1142545',1133,,938,48,,,0
14001209,'1142567',1033,,939,48,,,0
14001209,'1142571',1733,,940,48,,,0
14001209,'1142573',1333,,941,48,,,0
14001209,'1142591',1833,,942,48,,,0
14001209,'1142598',933,,943,48,,,0
14001209,'1142600',803,,944,48,,,0
14001209,'1142650',2233,,945,48,,,0
14001209,'1142691',1833,,947,48,,,0
14001209,'1142694',1333,,948,48,,,0
14001209,'1142710',2233,,949,48,,,0
14001209,'1142733',733,,950,26,,,0
14001209,'1142742',733,,951,48,,,0
14001209,'1142760',1003,,952,48,,,0
14001209,'1142766',1233,,953,48,,,0
14001209,'1142771',1803,,954,48,,,0
14001209,'1142778',1633,,955,48,,,0
14001209,'1142786',2133,,956,48,,,0
14001209,'1142797',2033,,957,48,,,0
14001209,'1142806',1433,,958,48,,,0
14001209,'1142817',1633,,960,48,,,0
14001209,'1142820',1933,,961,48,,,0
14001209,'1142837',933,,962,48,,,0
14001209,'1142854',1033,,963,48,,,0
14001209,'1142855',2133,,964,48,,,0
14001209,'1142858',1533,,965,48,,,0
14001209,'1142869',2033,,966,48,,,0
