19001309,'1142849',1818,,1152,13,0,8 21,0
19001309,'1175725',648,,1374,13,,,0
19001309,'1175746',1248,,1375,13,,,0
19001309,'1175750',2148,,1376,13,,,0
19001309,'1175772',2048,,1378,13,,,0
19001309,'1175824',1948,,1379,13,,,0
19001309,'1175844',648,,1380,13,,,0
19001309,'1175930',1748,,1381,13,,,0
19001309,'1175941',1448,,1382,13,,,0
19001309,'1175974',1618,,1383,13,,,0
19001309,'1176027',1148,,1384,13,,,0
19001309,'1176051',1318,,1385,13,,,0
19001309,'1176056',1518,,1386,13,,,0
19001309,'1176072',848,,1387,13,,,0
19001309,'1176088',818,,1388,13,,,0
19001309,'1176113',948,,1389,13,,,0
19001309,'1176123',1448,,1390,13,,,0
19001309,'1176150',1648,,1391,13,,,0
19001309,'1176155',1718,,1392,13,,,0
19001309,'1176191',1848,,1393,13,,,0
19001309,'1176203',1948,,1394,13,,,0
19001309,'1176205',748,,1395,13,,,0
19001309,'1176216',718,,1396,13,,,0
19001309,'1176219',1548,,1397,13,,,0
19001309,'1176231',1248,,1398,13,,,0
19001309,'1176237',1148,,1399,13,,,0
19001309,'1176251',848,,1400,13,,,0
19001309,'1176267',1848,,1401,13,,,0
19001309,'1176327',2148,,1403,13,,,0
19001309,'1176330',1048,,1404,13,,,0
19001309,'1176347',1348,,1405,13,,,0
19001309,'1176350',1348,,1406,13,,,0
19001309,'1176372',918,,1407,13,,,0
19001309,'1176377',2048,,1408,13,,,0
19001309,'1176385',948,,1409,13,,,0
19001309,'1176484',1548,,1410,13,,,0
19001309,'1176487',1218,,1411,13,,,0
19001309,'1176502',1418,,1412,13,,,0
19001309,'1176565',1048,,1413,13,,,0
19001309,'1176609',1648,,1414,13,,,0
19001309,'1176622',1748,,1415,13,,,0
19001309,'1176667',748,,1416,13,,,0
19001309,'1176691',1118,,1417,13,,,0
19001309,'1176694',1018,,1418,13,,,0
