12009,'1175745',1528,,1515,20,,,0
12009,'1175747',1428,,1516,20,,,0
12009,'1175827',1128,,1517,20,,,0
12009,'1175839',1728,,1518,20,,,0
12009,'1176031',1028,,1523,20,,,0
12009,'1176149',1228,,1525,20,,,0
12009,'1176417',1328,,1527,20,,,0
12009,'1176471',1628,,1529,20,,,0
12009,'1176692',928,,1532,20,,,0
19001709,'1175717',1454,,2072,21,,,0
19001709,'1175742',1054,,2073,21,,,0
19001709,'1175751',1054,,2074,21,,,0
19001709,'1175789',654,,2076,21,,,0
19001709,'1175830',1954,,2077,21,,,0
19001709,'1175877',1154,,2078,21,,,0
19001709,'1175947',1654,,2079,21,,,0
19001709,'1175951',724,,2080,21,,,0
19001709,'1175978',754,,2081,21,,,0
19001709,'1176042',1654,,2082,21,,,0
19001709,'1176052',2154,,2083,21,0,8 21,0
19001709,'1176058',1454,,2084,21,,,0
19001709,'1176065',1554,,2085,21,,,0
19001709,'1176099',1354,,2086,21,,,0
19001709,'1176119',1754,,2088,21,,,0
19001709,'1176120',1854,,2089,21,,,0
19001709,'1176124',2254,,2090,21,0,8 21,0
19001709,'1176130',1254,,2091,21,,,0
19001709,'1176156',1954,,2092,21,,,0
19001709,'1176161',1354,,2093,21,,,0
19001709,'1176166',924,,2094,21,,,0
19001709,'1176201',854,,2095,21,,,0
19001709,'1176252',824,,2097,21,,,0
19001709,'1176273',954,,2099,21,,,0
19001709,'1176303',1624,,2101,21,,,0
19001709,'1176312',1724,,2102,21,,,0
19001709,'1176349',1854,,2103,21,,,0
19001709,'1176415',754,,2105,21,,,0
19001709,'1176420',1154,,2106,21,,,0
19001709,'1176468',2154,,2107,21,0,8 21,0
19001709,'1176482',1254,,2108,21,,,0
19001709,'1176513',654,,2109,21,,,0
19001709,'1176554',1754,,2111,21,,,0
19001709,'1176592',624,,2112,21,,,0
19001709,'1176601',1554,,2113,21,,,0
19001709,'1176617',2054,,2114,21,,,0
19001709,'1176629',954,,2115,21,,,0
19001709,'1176637',854,,2116,21,,,0
19001709,'1176640',1824,,2117,21,0,8 21,0
19001709,'1176655',2054,,2118,21,,,0
19001709,'1176661',2254,,2119,21,0,8 21,0
