19001709,'1175723',858,,1419,28,,,0
19001709,'1175748',928,,1420,28,,,0
19001709,'1175763',1058,,1421,28,,,0
19001709,'1175781',958,,1422,28,,,0
19001709,'1175795',728,,1423,28,,,0
19001709,'1175819',2058,,1424,28,,,0
19001709,'1175858',1858,,1425,28,,,0
19001709,'1175872',2158,,1426,28,0,8 21,0
19001709,'1175912',1758,,1427,28,,,0
19001709,'1175946',2058,,1428,28,,,0
19001709,'1176002',1358,,1429,28,,,0
19001709,'1176024',2158,,1430,28,0,8 21,0
19001709,'1176147',1958,,1431,28,,,0
19001709,'1176151',1458,,1432,28,,,0
19001709,'1176162',1158,,1433,28,,,0
19001709,'1176204',1558,,1434,28,,,0
19001709,'1176288',758,,1435,28,,,0
19001709,'1176339',1658,,1436,28,,,0
19001709,'1176366',658,,1437,28,,,0
19001709,'1176369',1558,,1438,28,,,0
19001709,'1176400',1058,,1439,28,,,0
19001709,'1176416',1858,,1440,28,,,0
19001709,'1176419',858,,1441,28,,,0
19001709,'1176422',1458,,1442,28,,,0
19001709,'1176428',1628,,1443,28,,,0
19001709,'1176461',1728,,1444,28,,,0
19001709,'1176465',1958,,1445,28,,,0
19001709,'1176466',2258,,1446,28,0,8 21,0
19001709,'1176481',1358,,1447,28,,,0
19001709,'1176493',628,,1448,28,,,0
19001709,'1176540',958,,1449,28,,,0
19001709,'1176561',1658,,1450,28,,,0
19001709,'1176587',758,,1451,28,,,0
19001709,'1176600',1258,,1452,28,,,0
19001709,'1176606',1258,,1453,28,,,0
19001709,'1176634',658,,1454,28,,,0
19001709,'1176635',828,,1455,28,,,0
19001709,'1176654',1828,,1456,28,0,8 21,0
19001709,'1176664',1158,,1457,28,,,0
19001709,'1176670',1758,,1458,28,,,0
19001709,'1176677',2258,,1459,28,0,8 21,0
