14009,'1175812',1724,,1554,12,,,0
14009,'1175822',1024,,1555,12,,,0
14009,'1175823',1624,,1556,12,,,0
14009,'1175927',1324,,1558,12,,,0
14009,'1176135',924,,1559,12,,,0
14009,'1176326',1124,,1562,12,,,0
14009,'1176364',1424,,1563,12,,,0
14009,'1176520',1524,,1565,12,,,0
14009,'1176678',1224,,1568,12,,,0
19001109,'1175757',2153,,1930,13,,,0
19001109,'1175788',1753,,1931,13,,,0
19001109,'1175797',1352,,1932,13,,,0
19001109,'1175800',953,,1933,13,,,0
19001109,'1175846',1853,,1935,13,,,0
19001109,'1175866',1723,,1937,13,,,0
19001109,'1175873',1823,,1938,13,0,8 21,0
19001109,'1175889',1252,,1939,13,,,0
19001109,'1175976',2248,,1941,13,0,12,0
19001109,'1175990',1152,,1942,13,,,0
19001109,'1176026',1252,,1944,13,,,0
19001109,'1176086',953,,1946,13,,,0
19001109,'1176114',853,,1947,13,,,0
19001109,'1176152',723,,1948,13,,,0
19001109,'1176229',2153,,1949,13,,,0
19001109,'1176246',753,,1950,13,,,0
19001109,'1176315',653,,1951,13,,,0
19001109,'1176316',1152,,1952,13,,,0
19001109,'1176317',1653,,1953,13,,,0
19001109,'1176322',923,,1954,13,,,0
19001109,'1176337',1953,,1955,13,,,0
19001109,'1176344',1552,,1956,13,,,0
19001109,'1176353',1552,,1957,13,,,0
19001109,'1176386',653,,1958,13,,,0
19001109,'1176444',1853,,1961,13,,,0
19001109,'1176445',2053,,1962,13,,,0
19001109,'1176478',1753,,1963,13,,,0
19001109,'1176509',2248,,1964,13,0,12,0
19001109,'1176517',1452,,1965,13,,,0
19001109,'1176557',853,,1966,13,,,0
19001109,'1176559',1953,,1967,13,,,0
19001109,'1176563',823,,1968,13,,,0
19001109,'1176570',1452,,1969,13,,,0
19001109,'1176595',1653,,1972,13,,,0
19001109,'1176605',1052,,1973,13,,,0
19001109,'1176616',1052,,1974,13,,,0
19001109,'1176620',753,,1975,13,,,0
19001109,'1176668',2053,,1976,13,,,0
19001109,'1176674',1352,,1977,13,,,0
