14001409,'1142132',1221,,967,27,,,0
14001409,'1142141',921,,968,27,,,0
14001409,'1142149',1721,,969,27,,,0
14001409,'1142155',1221,,970,27,,,0
14001409,'1142175',1321,,971,27,,,0
14001409,'1142179',1451,,972,27,,,0
14001409,'1142200',1421,,973,27,,,0
14001409,'1142203',2221,,974,27,,,0
14001409,'1142206',1921,,975,27,,,0
14001409,'1142211',751,,976,27,,,0
14001409,'1142248',651,,977,6,,,0
14001409,'1142253',1021,,978,27,,,0
14001409,'1142257',2021,,979,27,,,0
14001409,'1142272',1921,,980,27,,,0
14001409,'1142298',921,,981,27,,,0
14001409,'1142299',1721,,982,27,,,0
14001409,'1142338',1621,,983,27,,,0
14001409,'1142361',2121,,984,27,,,0
14001409,'1142371',1251,,985,27,,,0
14001409,'1142372',721,,986,6,,,0
14001409,'1142373',1751,,987,27,,,0
14001409,'1142381',2121,,988,27,,,0
14001409,'1142416',721,,989,27,,,0
14001409,'1142418',1521,,990,27,,,0
14001409,'1142456',1121,,992,27,,,0
14001409,'1142477',1151,,993,27,,,0
14001409,'1142481',1651,,994,27,,,0
14001409,'1142488',1551,,995,27,,,0
14001409,'1142526',1321,,996,27,,,0
14001409,'1142560',1521,,998,27,,,0
14001409,'1142562',1421,,999,27,,,0
14001409,'1142611',1351,,1000,27,,,0
14001409,'1142629',951,,1001,27,,,0
14001409,'1142639',1821,,1002,27,,,0
14001409,'1142654',1621,,1003,27,,,0
14001409,'1142701',821,,1004,27,,,0
14001409,'1142714',1021,,1005,27,,,0
14001409,'1142752',2021,,1007,27,,,0
14001409,'1142757',821,,1008,27,,,0
14001409,'1142821',2221,,1009,27,,,0
14001409,'1142851',1121,,1010,27,,,0
14001409,'1142870',1051,,1011,27,,,0
14001409,'1142874',1821,,1012,27,,,0
14001409,'1142883',851,,1013,27,,,0
