13009,'1175753',956,,1270,4,0,19 15,0
13009,'1175782',1156,,1271,4,0,19 15,0
13009,'1175783',856,,1272,4,0,19 15,0
13009,'1176089',1056,,1273,4,0,19 15,0
13009,'1176177',1256,,1274,4,0,19 15,0
13009,'1176441',1656,,1275,4,0,19 15,0
13009,'1176507',1456,,1276,4,0,19 15,0
13009,'1176529',1556,,1277,4,0,19 15,0
13009,'1176679',1356,,1278,4,0,19 15,0
19001109,'1142212',1306,,1065,23,,,0
19001109,'1142263',611,,1072,2,,,0
19001109,'1142345',1206,,1078,23,,,0
19001109,'1142412',1406,,1081,23,,,0
19001109,'1142503',1406,,1086,23,,,0
19001109,'1142554',1506,,1091,23,,,0
19001109,'1142583',1106,,1094,23,,,0
19001109,'1142588',1206,,1095,23,,,0
19001109,'1142664',1506,,1098,23,,,0
19001109,'1142756',1606,,1101,23,,,0
19001109,'1142845',1106,,1106,23,,,0
19001109,'1142860',1306,,1107,23,,,0
19001109,'1142880',1606,,1108,23,,,0
19001109,'1175791',2107,,1347,23,,,0
19001109,'1175792',1907,,1348,23,,,0
19001109,'1175853',1907,,1349,23,,,0
19001109,'1175887',1737,,1350,23,,,0
19001109,'1175950',707,,1351,23,,,0
19001109,'1175987',807,,1352,23,,,0
19001109,'1175992',1807,,1353,23,,,0
19001109,'1176020',707,,1354,23,,,0
19001109,'1176179',1807,,1355,23,,,0
19001109,'1176193',2007,,1356,23,,,0
19001109,'1176227',2107,,1357,23,,,0
19001109,'1176244',1707,,1358,23,,,0
19001109,'1176256',837,,1359,23,,,0
19001109,'1176310',907,,1360,23,,,0
19001109,'1176359',2007,,1361,23,,,0
19001109,'1176413',937,,1363,23,,,0
19001109,'1176424',1007,,1364,23,,,0
19001109,'1176436',1007,,1365,23,,,0
19001109,'1176437',907,,1366,23,,,0
19001109,'1176477',1707,,1368,23,,,0
19001109,'1176498',737,,1369,23,,,0
19001109,'1176505',2207,,1370,23,,,0
19001109,'1176514',807,,1371,23,,,0
19001109,'1176571',2207,,1372,23,,,0
19001109,'1176619',1837,,1373,23,0,8 21,0
19001309,'1142849',1837,,1152,31,0,8 21,0
19001309,'1175725',707,,1374,31,,,0,10,,1374,36,,,0
19001309,'1175746',1307,,1375,31,,,0,10,,1375,36,,,0
19001309,'1175750',2207,,1376,31,,,0,10,,1376,36,,,0
19001309,'1175754',617,,1377,4,,,0
19001309,'1175772',2107,,1378,31,,,0,10,,1378,36,,,0
19001309,'1175824',2007,,1379,31,,,0,10,,1379,36,,,0
19001309,'1175844',707,,1380,31,,,0,10,,1380,36,,,0
19001309,'1175930',1807,,1381,31,,,0,10,,1381,36,,,0
19001309,'1175941',1507,,1382,31,,,0,10,,1382,36,,,0
19001309,'1175974',1637,,1383,31,,,0,10,,1383,36,,,0
19001309,'1176027',1207,,1384,31,,,0,10,,1384,36,,,0
19001309,'1176051',1337,,1385,31,,,0,10,,1385,36,,,0
19001309,'1176056',1537,,1386,31,,,0,10,,1386,36,,,0
19001309,'1176072',907,,1387,31,,,0,10,,1387,36,,,0
19001309,'1176088',837,,1388,31,,,0,10,,1388,36,,,0
19001309,'1176113',1007,,1389,31,,,0,10,,1389,36,,,0
19001309,'1176123',1507,,1390,31,,,0,10,,1390,36,,,0
19001309,'1176150',1707,,1391,31,,,0,10,,1391,36,,,0
19001309,'1176155',1737,,1392,31,,,0,10,,1392,36,,,0
19001309,'1176191',1907,,1393,31,,,0,10,,1393,36,,,0
19001309,'1176203',2007,,1394,31,,,0,10,,1394,36,,,0
19001309,'1176205',807,,1395,31,,,0,10,,1395,36,,,0
19001309,'1176216',737,,1396,31,,,0,10,,1396,36,,,0
19001309,'1176219',1607,,1397,31,,,0,10,,1397,36,,,0
19001309,'1176231',1307,,1398,31,,,0,10,,1398,36,,,0
19001309,'1176237',1207,,1399,31,,,0,10,,1399,36,,,0
19001309,'1176251',907,,1400,31,,,0,10,,1400,36,,,0
19001309,'1176267',1907,,1401,31,,,0,10,,1401,36,,,0
19001309,'1176294',647,,1402,4,,,0
19001309,'1176327',2207,,1403,31,,,0,10,,1403,36,,,0
19001309,'1176330',1107,,1404,31,,,0,10,,1404,36,,,0
19001309,'1176347',1407,,1405,31,,,0,10,,1405,36,,,0
19001309,'1176350',1407,,1406,31,,,0,10,,1406,36,,,0
19001309,'1176372',937,,1407,31,,,0,10,,1407,36,,,0
19001309,'1176377',2107,,1408,31,,,0,10,,1408,36,,,0
19001309,'1176385',1007,,1409,31,,,0,10,,1409,36,,,0
19001309,'1176484',1607,,1410,31,,,0,10,,1410,36,,,0
19001309,'1176487',1237,,1411,31,,,0,10,,1411,36,,,0
19001309,'1176502',1437,,1412,31,,,0,10,,1412,36,,,0
19001309,'1176565',1107,,1413,31,,,0,10,,1413,36,,,0
19001309,'1176609',1707,,1414,31,,,0,10,,1414,36,,,0
19001309,'1176622',1807,,1415,31,,,0,10,,1415,36,,,0
19001309,'1176667',807,,1416,31,,,0,10,,1416,36,,,0
19001309,'1176691',1137,,1417,31,,,0,10,,1417,36,,,0
19001309,'1176694',1037,,1418,31,,,0,10,,1418,36,,,0
19001509,'1142133',1704,,1156,24,,,0
19001509,'1142153',704,,1158,24,,,0
19001509,'1142160',1004,,1159,24,,,0
19001509,'1142170',1504,,1160,24,,,0
19001509,'1142181',704,,1161,24,,,0
19001509,'1142183',1604,,1162,24,,,0
19001509,'1142185',1504,,1163,24,,,0
19001509,'1142201',834,,1164,24,,,0
19001509,'1142204',1304,,1165,24,,,0
19001509,'1142217',1104,,1167,24,,,0
19001509,'1142250',2104,,1168,24,,,0
19001509,'1142261',1234,,1169,24,,,0
19001509,'1142284',1034,,1170,24,,,0
19001509,'1142302',1804,,1172,24,,,0
19001509,'1142304',1834,,1173,24,0,12,0
19001509,'1142318',934,,1174,24,,,0
19001509,'1142351',2004,,1175,24,,,0
19001509,'1142376',1804,,1176,24,,,0
19001509,'1142422',1204,,1177,24,,,0
19001509,'1142427',804,,1178,24,,,0
19001509,'1142428',1634,,1179,24,,,0
19001509,'1142440',1304,,1180,24,,,0
19001509,'1142443',2004,,1181,24,,,0
19001509,'1142474',734,,1182,24,,,0
19001509,'1142476',1334,,1183,24,,,0
19001509,'1142512',1134,,1184,24,,,0
19001509,'1142514',1604,,1185,24,,,0
19001509,'1142587',1734,,1187,24,,,0
19001509,'1142615',1904,,1188,24,,,0
19001509,'1142630',1904,,1189,24,,,0
19001509,'1142653',1704,,1190,24,,,0
19001509,'1142655',904,,1191,24,,,0
19001509,'1142675',804,,1192,24,,,0
19001509,'1142725',1534,,1194,24,,,0
19001509,'1142736',1404,,1195,24,,,0
19001509,'1142755',1104,,1196,24,,,0
19001509,'1142799',1434,,1198,24,,,0
19001509,'1142808',2104,,1199,24,,,0
19001509,'1142818',1204,,1200,24,,,0
19001509,'1142823',1404,,1201,24,,,0
19001509,'1142868',904,,1202,24,,,0
19001509,'1142879',1004,,1203,24,,,0
19001709,'1175723',904,,1419,32,,,0
19001709,'1175748',934,,1420,32,,,0
19001709,'1175763',1104,,1421,32,,,0
19001709,'1175781',1004,,1422,32,,,0
19001709,'1175795',734,,1423,32,,,0
19001709,'1175819',2104,,1424,32,,,0
19001709,'1175858',1904,,1425,32,,,0
19001709,'1175872',2204,,1426,32,0,8 21,0
19001709,'1175912',1804,,1427,32,,,0
19001709,'1175946',2104,,1428,32,,,0
19001709,'1176002',1404,,1429,32,,,0
19001709,'1176024',2204,,1430,32,0,8 21,0
19001709,'1176147',2004,,1431,32,,,0
19001709,'1176151',1504,,1432,32,,,0
19001709,'1176162',1204,,1433,32,,,0
19001709,'1176204',1604,,1434,32,,,0
19001709,'1176288',804,,1435,32,,,0
19001709,'1176339',1704,,1436,32,,,0
19001709,'1176366',704,,1437,32,,,0
19001709,'1176369',1604,,1438,32,,,0
19001709,'1176400',1104,,1439,32,,,0
19001709,'1176416',1904,,1440,32,,,0
19001709,'1176419',904,,1441,32,,,0
19001709,'1176422',1504,,1442,32,,,0
19001709,'1176428',1634,,1443,32,,,0
19001709,'1176461',1734,,1444,32,,,0
19001709,'1176465',2004,,1445,32,,,0
19001709,'1176466',2304,,1446,32,0,8 21,0
19001709,'1176481',1404,,1447,32,,,0
19001709,'1176493',634,,1448,32,,,0
19001709,'1176540',1004,,1449,32,,,0
19001709,'1176561',1704,,1450,32,,,0
19001709,'1176587',804,,1451,32,,,0
19001709,'1176600',1304,,1452,32,,,0
19001709,'1176606',1304,,1453,32,,,0
19001709,'1176634',704,,1454,32,,,0
19001709,'1176635',834,,1455,32,,,0
19001709,'1176654',1834,,1456,32,0,8 21,0
19001709,'1176664',1204,,1457,32,,,0
19001709,'1176670',1804,,1458,32,,,0
19001709,'1176677',2304,,1459,32,0,8 21,0
