15009,'1175719',1722,,1569,26,0,20 15,0
15009,'1175730',1522,,1570,26,0,20 15,0
15009,'1175737',1322,,1571,26,0,20 15,0
15009,'1175828',1422,,1572,26,0,20 15,0
15009,'1175835',1022,,1573,26,0,20 15,0
15009,'1176048',1222,,1578,26,0,20 15,0
15009,'1176230',1622,,1580,26,0,20 15,0
15009,'1176301',922,,1582,26,0,20 15,0
15009,'1176568',1122,,1584,26,0,20 15,0
14001409,'1175733',1846,,1835,2,,,0
14001409,'1175775',1146,,1836,2,,,0
14001409,'1175776',2046,,1837,2,,,0
14001409,'1175786',1946,,1838,2,,,0
14001409,'1175790',1546,,1839,2,,,0
14001409,'1175803',1346,,1840,2,,,0
14001409,'1175809',916,,1841,2,,,0
14001409,'1175820',1446,,1842,2,,,0
14001409,'1175821',1146,,1843,2,,,0
14001409,'1175838',1116,,1844,2,,,0
14001409,'1175856',1046,,1845,2,,,0
14001409,'1175876',1546,,1846,2,,,0
14001409,'1175893',1846,,1847,2,,,0
14001409,'1175894',1716,,1848,2,,,0
14001409,'1175902',1616,,1849,2,,,0
14001409,'1175961',1246,,1850,2,,,0
14001409,'1175973',846,,1851,2,,,0
14001409,'1175975',1746,,1852,2,,,0
14001409,'1175979',1816,,1853,2,0,8 21,0
14001409,'1175999',816,,1854,2,,,0
14001409,'1176001',1016,,1855,2,,,0
14001409,'1176014',1046,,1856,2,,,0
14001409,'1176036',716,,1857,2,,,0
14001409,'1176047',1346,,1858,2,,,0
14001409,'1176050',2046,,1859,2,,,0
14001409,'1176071',1216,,1860,2,,,0
14001409,'1176160',1646,,1861,2,,,0
14001409,'1176250',746,,1862,2,,,0
14001409,'1176268',2146,,1863,2,,,0
14001409,'1176283',1316,,1864,2,,,0
14001409,'1176308',2146,,1866,2,,,0
14001409,'1176314',646,,1867,2,,,0
14001409,'1176393',946,,1869,2,,,0
14001409,'1176423',746,,1870,2,,,0
14001409,'1176476',1516,,1872,2,,,0
14001409,'1176485',946,,1873,2,,,0
14001409,'1176522',846,,1874,2,,,0
14001409,'1176556',1646,,1876,2,,,0
14001409,'1176558',1446,,1877,2,,,0
14001409,'1176598',1946,,1878,2,,,0
14001409,'1176631',1246,,1879,2,,,0
14001409,'1176643',1416,,1880,2,,,0
14001409,'1176681',1746,,1881,2,,,0
