19001709,'1175723',845,,1419,6,,,0
19001709,'1175748',915,,1420,6,,,0
19001709,'1175763',1045,,1421,6,,,0
19001709,'1175781',945,,1422,6,,,0
19001709,'1175795',715,,1423,6,,,0
19001709,'1175819',2045,,1424,6,,,0
19001709,'1175858',1845,,1425,6,,,0
19001709,'1175872',2145,,1426,6,0,8 21,0
19001709,'1175912',1745,,1427,6,,,0
19001709,'1175946',2045,,1428,6,,,0
19001709,'1176002',1345,,1429,6,,,0
19001709,'1176024',2145,,1430,6,0,8 21,0
19001709,'1176147',1945,,1431,6,,,0
19001709,'1176151',1445,,1432,6,,,0
19001709,'1176162',1145,,1433,6,,,0
19001709,'1176204',1545,,1434,6,,,0
19001709,'1176288',745,,1435,6,,,0
19001709,'1176339',1645,,1436,6,,,0
19001709,'1176366',645,,1437,6,,,0
19001709,'1176369',1545,,1438,6,,,0
19001709,'1176400',1045,,1439,6,,,0
19001709,'1176416',1845,,1440,6,,,0
19001709,'1176419',845,,1441,6,,,0
19001709,'1176422',1445,,1442,6,,,0
19001709,'1176428',1615,,1443,6,,,0
19001709,'1176461',1715,,1444,6,,,0
19001709,'1176465',1945,,1445,6,,,0
19001709,'1176466',2245,,1446,6,0,8 21,0
19001709,'1176481',1345,,1447,6,,,0
19001709,'1176493',615,,1448,6,,,0
19001709,'1176540',945,,1449,6,,,0
19001709,'1176561',1645,,1450,6,,,0
19001709,'1176587',745,,1451,6,,,0
19001709,'1176600',1245,,1452,6,,,0
19001709,'1176606',1245,,1453,6,,,0
19001709,'1176634',645,,1454,6,,,0
19001709,'1176635',815,,1455,6,,,0
19001709,'1176654',1815,,1456,6,0,8 21,0
19001709,'1176664',1145,,1457,6,,,0
19001709,'1176670',1745,,1458,6,,,0
19001709,'1176677',2245,,1459,6,0,8 21,0
