11609,'1142131',1610,,692,5,,,0
11609,'1142167',940,,693,5,,,0
11609,'1142222',1240,,694,5,,,0
11609,'1142226',2040,,695,5,,,0
11609,'1142297',1240,,696,5,,,0
11609,'1142329',1040,,697,5,,,0
11609,'1142334',1810,,698,5,,,0
11609,'1142336',1740,,699,5,,,0
11609,'1142364',1740,,700,5,,,0
11609,'1142388',1340,,701,5,,,0
11609,'1142390',1140,,702,5,,,0
11609,'1142392',910,,703,5,,,0
11609,'1142399',2040,,704,5,,,0
11609,'1142441',2140,,705,5,,,0
11609,'1142450',1940,,706,5,,,0
11609,'1142454',1540,,707,5,,,0
11609,'1142465',710,,708,5,,,0
11609,'1142475',840,,709,5,,,0
11609,'1142493',1640,,710,5,,,0
11609,'1142497',1540,,711,5,,,0
11609,'1142504',1840,,712,5,,,0
11609,'1142519',640,,713,5,,,0
11609,'1142524',1340,,714,5,,,0
11609,'1142530',1140,,715,5,,,0
11609,'1142561',740,,716,5,,,0
11609,'1142586',1440,,717,5,,,0
11609,'1142593',1940,,718,5,,,0
11609,'1142599',1840,,719,5,,,0
11609,'1142608',1440,,720,5,,,0
11609,'1142624',740,,721,5,,,0
11609,'1142649',1040,,722,5,,,0
11609,'1142676',1640,,723,5,,,0
11609,'1142697',810,,724,5,,,0
11609,'1142702',940,,725,5,,,0
11609,'1142719',840,,726,5,,,0
11609,'1142857',1710,,727,5,,,0
11609,'1142878',2140,,728,5,,,0
16009,'1175738',1732,,1279,5,0,16 17 11,0
16009,'1175765',932,,1280,5,0,16 17 11,0
16009,'1175829',1632,,1281,5,0,16 17 11,0
16009,'1176127',1432,,1287,5,0,16 17 11,0
16009,'1176157',1532,,1288,5,0,16 17 11,0
16009,'1176159',1332,,1289,5,0,16 17 11,0
16009,'1176183',1132,,1290,5,0,16 17 11,0
16009,'1176302',1232,,1292,5,0,16 17 11,0
16009,'1176523',1032,,1294,5,0,16 17 11,0
