11009,'1142195',1610,,674,29,0,13 14 15,0
11009,'1142199',910,,675,29,0,13 14 15,0
11009,'1142242',1210,,676,29,0,13 14 15,0
11009,'1142268',1410,,677,29,0,13 14 15,0
11009,'1142289',1010,,678,29,0,13 14 15,0
11009,'1142564',1310,,683,29,0,13 14 15,0
11009,'1142626',1710,,684,29,0,13 14 15,0
11009,'1142667',1110,,685,29,0,13 14 15,0
11009,'1142728',1510,,690,29,0,13 14 15,0
13009,'1175753',1014,,1270,27,0,19 15,0
13009,'1175782',1214,,1271,27,0,19 15,0
13009,'1175783',914,,1272,27,0,19 15,0
13009,'1176089',1114,,1273,27,0,19 15,0
13009,'1176177',1314,,1274,27,0,19 15,0
13009,'1176441',1714,,1275,27,0,19 15,0
13009,'1176507',1514,,1276,27,0,19 15,0
13009,'1176529',1614,,1277,27,0,19 15,0
13009,'1176679',1414,,1278,27,0,19 15,0
15009,'1142326',1231,,785,36,0,20 15,0
15009,'1142391',1031,,786,36,0,20 15,0
15009,'1142463',1631,,789,36,0,20 15,0
15009,'1142521',931,,791,36,0,20 15,0
15009,'1142575',1531,,792,36,0,20 15,0
15009,'1142681',1331,,794,36,0,20 15,0
15009,'1142872',1131,,798,36,0,20 15,0
15009,'1142884',1431,,799,36,0,20 15,0
15009,'1142889',1731,,800,36,0,20 15,0
20009,'1142156',1316,,819,27,,,0
20009,'1142172',1016,,820,27,,,0
20009,'1142208',1216,,821,27,,,0
20009,'1142218',916,,822,17,,,0
20009,'1142244',1716,,823,27,,,0
20009,'1142378',1416,,825,27,,,0
20009,'1142609',1516,,831,27,,,0
20009,'1142761',1116,,834,27,,,0
20009,'1142875',1616,,837,27,,,0
19001109,'1142212',1335,,1065,53,,,0
19001109,'1142241',1705,,1066,29,,,0
19001109,'1142263',635,,1072,32,,,0
19001109,'1142345',1235,,1078,53,,,0
19001109,'1142412',1435,,1081,53,,,0
19001109,'1142429',705,,1082,29,,,0
19001109,'1142436',1205,,1083,29,,,0
19001109,'1142503',1435,,1086,53,,,0
19001109,'1142533',1305,,1088,29,,,0
19001109,'1142554',1535,,1091,53,,,0
19001109,'1142579',1605,,1092,29,,,0
19001109,'1142582',1405,,1093,29,,,0
19001109,'1142583',1135,,1094,53,,,0
19001109,'1142588',1235,,1095,53,,,0
19001109,'1142606',1105,,1096,29,,,0
19001109,'1142664',1535,,1098,53,,,0
19001109,'1142729',1505,,1100,29,,,0
19001109,'1142756',1635,,1101,53,,,0
19001109,'1142845',1135,,1106,53,,,0
19001109,'1142860',1335,,1107,53,,,0
19001109,'1142880',1635,,1108,53,,,0
19001109,'1175791',2135,,1347,53,,,0
19001109,'1175792',1935,,1348,53,,,0
19001109,'1175853',1935,,1349,53,,,0
19001109,'1175887',1805,,1350,53,,,0
19001109,'1175950',735,,1351,53,,,0
19001109,'1175987',835,,1352,53,,,0
19001109,'1175992',1835,,1353,53,,,0
19001109,'1176020',735,,1354,53,,,0
19001109,'1176179',1835,,1355,53,,,0
19001109,'1176193',2035,,1356,53,,,0
19001109,'1176227',2135,,1357,53,,,0
19001109,'1176244',1735,,1358,53,,,0
19001109,'1176256',905,,1359,53,,,0
19001109,'1176310',935,,1360,53,,,0
19001109,'1176359',2035,,1361,53,,,0
19001109,'1176413',1005,,1363,53,,,0
19001109,'1176424',1035,,1364,53,,,0
19001109,'1176436',1035,,1365,53,,,0
19001109,'1176437',935,,1366,53,,,0
19001109,'1176477',1735,,1368,53,,,0
19001109,'1176498',805,,1369,53,,,0
19001109,'1176505',2235,,1370,53,,,0
19001109,'1176514',835,,1371,53,,,0
19001109,'1176571',2235,,1372,53,,,0
19001309,'1175725',735,,1374,59,,,0
19001309,'1175746',1335,,1375,59,,,0
19001309,'1175750',2235,,1376,59,,,0
19001309,'1175754',635,,1377,27,,,0
19001309,'1175772',2135,,1378,59,,,0
19001309,'1175824',2035,,1379,59,,,0
19001309,'1175844',735,,1380,59,,,0
19001309,'1175930',1835,,1381,59,,,0
19001309,'1175941',1535,,1382,59,,,0
19001309,'1175974',1705,,1383,59,,,0
19001309,'1176027',1235,,1384,59,,,0
19001309,'1176051',1405,,1385,59,,,0
19001309,'1176056',1605,,1386,59,,,0
19001309,'1176072',935,,1387,59,,,0
19001309,'1176088',905,,1388,59,,,0
19001309,'1176113',1035,,1389,59,,,0
19001309,'1176123',1535,,1390,59,,,0
19001309,'1176150',1735,,1391,59,,,0
19001309,'1176155',1805,,1392,59,,,0
19001309,'1176191',1935,,1393,59,,,0
19001309,'1176203',2035,,1394,59,,,0
19001309,'1176205',835,,1395,59,,,0
19001309,'1176216',805,,1396,59,,,0
19001309,'1176219',1635,,1397,59,,,0
19001309,'1176231',1335,,1398,59,,,0
19001309,'1176237',1235,,1399,59,,,0
19001309,'1176251',935,,1400,59,,,0
19001309,'1176267',1935,,1401,59,,,0
19001309,'1176294',705,,1402,27,,,0
19001309,'1176327',2235,,1403,59,,,0
19001309,'1176330',1135,,1404,59,,,0
19001309,'1176347',1435,,1405,59,,,0
19001309,'1176350',1435,,1406,59,,,0
19001309,'1176372',1005,,1407,59,,,0
19001309,'1176377',2135,,1408,59,,,0
19001309,'1176385',1035,,1409,59,,,0
19001309,'1176484',1635,,1410,59,,,0
19001309,'1176487',1305,,1411,59,,,0
19001309,'1176502',1505,,1412,59,,,0
19001309,'1176565',1135,,1413,59,,,0
19001309,'1176609',1735,,1414,59,,,0
19001309,'1176622',1835,,1415,59,,,0
19001309,'1176667',835,,1416,59,,,0
19001309,'1176691',1205,,1417,59,,,0
19001309,'1176694',1105,,1418,59,,,0
19001709,'1142303',1400,,1211,16,,,0
19001709,'1142346',1600,,1214,16,,,0
19001709,'1142490',1200,,1221,16,,,0
19001709,'1142572',1100,,1231,16,,,0
19001709,'1142636',630,,1236,16,,,0
19001709,'1142727',1500,,1242,16,,,0
19001709,'1142751',1300,,1245,16,,,0
19001709,'1175723',930,,1419,49,,,0
19001709,'1175748',1000,,1420,49,,,0
19001709,'1175763',1130,,1421,49,,,0
19001709,'1175781',1030,,1422,49,,,0
19001709,'1175795',800,,1423,49,,,0
19001709,'1175819',2130,,1424,49,,,0
19001709,'1175858',1930,,1425,49,,,0
19001709,'1175912',1830,,1427,49,,,0
19001709,'1175946',2130,,1428,49,,,0
19001709,'1176002',1430,,1429,49,,,0
19001709,'1176147',2030,,1431,49,,,0
19001709,'1176151',1530,,1432,49,,,0
19001709,'1176162',1230,,1433,49,,,0
19001709,'1176204',1630,,1434,49,,,0
19001709,'1176288',830,,1435,49,,,0
19001709,'1176339',1730,,1436,49,,,0
19001709,'1176366',730,,1437,49,,,0
19001709,'1176369',1630,,1438,49,,,0
19001709,'1176400',1130,,1439,49,,,0
19001709,'1176416',1930,,1440,49,,,0
19001709,'1176419',930,,1441,49,,,0
19001709,'1176422',1530,,1442,49,,,0
19001709,'1176428',1700,,1443,49,,,0
19001709,'1176461',1800,,1444,49,,,0
19001709,'1176465',2030,,1445,49,,,0
19001709,'1176481',1430,,1447,49,,,0
19001709,'1176493',700,,1448,49,,,0
19001709,'1176540',1030,,1449,49,,,0
19001709,'1176561',1730,,1450,49,,,0
19001709,'1176587',830,,1451,49,,,0
19001709,'1176600',1330,,1452,49,,,0
19001709,'1176606',1330,,1453,49,,,0
19001709,'1176634',730,,1454,49,,,0
19001709,'1176635',900,,1455,49,,,0
19001709,'1176664',1230,,1457,49,,,0
19001709,'1176670',1830,,1458,49,,,0
