11009,'1142195',1558,,674,5,0,13 14 15,0
11009,'1142199',858,,675,5,0,13 14 15,0
11009,'1142242',1158,,676,5,0,13 14 15,0
11009,'1142268',1358,,677,5,0,13 14 15,0
11009,'1142289',958,,678,5,0,13 14 15,0
11009,'1142564',1258,,683,5,0,13 14 15,0
11009,'1142626',1658,,684,5,0,13 14 15,0
11009,'1142667',1058,,685,5,0,13 14 15,0
11009,'1142728',1458,,690,5,0,13 14 15,0
19001109,'1142212',1318,,1065,29,,,0
19001109,'1142241',1648,,1066,5,,,0
19001109,'1142263',618,,1072,8,,,0
19001109,'1142345',1218,,1078,29,,,0
19001109,'1142412',1418,,1081,29,,,0
19001109,'1142429',648,,1082,5,,,0
19001109,'1142436',1148,,1083,5,,,0
19001109,'1142503',1418,,1086,29,,,0
19001109,'1142533',1248,,1088,5,,,0
19001109,'1142554',1518,,1091,29,,,0
19001109,'1142579',1548,,1092,5,,,0
19001109,'1142582',1348,,1093,5,,,0
19001109,'1142583',1118,,1094,29,,,0
19001109,'1142588',1218,,1095,29,,,0
19001109,'1142606',1048,,1096,5,,,0
19001109,'1142664',1518,,1098,29,,,0
19001109,'1142729',1448,,1100,5,,,0
19001109,'1142756',1618,,1101,29,,,0
19001109,'1142845',1118,,1106,29,,,0
19001109,'1142860',1318,,1107,29,,,0
19001109,'1142880',1618,,1108,29,,,0
19001109,'1175791',2118,,1347,29,,,0
19001109,'1175792',1918,,1348,29,,,0
19001109,'1175853',1918,,1349,29,,,0
19001109,'1175887',1748,,1350,29,,,0
19001109,'1175950',718,,1351,29,,,0
19001109,'1175987',818,,1352,29,,,0
19001109,'1175992',1818,,1353,29,,,0
19001109,'1176020',718,,1354,29,,,0
19001109,'1176179',1818,,1355,29,,,0
19001109,'1176193',2018,,1356,29,,,0
19001109,'1176227',2118,,1357,29,,,0
19001109,'1176244',1718,,1358,29,,,0
19001109,'1176256',848,,1359,29,,,0
19001109,'1176310',918,,1360,29,,,0
19001109,'1176359',2018,,1361,29,,,0
19001109,'1176413',948,,1363,29,,,0
19001109,'1176424',1018,,1364,29,,,0
19001109,'1176436',1018,,1365,29,,,0
19001109,'1176437',918,,1366,29,,,0
19001109,'1176477',1718,,1368,29,,,0
19001109,'1176498',748,,1369,29,,,0
19001109,'1176505',2218,,1370,29,,,0
19001109,'1176514',818,,1371,29,,,0
19001109,'1176571',2218,,1372,29,,,0
