14001609,'1175743',727,,1306,39,,,0
14001609,'1175762',827,,1307,39,,,0
14001609,'1175785',1027,,1308,39,,,0
14001609,'1175815',757,,1309,39,,,0
14001609,'1175849',927,,1310,39,,,0
14001609,'1175881',927,,1311,39,,,0
14001609,'1175882',727,,1312,19,,,0
14001609,'1175901',1327,,1313,39,,,0
14001609,'1175909',857,,1314,39,,,0
14001609,'1175926',1227,,1315,39,,,0
14001609,'1175981',1757,,1316,39,,,0
14001609,'1176005',2227,,1317,39,,,0
14001609,'1176019',1927,,1318,39,,,0
14001609,'1176030',1427,,1319,39,,,0
14001609,'1176078',1727,,1321,39,,,0
14001609,'1176081',2027,,1322,39,,,0
14001609,'1176129',1527,,1323,39,,,0
14001609,'1176134',2127,,1325,39,,,0
14001609,'1176154',2127,,1326,39,,,0
14001609,'1176172',1627,,1327,39,,,0
14001609,'1176186',1657,,1328,39,,,0
14001609,'1176192',2227,,1329,39,,,0
14001609,'1176206',1327,,1330,39,,,0
14001609,'1176260',1427,,1331,39,,,0
14001609,'1176285',1827,,1332,39,,,0
14001609,'1176332',1827,,1334,39,,,0
14001609,'1176457',1127,,1335,39,,,0
14001609,'1176506',1927,,1336,39,,,0
14001609,'1176531',2027,,1337,39,,,0
14001609,'1176542',1557,,1338,39,,,0
14001609,'1176555',1227,,1339,39,,,0
14001609,'1176566',1127,,1340,39,,,0
14001609,'1176590',1027,,1341,39,,,0
14001609,'1176615',1527,,1342,39,,,0
14001609,'1176650',1627,,1343,39,,,0
14001609,'1176683',1727,,1344,39,,,0
14001609,'1176688',827,,1345,39,,,0
