20009,'1175726',1143,,1297,12,0,10 11,0
20009,'1175784',1543,,1298,12,0,10 11,0
20009,'1175818',1343,,1299,12,0,10 11,0
20009,'1175944',1743,,1300,12,0,10 11,0
20009,'1175945',1043,,1301,12,0,10 11,0
20009,'1176098',1443,,1302,12,0,10 11,0
20009,'1176169',1643,,1303,12,0,10 11,0
20009,'1176242',943,,1304,12,0,10 11,0
20009,'1176491',1243,,1305,12,0,10 11,0
14001609,'1142224',1326,,1020,14,0,8 21,0
14001609,'1142239',1026,,1022,14,0,8 21,0
14001609,'1142308',1826,,1028,14,0,8 21,0
14001609,'1142473',1126,,1035,14,0,8 21,0
14001609,'1142717',1226,,1051,14,0,8 21,0
14001609,'1142803',926,,1054,14,0,8 21,0
14001609,'1142886',1426,,1060,14,0,8 21,0
14001609,'1175743',656,,1306,14,,,0
14001609,'1175762',756,,1307,14,,,0
14001609,'1175785',956,,1308,14,,,0
14001609,'1175815',726,,1309,14,,,0
14001609,'1175849',856,,1310,14,,,0
14001609,'1175881',856,,1311,14,,,0
14001609,'1175901',1256,,1313,14,,,0
14001609,'1175909',826,,1314,14,,,0
14001609,'1175926',1156,,1315,14,,,0
14001609,'1175981',1726,,1316,14,,,0
14001609,'1176005',2156,,1317,14,,,0
14001609,'1176019',1856,,1318,14,,,0
14001609,'1176030',1356,,1319,14,,,0
14001609,'1176078',1656,,1321,14,,,0
14001609,'1176081',1956,,1322,14,,,0
14001609,'1176129',1456,,1323,14,,,0
14001609,'1176134',2056,,1325,14,,,0
14001609,'1176154',2056,,1326,14,,,0
14001609,'1176172',1556,,1327,14,,,0
14001609,'1176186',1626,,1328,14,,,0
14001609,'1176192',2156,,1329,14,,,0
14001609,'1176206',1256,,1330,14,,,0
14001609,'1176260',1356,,1331,14,,,0
14001609,'1176285',1756,,1332,14,,,0
14001609,'1176332',1756,,1334,14,,,0
14001609,'1176457',1056,,1335,14,,,0
14001609,'1176506',1856,,1336,14,,,0
14001609,'1176531',1956,,1337,14,,,0
14001609,'1176542',1526,,1338,14,,,0
14001609,'1176555',1156,,1339,14,,,0
14001609,'1176566',1056,,1340,14,,,0
14001609,'1176590',956,,1341,14,,,0
14001609,'1176615',1456,,1342,14,,,0
14001609,'1176650',1556,,1343,14,,,0
14001609,'1176683',1656,,1344,14,,,0
14001609,'1176688',756,,1345,14,,,0
