12009,'1175841',1049,,1252,32,0,18 7,0
12009,'1175914',1449,,1254,32,0,18 7,0
12009,'1176038',1149,,1255,32,0,18 7,0
12009,'1176142',1249,,1256,32,0,18 7,0
12009,'1176291',1349,,1260,32,0,18 7,0
12009,'1176342',1549,,1261,32,0,18 7,0
12009,'1176399',1802,,1262,32,0,18 7,0
12009,'1176575',949,,1268,32,0,18 7,0
12009,'1176589',1649,,1269,32,0,18 7,0
14001609,'1175743',724,,1306,33,,,0
14001609,'1175762',824,,1307,33,,,0
14001609,'1175785',1024,,1308,33,,,0
14001609,'1175815',754,,1309,33,,,0
14001609,'1175849',924,,1310,33,,,0
14001609,'1175881',924,,1311,33,,,0
14001609,'1175882',724,,1312,13,,,0
14001609,'1175901',1324,,1313,33,,,0
14001609,'1175909',854,,1314,33,,,0
14001609,'1175926',1224,,1315,33,,,0
14001609,'1175981',1754,,1316,33,,,0
14001609,'1176005',2224,,1317,33,,,0
14001609,'1176019',1924,,1318,33,,,0
14001609,'1176030',1424,,1319,33,,,0
14001609,'1176078',1724,,1321,33,,,0
14001609,'1176081',2024,,1322,33,,,0
14001609,'1176129',1524,,1323,33,,,0
14001609,'1176134',2124,,1325,33,,,0
14001609,'1176154',2124,,1326,33,,,0
14001609,'1176172',1624,,1327,33,,,0
14001609,'1176186',1654,,1328,33,,,0
14001609,'1176192',2224,,1329,33,,,0
14001609,'1176206',1324,,1330,33,,,0
14001609,'1176260',1424,,1331,33,,,0
14001609,'1176285',1824,,1332,33,,,0
14001609,'1176332',1824,,1334,33,,,0
14001609,'1176457',1124,,1335,33,,,0
14001609,'1176506',1924,,1336,33,,,0
14001609,'1176531',2024,,1337,33,,,0
14001609,'1176542',1554,,1338,33,,,0
14001609,'1176555',1224,,1339,33,,,0
14001609,'1176566',1124,,1340,33,,,0
14001609,'1176590',1024,,1341,33,,,0
14001609,'1176615',1524,,1342,33,,,0
14001609,'1176650',1624,,1343,33,,,0
14001609,'1176683',1724,,1344,33,,,0
14001609,'1176688',824,,1345,33,,,0
