14009,'1175724',1501,,1551,38,0,5 6 22,0
14009,'1175759',1301,,1552,38,0,5 6 22,0
14009,'1175767',1401,,1553,38,0,5 6 22,0
14009,'1175834',1601,,1557,38,0,5 6 22,0
14009,'1176178',1101,,1560,38,0,5 6 22,0
14009,'1176234',1814,,1561,38,0,5 6 22,0
14009,'1176418',1201,,1564,38,0,5 6 22,0
14009,'1176613',1701,,1566,38,0,5 6 22,0
14009,'1176636',1001,,1567,38,0,5 6 22,0
14001009,'1175755',932,,1743,53,,,0
14001009,'1175787',1832,,1744,53,,,0
14001009,'1175798',1832,,1745,53,,,0
14001009,'1175810',732,,1747,20,,,0
14001009,'1175825',1632,,1748,53,,,0
14001009,'1175826',1327,,1749,54,,,0
14001009,'1175836',1802,,1750,53,,,0
14001009,'1175840',2032,,1751,53,,,0
14001009,'1175890',2032,,1753,53,,,0
14001009,'1175905',2132,,1754,53,,,0
14001009,'1175937',1427,,1755,54,,,0
14001009,'1175943',1732,,1756,53,,,0
14001009,'1175995',1127,,1758,54,,,0
14001009,'1176008',802,,1759,53,,,0
14001009,'1176017',832,,1760,53,,,0
14001009,'1176075',1732,,1761,53,,,0
14001009,'1176104',2232,,1762,53,,,0
14001009,'1176141',1330,,1763,54,,,0
14001009,'1176158',1530,,1764,54,,,0
14001009,'1176198',1030,,1766,54,,,0
14001009,'1176208',2232,,1767,53,,,0
14001009,'1176215',1932,,1768,53,,,0
14001009,'1176249',1130,,1770,54,,,0
14001009,'1176269',2132,,1771,53,,,0
14001009,'1176311',1027,,1774,54,,,0
14001009,'1176346',902,,1775,53,,,0
14001009,'1176365',932,,1776,53,,,0
14001009,'1176376',1632,,1777,53,,,0
14001009,'1176382',1227,,1778,54,,,0
14001009,'1176449',732,,1779,53,,,0
14001009,'1176545',832,,1781,53,,,0
14001009,'1176551',1430,,1782,54,,,0
14001009,'1176579',1702,,1783,53,,,0
14001009,'1176580',1230,,1784,54,,,0
14001009,'1176607',1932,,1785,53,,,0
14001009,'1176653',1527,,1788,54,,,0
