19001709,'1175717',1452,,2072,17,,,0
19001709,'1175742',1052,,2073,17,,,0
19001709,'1175751',1052,,2074,17,,,0
19001709,'1175789',652,,2076,17,,,0
19001709,'1175830',1952,,2077,17,,,0
19001709,'1175877',1152,,2078,17,,,0
19001709,'1175947',1652,,2079,17,,,0
19001709,'1175951',722,,2080,17,,,0
19001709,'1175978',752,,2081,17,,,0
19001709,'1176042',1652,,2082,17,,,0
19001709,'1176052',2152,,2083,17,0,8 21,0
19001709,'1176058',1452,,2084,17,,,0
19001709,'1176065',1552,,2085,17,,,0
19001709,'1176099',1352,,2086,17,,,0
19001709,'1176119',1752,,2088,17,,,0
19001709,'1176120',1852,,2089,17,,,0
19001709,'1176124',2252,,2090,17,0,8 21,0
19001709,'1176130',1252,,2091,17,,,0
19001709,'1176156',1952,,2092,17,,,0
19001709,'1176161',1352,,2093,17,,,0
19001709,'1176166',922,,2094,17,,,0
19001709,'1176201',852,,2095,17,,,0
19001709,'1176252',822,,2097,17,,,0
19001709,'1176273',952,,2099,17,,,0
19001709,'1176303',1622,,2101,17,,,0
19001709,'1176312',1722,,2102,17,,,0
19001709,'1176349',1852,,2103,17,,,0
19001709,'1176415',752,,2105,17,,,0
19001709,'1176420',1152,,2106,17,,,0
19001709,'1176468',2152,,2107,17,0,8 21,0
19001709,'1176482',1252,,2108,17,,,0
19001709,'1176513',652,,2109,17,,,0
19001709,'1176554',1752,,2111,17,,,0
19001709,'1176592',622,,2112,17,,,0
19001709,'1176601',1552,,2113,17,,,0
19001709,'1176617',2052,,2114,17,,,0
19001709,'1176629',952,,2115,17,,,0
19001709,'1176637',852,,2116,17,,,0
19001709,'1176640',1822,,2117,17,0,8 21,0
19001709,'1176655',2052,,2118,17,,,0
19001709,'1176661',2252,,2119,17,0,8 21,0
