13009,'1175768',1401,,1533,10,0,19 15,0
13009,'1175851',1201,,1534,10,0,19 15,0
13009,'1175875',1301,,1535,10,0,19 15,0
13009,'1175888',1101,,1536,10,0,19 15,0
13009,'1176171',1501,,1538,10,0,19 15,0
13009,'1176184',901,,1539,10,0,19 15,0
13009,'1176223',1601,,1541,10,0,19 15,0
13009,'1176463',1001,,1547,10,0,19 15,0
13009,'1176497',1701,,1548,10,0,19 15,0
19001309,'1175728',852,,1978,42,,,0
19001309,'1175734',1522,,1979,42,,,0
19001309,'1175770',2022,,1980,42,,,0
19001309,'1175816',1822,,1982,42,,,0
19001309,'1175833',1722,,1983,42,,,0
19001309,'1175860',1352,,1984,42,,,0
19001309,'1175862',1122,,1985,42,,,0
19001309,'1175891',1152,,1986,42,,,0
19001309,'1175892',952,,1987,42,,,0
19001309,'1175985',652,,1988,10,,,0
19001309,'1175994',922,,1989,42,,,0
19001309,'1176023',822,,1990,42,,,0
19001309,'1176034',1122,,1991,42,,,0
19001309,'1176044',1422,,1992,42,,,0
19001309,'1176064',1052,,1993,42,,,0
19001309,'1176125',1722,,1994,42,,,0
19001309,'1176139',1222,,1995,42,,,0
19001309,'1176167',2222,,1996,42,,,0
19001309,'1176182',1322,,1997,42,,,0
19001309,'1176185',752,,1998,42,,,0
19001309,'1176187',1322,,1999,42,,,0
19001309,'1176196',1222,,2000,42,,,0
19001309,'1176261',1022,,2001,42,,,0
19001309,'1176277',2122,,2002,42,,,0
19001309,'1176318',1422,,2003,42,,,0
19001309,'1176331',2022,,2004,42,,,0
19001309,'1176338',1922,,2005,42,,,0
19001309,'1176348',1552,,2006,42,,,0
19001309,'1176367',1622,,2007,42,,,0
19001309,'1176387',2222,,2008,42,,,0
19001309,'1176389',822,,2009,42,,,0
19001309,'1176392',722,,2010,42,,,0
19001309,'1176394',1622,,2011,42,,,0
19001309,'1176446',1822,,2012,42,,,0
19001309,'1176462',2122,,2013,42,,,0
19001309,'1176473',1922,,2014,42,,,0
19001309,'1176527',1022,,2015,42,,,0
19001309,'1176539',1652,,2016,42,,,0
19001309,'1176543',1452,,2017,42,,,0
19001309,'1176550',622,,2018,10,,,0
19001309,'1176567',922,,2019,42,,,0
19001309,'1176597',1522,,2020,42,,,0
19001309,'1176614',1252,,2021,42,,,0
19001309,'1176638',1752,,2022,42,,,0
19001309,'1176660',722,,2023,42,,,0
