20009,'1142156',1233,,819,8,,,0
20009,'1142172',933,,820,8,,,0
20009,'1142208',1133,,821,8,,,0
20009,'1142244',1633,,823,8,,,0
20009,'1142378',1333,,825,8,,,0
20009,'1142501',1717,,828,8,,,0
20009,'1142609',1433,,831,8,,,0
20009,'1142761',1033,,834,8,,,0
20009,'1142875',1533,,837,8,,,0
14001409,'1142132',1228,,967,36,,,0
14001409,'1142141',928,,968,36,,,0
14001409,'1142149',1728,,969,36,,,0
14001409,'1142155',1226,,970,36,,,0
14001409,'1142175',1326,,971,36,,,0
14001409,'1142179',1458,,972,36,,,0
14001409,'1142200',1428,,973,36,,,0
14001409,'1142203',2226,,974,36,,,0
14001409,'1142206',1926,,975,36,,,0
14001409,'1142211',758,,976,36,,,0
14001409,'1142248',658,,977,15,,,0
14001409,'1142253',1028,,978,36,,,0
14001409,'1142257',2026,,979,36,,,0
14001409,'1142272',1928,,980,36,,,0
14001409,'1142298',926,,981,36,,,0
14001409,'1142299',1726,,982,36,,,0
14001409,'1142338',1626,,983,36,,,0
14001409,'1142361',2126,,984,36,,,0
14001409,'1142371',1258,,985,36,,,0
14001409,'1142372',726,,986,15,,,0
14001409,'1142373',1758,,987,36,,,0
14001409,'1142381',2128,,988,36,,,0
14001409,'1142416',728,,989,36,,,0
14001409,'1142418',1528,,990,36,,,0
14001409,'1142456',1126,,992,36,,,0
14001409,'1142477',1158,,993,36,,,0
14001409,'1142481',1658,,994,36,,,0
14001409,'1142488',1558,,995,36,,,0
14001409,'1142526',1328,,996,36,,,0
14001409,'1142544',626,,997,8,,,0
14001409,'1142560',1526,,998,36,,,0
14001409,'1142562',1426,,999,36,,,0
14001409,'1142611',1358,,1000,36,,,0
14001409,'1142629',958,,1001,36,,,0
14001409,'1142639',1826,,1002,36,,,0
14001409,'1142654',1628,,1003,36,,,0
14001409,'1142701',828,,1004,36,,,0
14001409,'1142714',1026,,1005,36,,,0
14001409,'1142737',628,,1006,8,,,0
14001409,'1142752',2028,,1007,36,,,0
14001409,'1142757',826,,1008,36,,,0
14001409,'1142821',2228,,1009,36,,,0
14001409,'1142851',1128,,1010,36,,,0
14001409,'1142870',1058,,1011,36,,,0
14001409,'1142874',1828,,1012,36,,,0
14001409,'1142883',858,,1013,36,,,0
