16009,'1175864',1404,,1282,12,,,0
16009,'1175957',1704,,1283,12,,,0
16009,'1175969',1104,,1284,12,,,0
16009,'1176053',1204,,1285,12,,,0
16009,'1176095',1604,,1286,12,,,0
16009,'1176194',1304,,1291,12,,,0
16009,'1176519',904,,1293,12,,,0
16009,'1176596',1504,,1295,12,,,0
16009,'1176648',1004,,1296,12,,,0
21609,'1142134',854,,838,12,,,0
21609,'1142173',1424,,839,12,,,0
21609,'1142220',1224,,840,12,,,0
21609,'1142255',1624,,841,12,,,0
21609,'1142260',624,,842,12,,,0
21609,'1142266',1324,,843,12,,,0
21609,'1142277',1724,,844,12,,,0
21609,'1142281',824,,845,12,,,0
21609,'1142305',1124,,846,12,,,0
21609,'1142347',2124,,847,12,,,0
21609,'1142348',1024,,848,12,,,0
21609,'1142363',1124,,849,12,,,0
21609,'1142398',724,,850,12,,,0
21609,'1142432',824,,851,12,,,0
21609,'1142489',654,,852,12,,,0
21609,'1142528',2124,,853,12,,,0
21609,'1142549',2024,,854,12,,,0
21609,'1142551',1024,,855,12,,,0
21609,'1142557',1424,,856,12,,,0
21609,'1142574',1324,,857,12,,,0
21609,'1142584',1554,,858,12,,,0
21609,'1142623',1224,,859,12,,,0
21609,'1142647',1524,,860,12,,,0
21609,'1142662',2024,,861,12,,,0
21609,'1142678',924,,862,12,,,0
21609,'1142730',1624,,863,12,,,0
21609,'1142732',924,,864,12,,,0
21609,'1142740',754,,865,12,,,0
21609,'1142753',724,,866,12,,,0
21609,'1142754',1654,,867,12,,,0
21609,'1142762',1924,,868,12,,,0
21609,'1142784',1924,,869,12,,,0
21609,'1142801',1754,,870,12,,,0
21609,'1142822',1524,,871,12,,,0
21609,'1142856',1724,,872,12,,,0
21609,'1142867',1824,,873,12,,,0
21609,'1142890',1824,,874,12,,,0
