14009,'1083726',1646,,92,17,,,0
14009,'1083733',1246,,93,17,,,0
14009,'1083894',946,,95,17,,,0
14009,'1083982',1446,,98,17,,,0
14009,'1084115',1546,,100,17,,,0
14009,'1084147',1146,,101,17,,,0
14009,'1084174',1046,,104,17,,,0
14009,'1084272',1759,,105,17,,,0
14009,'1084375',1346,,109,17,,,0
14001209,'1083697',1749,,248,27,,,0
14001209,'1083724',849,,250,27,,,0
14001209,'1083738',2219,,251,27,,,0
14001209,'1083756',1219,,252,27,,,0
14001209,'1083770',1519,,253,27,,,0
14001209,'1083781',1519,,254,27,,,0
14001209,'1083804',1019,,255,27,,,0
14001209,'1083812',1549,,256,27,,,0
14001209,'1083825',1419,,257,27,,,0
14001209,'1083828',919,,258,27,,,0
14001209,'1083832',1819,,259,27,,,0
14001209,'1083836',1649,,260,27,,,0
14001209,'1083837',1719,,261,27,,,0
14001209,'1083842',1049,,262,27,,,0
14001209,'1083858',1919,,263,27,,,0
14001209,'1083876',1119,,264,27,,,0
14001209,'1083895',2219,,265,27,,,0
14001209,'1083906',1449,,266,27,,,0
14001209,'1083907',1219,,267,27,,,0
14001209,'1083916',2119,,268,27,,,0
14001209,'1083935',1419,,269,27,,,0
14001209,'1083976',1119,,270,27,,,0
14001209,'1083988',1319,,271,27,,,0
14001209,'1083993',1149,,272,27,,,0
14001209,'1084000',1019,,273,27,,,0
14001209,'1084037',1819,,275,27,,,0
14001209,'1084075',1349,,276,27,,,0
14001209,'1084086',719,,277,27,,,0
14001209,'1084089',2019,,278,27,,,0
14001209,'1084099',1919,,279,27,,,0
14001209,'1084198',1619,,281,27,,,0
14001209,'1084227',1249,,282,27,,,0
14001209,'1084231',949,,283,27,,,0
14001209,'1084254',819,,284,27,,,0
14001209,'1084265',749,,285,27,,,0
14001209,'1084270',2119,,286,27,,,0
14001209,'1084287',1719,,287,27,,,0
14001209,'1084309',719,,288,5,,,0
14001209,'1084310',1619,,289,27,,,0
14001209,'1084331',819,,290,27,,,0
14001209,'1084345',919,,291,27,,,0
14001209,'1084350',1319,,292,27,,,0
14001209,'1084370',2019,,293,27,,,0
