16009,'1083797',1217,,130,31,,,0
16009,'1083915',1717,,134,31,,,0
16009,'1083924',1417,,135,31,,,0
16009,'1084017',917,,138,31,,,0
16009,'1084042',1317,,140,31,,,0
16009,'1084061',1117,,141,31,,,0
16009,'1084107',1617,,142,31,,,0
16009,'1084164',1517,,143,31,,,0
16009,'1084313',1017,,145,31,,,0
21609,'1083705',937,,165,33,,,0
21609,'1083713',1337,,166,33,,,0
21609,'1083740',708,,167,34,,,0
21609,'1083767',907,,168,33,,,0
21609,'1083803',637,,169,33,,,0
21609,'1083813',737,,170,33,,,0
21609,'1083824',1137,,171,33,,,0
21609,'1083865',937,,172,33,,,0
21609,'1083868',2137,,173,33,,,0
21609,'1083869',1807,,174,33,,,0
21609,'1083929',1738,,175,34,,,0
21609,'1083944',2037,,176,33,,,0
21609,'1083952',807,,177,33,,,0
21609,'1083956',1607,,178,33,,,0
21609,'1083970',1437,,179,33,,,0
21609,'1083985',1737,,180,33,,,0
21609,'1083994',1237,,181,33,,,0
21609,'1083995',1837,,182,33,,,0
21609,'1084073',1037,,183,33,,,0
21609,'1084096',1837,,184,33,,,0
21609,'1084144',738,,185,34,,,0
21609,'1084182',2037,,186,33,,,0
21609,'1084211',1537,,187,33,,,0
21609,'1084216',1337,,188,33,,,0
21609,'1084222',837,,189,33,,,0
21609,'1084229',1537,,190,33,,,0
21609,'1084233',1637,,191,33,,,0
21609,'1084253',1037,,192,33,,,0
21609,'1084297',2137,,193,33,,,0
21609,'1084300',1237,,194,33,,,0
21609,'1084324',1437,,195,33,,,0
21609,'1084339',1708,,196,34,,,0
21609,'1084342',1137,,197,33,,,0
21609,'1084351',1937,,198,33,,,0
21609,'1084373',1937,,199,33,,,0
21609,'1084376',837,,200,33,,,0
21609,'1084380',1638,,201,34,,,0
