20009,'1175726',1138,,1297,7,0,10 11,0
20009,'1175784',1538,,1298,7,0,10 11,0
20009,'1175818',1338,,1299,7,0,10 11,0
20009,'1175944',1738,,1300,7,0,10 11,0
20009,'1175945',1038,,1301,7,0,10 11,0
20009,'1176098',1438,,1302,7,0,10 11,0
20009,'1176169',1638,,1303,7,0,10 11,0
20009,'1176242',938,,1304,7,0,10 11,0
20009,'1176491',1238,,1305,7,0,10 11,0
14001609,'1142224',1323,,1020,9,0,8 21,0
14001609,'1142239',1023,,1022,9,0,8 21,0
14001609,'1142308',1823,,1028,9,0,8 21,0
14001609,'1142473',1123,,1035,9,0,8 21,0
14001609,'1142717',1223,,1051,9,0,8 21,0
14001609,'1142803',923,,1054,9,0,8 21,0
14001609,'1142886',1423,,1060,9,0,8 21,0
14001609,'1175743',653,,1306,9,,,0
14001609,'1175762',753,,1307,9,,,0
14001609,'1175785',953,,1308,9,,,0
14001609,'1175815',723,,1309,9,,,0
14001609,'1175849',853,,1310,9,,,0
14001609,'1175881',853,,1311,9,,,0
14001609,'1175901',1253,,1313,9,,,0
14001609,'1175909',823,,1314,9,,,0
14001609,'1175926',1153,,1315,9,,,0
14001609,'1175981',1723,,1316,9,,,0
14001609,'1176005',2153,,1317,9,,,0
14001609,'1176019',1853,,1318,9,,,0
14001609,'1176030',1353,,1319,9,,,0
14001609,'1176078',1653,,1321,9,,,0
14001609,'1176081',1953,,1322,9,,,0
14001609,'1176129',1453,,1323,9,,,0
14001609,'1176134',2053,,1325,9,,,0
14001609,'1176154',2053,,1326,9,,,0
14001609,'1176172',1553,,1327,9,,,0
14001609,'1176186',1623,,1328,9,,,0
14001609,'1176192',2153,,1329,9,,,0
14001609,'1176206',1253,,1330,9,,,0
14001609,'1176260',1353,,1331,9,,,0
14001609,'1176285',1753,,1332,9,,,0
14001609,'1176332',1753,,1334,9,,,0
14001609,'1176457',1053,,1335,9,,,0
14001609,'1176506',1853,,1336,9,,,0
14001609,'1176531',1953,,1337,9,,,0
14001609,'1176542',1523,,1338,9,,,0
14001609,'1176555',1153,,1339,9,,,0
14001609,'1176566',1053,,1340,9,,,0
14001609,'1176590',953,,1341,9,,,0
14001609,'1176615',1453,,1342,9,,,0
14001609,'1176650',1553,,1343,9,,,0
14001609,'1176683',1653,,1344,9,,,0
14001609,'1176688',753,,1345,9,,,0
