11009,'1175771',1436,,1461,5,,,0
11009,'1175802',1736,,1462,5,,,0
11009,'1176133',1636,,1468,5,,,0
11009,'1176140',1036,,1469,5,,,0
11009,'1176188',1236,,1470,5,,,0
11009,'1176403',1136,,1472,5,,,0
11009,'1176448',936,,1473,5,,,0
11009,'1176583',1536,,1474,5,,,0
11009,'1176618',1336,,1475,5,,,0
14001009,'1175755',846,,1743,7,,,0
14001009,'1175787',1746,,1744,7,,,0
14001009,'1175798',1746,,1745,7,,,0
14001009,'1175806',1116,,1746,7,0,8 21,0
14001009,'1175825',1546,,1748,7,,,0
14001009,'1175826',1246,,1749,7,,,0
14001009,'1175836',1716,,1750,7,,,0
14001009,'1175840',1946,,1751,7,,,0
14001009,'1175865',1016,,1752,7,0,8 21,0
14001009,'1175890',1946,,1753,7,,,0
14001009,'1175905',2046,,1754,7,,,0
14001009,'1175937',1346,,1755,7,,,0
14001009,'1175943',1646,,1756,7,,,0
14001009,'1175962',2246,,1757,7,0,8 21,0
14001009,'1175995',1046,,1758,7,,,0
14001009,'1176008',716,,1759,7,,,0
14001009,'1176017',746,,1760,7,,,0
14001009,'1176075',1646,,1761,7,,,0
14001009,'1176104',2146,,1762,7,,,0
14001009,'1176141',1246,,1763,7,,,0
14001009,'1176158',1446,,1764,7,,,0
14001009,'1176181',916,,1765,7,0,8 21,0
14001009,'1176198',946,,1766,7,,,0
14001009,'1176208',2146,,1767,7,,,0
14001009,'1176215',1846,,1768,7,,,0
14001009,'1176225',1316,,1769,7,0,8 21,0
14001009,'1176249',1046,,1770,7,,,0
14001009,'1176269',2046,,1771,7,,,0
14001009,'1176278',2246,,1772,7,0,8 21,0
14001009,'1176300',1516,,1773,7,0,8 21,0
14001009,'1176311',946,,1774,7,,,0
14001009,'1176346',816,,1775,7,,,0
14001009,'1176365',846,,1776,7,,,0
14001009,'1176376',1546,,1777,7,,,0
14001009,'1176382',1146,,1778,7,,,0
14001009,'1176449',646,,1779,7,,,0
14001009,'1176452',1216,,1780,7,0,8 21,0
14001009,'1176545',746,,1781,7,,,0
14001009,'1176551',1346,,1782,7,,,0
14001009,'1176579',1616,,1783,7,,,0
14001009,'1176580',1146,,1784,7,,,0
14001009,'1176607',1846,,1785,7,,,0
14001009,'1176612',1816,,1786,7,0,8 21,0
14001009,'1176628',1416,,1787,7,0,8 21,0
14001009,'1176653',1446,,1788,7,,,0
