11609,'1175716',1152,,1478,27,,,0
11609,'1175732',1552,,1479,27,,,0
11609,'1175756',1352,,1480,27,,,0
11609,'1175773',2052,,1481,27,,,0
11609,'1175832',1822,,1482,27,,,0
11609,'1175843',1452,,1483,27,,,0
11609,'1175850',2152,,1484,27,,,0
11609,'1175868',1252,,1485,27,,,0
11609,'1175918',1656,,1486,28,,,0
11609,'1175942',1752,,1487,27,,,0
11609,'1175949',1726,,1488,28,,,0
11609,'1175954',952,,1489,27,,,0
11609,'1175958',1552,,1490,27,,,0
11609,'1175970',1152,,1491,27,,,0
11609,'1176003',1952,,1492,27,,,0
11609,'1176080',1352,,1493,27,,,0
11609,'1176101',1852,,1494,27,,,0
11609,'1176137',1852,,1495,27,,,0
11609,'1176153',1652,,1496,27,,,0
11609,'1176239',1252,,1497,27,,,0
11609,'1176240',752,,1498,27,,,0
11609,'1176243',656,,1499,28,,,0
11609,'1176254',822,,1500,27,,,0
11609,'1176259',2052,,1501,27,,,0
11609,'1176276',852,,1502,27,,,0
11609,'1176432',726,,1503,28,,,0
11609,'1176433',1622,,1504,27,,,0
11609,'1176442',922,,1505,27,,,0
11609,'1176443',1052,,1506,27,,,0
11609,'1176475',752,,1507,27,,,0
11609,'1176603',1752,,1508,27,,,0
11609,'1176630',2152,,1509,27,,,0
11609,'1176639',1952,,1510,27,,,0
11609,'1176641',1052,,1511,27,,,0
11609,'1176646',952,,1512,27,,,0
11609,'1176652',852,,1513,27,,,0
11609,'1176685',1452,,1514,27,,,0
16009,'1175859',1242,,1588,26,0,16 17 11,0
16009,'1176087',1342,,1589,26,0,16 17 11,0
16009,'1176112',1442,,1590,26,0,16 17 11,0
16009,'1176128',1742,,1591,26,0,16 17 11,0
16009,'1176235',1042,,1593,26,0,16 17 11,0
16009,'1176236',1642,,1594,26,0,16 17 11,0
16009,'1176410',1542,,1599,26,0,16 17 11,0
16009,'1176572',942,,1602,26,0,16 17 11,0
16009,'1176585',1142,,1603,26,0,16 17 11,0
