16009,'1083797',1210,,130,25,,,0
16009,'1083915',1710,,134,25,,,0
16009,'1083924',1410,,135,25,,,0
16009,'1084017',910,,138,25,,,0
16009,'1084042',1310,,140,25,,,0
16009,'1084061',1110,,141,25,,,0
16009,'1084107',1610,,142,25,,,0
16009,'1084164',1510,,143,25,,,0
16009,'1084313',1010,,145,25,,,0
21609,'1083705',931,,165,27,,,0
21609,'1083713',1331,,166,27,,,0
21609,'1083740',704,,167,28,,,0
21609,'1083767',901,,168,27,,,0
21609,'1083803',631,,169,27,,,0
21609,'1083813',731,,170,27,,,0
21609,'1083824',1131,,171,27,,,0
21609,'1083865',931,,172,27,,,0
21609,'1083868',2131,,173,27,,,0
21609,'1083869',1801,,174,27,,,0
21609,'1083929',1734,,175,28,,,0
21609,'1083944',2031,,176,27,,,0
21609,'1083952',801,,177,27,,,0
21609,'1083956',1601,,178,27,,,0
21609,'1083970',1431,,179,27,,,0
21609,'1083985',1731,,180,27,,,0
21609,'1083994',1231,,181,27,,,0
21609,'1083995',1831,,182,27,,,0
21609,'1084073',1031,,183,27,,,0
21609,'1084096',1831,,184,27,,,0
21609,'1084144',734,,185,28,,,0
21609,'1084182',2031,,186,27,,,0
21609,'1084211',1531,,187,27,,,0
21609,'1084216',1331,,188,27,,,0
21609,'1084222',831,,189,27,,,0
21609,'1084229',1531,,190,27,,,0
21609,'1084233',1631,,191,27,,,0
21609,'1084253',1031,,192,27,,,0
21609,'1084297',2131,,193,27,,,0
21609,'1084300',1231,,194,27,,,0
21609,'1084324',1431,,195,27,,,0
21609,'1084339',1704,,196,28,,,0
21609,'1084342',1131,,197,27,,,0
21609,'1084351',1931,,198,27,,,0
21609,'1084373',1931,,199,27,,,0
21609,'1084376',831,,200,27,,,0
21609,'1084380',1634,,201,28,,,0
