20009,'1175879',1510,,1605,27,0,10 11,0
20009,'1175940',1110,,1607,27,0,10 11,0
20009,'1176265',1610,,1612,27,0,10 11,0
20009,'1176319',1802,,1613,27,0,10 11,0
20009,'1176398',1410,,1615,27,0,10 11,0
20009,'1176408',1010,,1616,27,0,10 11,0
20009,'1176425',1210,,1618,27,0,10 11,0
20009,'1176552',1310,,1622,27,0,10 11,0
20009,'1176647',1710,,1623,27,0,10 11,0
19001509,'1175715',2054,,2024,14,,,0
19001509,'1175729',954,,2025,14,,,0
19001509,'1175736',2154,,2026,14,0,12,0
19001509,'1175740',754,,2027,14,,,0
19001509,'1175741',1254,,2028,14,,,0
19001509,'1175769',2254,,2029,14,0,12,0
19001509,'1175774',2154,,2030,14,0,12,0
19001509,'1175778',1724,,2031,14,,,0
19001509,'1175793',1754,,2032,14,,,0
19001509,'1175801',754,,2033,14,,,0
19001509,'1175845',1324,,2034,14,,,0
19001509,'1175897',1424,,2035,14,,,0
19001509,'1175899',1154,,2036,14,,,0
19001509,'1175907',924,,2037,14,,,0
19001509,'1175925',1554,,2038,14,,,0
19001509,'1175932',1454,,2039,14,,,0
19001509,'1175953',1524,,2040,14,,,0
19001509,'1175967',1024,,2042,14,,,0
19001509,'1175996',1624,,2043,14,,,0
19001509,'1176000',854,,2044,14,,,0
19001509,'1176049',1654,,2045,14,,,0
19001509,'1176055',1854,,2046,14,,,0
19001509,'1176057',954,,2047,14,,,0
19001509,'1176073',724,,2048,14,,,0
19001509,'1176074',654,,2049,14,,,0
19001509,'1176085',1854,,2050,14,,,0
19001509,'1176090',2054,,2051,14,,,0
19001509,'1176092',1054,,2052,14,,,0
19001509,'1176093',854,,2053,14,,,0
19001509,'1176105',1954,,2054,14,,,0
19001509,'1176238',1454,,2055,14,,,0
19001509,'1176266',1124,,2056,14,,,0
19001509,'1176293',1354,,2057,14,,,0
19001509,'1176328',1224,,2058,14,,,0
19001509,'1176335',1954,,2059,14,,,0
19001509,'1176340',1824,,2060,14,0,12,0
19001509,'1176355',1554,,2061,14,,,0
19001509,'1176358',1254,,2062,14,,,0
19001509,'1176362',1754,,2063,14,,,0
19001509,'1176426',1054,,2064,14,,,0
19001509,'1176434',2254,,2065,14,0,12,0
19001509,'1176496',1354,,2067,14,,,0
19001509,'1176536',654,,2068,14,,,0
19001509,'1176537',824,,2069,14,,,0
19001509,'1176684',1654,,2070,14,,,0
19001509,'1176689',1154,,2071,14,,,0
