15009,'1142326',1159,,785,5,0,20 15,0
15009,'1142391',959,,786,5,0,20 15,0
15009,'1142463',1559,,789,5,0,20 15,0
15009,'1142521',859,,791,5,0,20 15,0
15009,'1142575',1459,,792,5,0,20 15,0
15009,'1142681',1259,,794,5,0,20 15,0
15009,'1142872',1059,,798,5,0,20 15,0
15009,'1142884',1359,,799,5,0,20 15,0
15009,'1142889',1659,,800,5,0,20 15,0
19001509,'1142133',1718,,1156,30,,,0
19001509,'1142140',618,,1157,5,,,0
19001509,'1142153',718,,1158,30,,,0
19001509,'1142160',1018,,1159,30,,,0
19001509,'1142170',1518,,1160,30,,,0
19001509,'1142181',718,,1161,30,,,0
19001509,'1142183',1618,,1162,30,,,0
19001509,'1142185',1518,,1163,30,,,0
19001509,'1142201',848,,1164,30,,,0
19001509,'1142204',1318,,1165,30,,,0
19001509,'1142217',1118,,1167,30,,,0
19001509,'1142250',2118,,1168,30,,,0
19001509,'1142261',1248,,1169,30,,,0
19001509,'1142284',1048,,1170,30,,,0
19001509,'1142302',1818,,1172,30,,,0
19001509,'1142318',948,,1174,30,,,0
19001509,'1142351',2018,,1175,30,,,0
19001509,'1142376',1818,,1176,30,,,0
19001509,'1142422',1218,,1177,30,,,0
19001509,'1142427',818,,1178,30,,,0
19001509,'1142428',1648,,1179,30,,,0
19001509,'1142440',1318,,1180,30,,,0
19001509,'1142443',2018,,1181,30,,,0
19001509,'1142474',748,,1182,30,,,0
19001509,'1142476',1348,,1183,30,,,0
19001509,'1142512',1148,,1184,30,,,0
19001509,'1142514',1618,,1185,30,,,0
19001509,'1142587',1748,,1187,30,,,0
19001509,'1142615',1918,,1188,30,,,0
19001509,'1142630',1918,,1189,30,,,0
19001509,'1142653',1718,,1190,30,,,0
19001509,'1142655',918,,1191,30,,,0
19001509,'1142675',818,,1192,30,,,0
19001509,'1142725',1548,,1194,30,,,0
19001509,'1142736',1418,,1195,30,,,0
19001509,'1142755',1118,,1196,30,,,0
19001509,'1142769',648,,1197,5,,,0
19001509,'1142799',1448,,1198,30,,,0
19001509,'1142808',2118,,1199,30,,,0
19001509,'1142818',1218,,1200,30,,,0
19001509,'1142823',1418,,1201,30,,,0
19001509,'1142868',918,,1202,30,,,0
19001509,'1142879',1018,,1203,30,,,0
