12009,'1175904',1322,,1253,10,,,0
12009,'1176180',1022,,1257,10,,,0
12009,'1176258',1722,,1258,10,,,0
12009,'1176284',1422,,1259,10,,,0
12009,'1176435',1122,,1263,10,,,0
12009,'1176479',1522,,1264,10,,,0
12009,'1176508',1622,,1265,10,,,0
12009,'1176541',922,,1266,10,,,0
12009,'1176548',1222,,1267,10,,,0
19001709,'1175723',846,,1419,10,,,0
19001709,'1175748',916,,1420,10,,,0
19001709,'1175763',1046,,1421,10,,,0
19001709,'1175781',946,,1422,10,,,0
19001709,'1175795',716,,1423,10,,,0
19001709,'1175819',2046,,1424,10,,,0
19001709,'1175858',1846,,1425,10,,,0
19001709,'1175872',2146,,1426,10,0,8 21,0
19001709,'1175912',1746,,1427,10,,,0
19001709,'1175946',2046,,1428,10,,,0
19001709,'1176002',1346,,1429,10,,,0
19001709,'1176024',2146,,1430,10,0,8 21,0
19001709,'1176147',1946,,1431,10,,,0
19001709,'1176151',1446,,1432,10,,,0
19001709,'1176162',1146,,1433,10,,,0
19001709,'1176204',1546,,1434,10,,,0
19001709,'1176288',746,,1435,10,,,0
19001709,'1176339',1646,,1436,10,,,0
19001709,'1176366',646,,1437,10,,,0
19001709,'1176369',1546,,1438,10,,,0
19001709,'1176400',1046,,1439,10,,,0
19001709,'1176416',1846,,1440,10,,,0
19001709,'1176419',846,,1441,10,,,0
19001709,'1176422',1446,,1442,10,,,0
19001709,'1176428',1616,,1443,10,,,0
19001709,'1176461',1716,,1444,10,,,0
19001709,'1176465',1946,,1445,10,,,0
19001709,'1176466',2246,,1446,10,0,8 21,0
19001709,'1176481',1346,,1447,10,,,0
19001709,'1176493',616,,1448,10,,,0
19001709,'1176540',946,,1449,10,,,0
19001709,'1176561',1646,,1450,10,,,0
19001709,'1176587',746,,1451,10,,,0
19001709,'1176600',1246,,1452,10,,,0
19001709,'1176606',1246,,1453,10,,,0
19001709,'1176634',646,,1454,10,,,0
19001709,'1176635',816,,1455,10,,,0
19001709,'1176654',1816,,1456,10,0,8 21,0
19001709,'1176664',1146,,1457,10,,,0
19001709,'1176670',1746,,1458,10,,,0
19001709,'1176677',2246,,1459,10,0,8 21,0
