14009,'1142177',1057,,766,32,,,0
14009,'1142342',1557,,771,32,,,0
14009,'1142362',1357,,772,32,,,0
14009,'1142406',957,,774,32,,,0
14009,'1142444',1257,,775,32,,,0
14009,'1142613',1810,,777,32,,,0
14009,'1142687',1657,,779,32,,,0
14009,'1142827',1457,,781,32,,,0
14009,'1142830',1157,,782,32,,,0
14001009,'1142143',1424,,875,48,,,0
14001009,'1142178',726,,876,47,,,0
14001009,'1142189',926,,877,47,,,0
14001009,'1142190',756,,878,47,,,0
14001009,'1142194',1524,,879,48,,,0
14001009,'1142216',1024,,880,48,,,0
14001009,'1142231',856,,881,47,,,0
14001009,'1142237',1426,,882,48,,,0
14001009,'1142279',1726,,883,47,,,0
14001009,'1142282',1324,,884,48,,,0
14001009,'1142286',926,,885,47,,,0
14001009,'1142290',2026,,886,47,,,0
14001009,'1142344',2126,,888,47,,,0
14001009,'1142360',1224,,889,48,,,0
14001009,'1142375',1124,,891,48,,,0
14001009,'1142459',1026,,894,48,,,0
14001009,'1142462',1626,,896,47,,,0
14001009,'1142479',1926,,897,47,,,0
14001009,'1142483',1526,,898,48,,,0
14001009,'1142508',1926,,900,47,,,0
14001009,'1142510',1626,,901,47,,,0
14001009,'1142538',1126,,903,48,,,0
14001009,'1142580',1826,,905,47,,,0
14001009,'1142619',2126,,906,47,,,0
14001009,'1142660',1656,,908,47,,,0
14001009,'1142682',826,,909,47,,,0
14001009,'1142715',2026,,910,47,,,0
14001009,'1142724',726,,911,14,,,0
14001009,'1142781',2226,,912,47,,,0
14001009,'1142787',1826,,913,47,,,0
14001009,'1142811',1226,,915,48,,,0
14001009,'1142812',1756,,916,47,,,0
14001009,'1142840',826,,917,47,,,0
14001009,'1142842',2226,,918,47,,,0
14001009,'1142843',1326,,919,48,,,0
14001009,'1142861',1726,,920,47,,,0
