19001509,'1083702',1448,,487,31,,,0
19001509,'1083710',1618,,488,31,,,0
19001509,'1083729',1218,,489,31,,,0
19001509,'1083731',848,,490,31,,,0
19001509,'1083760',2018,,491,31,,,0
19001509,'1083772',818,,492,31,,,0
19001509,'1083789',1548,,493,31,,,0
19001509,'1083800',2118,,494,31,,,0
19001509,'1083805',1248,,495,31,,,0
19001509,'1083822',1348,,496,31,,,0
19001509,'1083829',1818,,497,31,,,0
19001509,'1083830',1418,,498,31,,,0
19001509,'1083856',1918,,500,31,,,0
19001509,'1083862',1618,,501,31,,,0
19001509,'1083872',1118,,502,31,,,0
19001509,'1083878',948,,504,31,,,0
19001509,'1083886',1018,,505,31,,,0
19001509,'1083890',1218,,506,31,,,0
19001509,'1083898',1718,,507,31,,,0
19001509,'1083913',648,,508,6,,,0
19001509,'1083964',1748,,509,31,,,0
19001509,'1084023',718,,510,31,,,0
19001509,'1084031',718,,511,31,,,0
19001509,'1084038',1048,,512,31,,,0
19001509,'1084062',1818,,513,31,,,0
19001509,'1084080',2018,,514,31,,,0
19001509,'1084094',2118,,515,31,,,0
19001509,'1084116',1418,,516,31,,,0
19001509,'1084135',748,,517,31,,,0
19001509,'1084184',1318,,518,31,,,0
19001509,'1084188',1118,,519,31,,,0
19001509,'1084197',1918,,520,31,,,0
19001509,'1084202',1518,,521,31,,,0
19001509,'1084225',818,,522,31,,,0
19001509,'1084228',1518,,523,31,,,0
19001509,'1084246',1148,,525,31,,,0
19001509,'1084266',918,,526,31,,,0
19001509,'1084293',618,,529,6,,,0
19001509,'1084332',1648,,530,31,,,0
19001509,'1084358',1718,,531,31,,,0
19001509,'1084364',918,,532,31,,,0
19001509,'1084377',1018,,533,31,,,0
19001509,'1084382',1318,,534,31,,,0
