12009,'1175885',1803,,1519,33,0,18 7,0
12009,'1175923',1550,,1520,33,0,18 7,0
12009,'1175952',1350,,1521,33,0,18 7,0
12009,'1175971',1050,,1522,33,0,18 7,0
12009,'1176115',1150,,1524,33,0,18 7,0
12009,'1176305',1650,,1526,33,0,18 7,0
12009,'1176431',1450,,1528,33,0,18 7,0
12009,'1176538',950,,1530,33,0,18 7,0
12009,'1176625',1250,,1531,33,0,18 7,0
14001609,'1175722',1125,,1882,34,,,0
14001609,'1175752',725,,1883,34,,,0
14001609,'1175760',2025,,1884,34,,,0
14001609,'1175908',855,,1888,34,,,0
14001609,'1175922',1225,,1889,34,,,0
14001609,'1175936',825,,1890,34,,,0
14001609,'1175986',1425,,1892,34,,,0
14001609,'1175988',1325,,1893,34,,,0
14001609,'1175989',1825,,1894,34,,,0
14001609,'1176015',925,,1896,34,,,0
14001609,'1176168',1325,,1898,34,,,0
14001609,'1176170',1555,,1899,34,,,0
14001609,'1176241',2125,,1900,34,,,0
14001609,'1176247',755,,1901,34,,,0
14001609,'1176270',2225,,1902,34,,,0
14001609,'1176280',1625,,1903,34,,,0
14001609,'1176296',1525,,1904,34,,,0
14001609,'1176309',2225,,1905,34,,,0
14001609,'1176320',1825,,1906,34,,,0
14001609,'1176381',1025,,1908,34,,,0
14001609,'1176402',2025,,1909,34,,,0
14001609,'1176421',825,,1910,34,,,0
14001609,'1176486',1755,,1911,34,,,0
14001609,'1176492',1125,,1912,34,,,0
14001609,'1176495',1925,,1913,34,,,0
14001609,'1176500',1625,,1914,34,,,0
14001609,'1176504',1725,,1915,34,,,0
14001609,'1176510',1525,,1916,34,,,0
14001609,'1176518',1655,,1917,34,,,0
14001609,'1176524',1025,,1918,34,,,0
14001609,'1176533',925,,1919,34,,,0
14001609,'1176577',2125,,1921,34,,,0
14001609,'1176602',1425,,1924,34,,,0
14001609,'1176621',1925,,1926,34,,,0
14001609,'1176627',1725,,1927,34,,,0
14001609,'1176666',725,,1928,14,,,0
14001609,'1176671',1225,,1929,34,,,0
