14009,'1142164',1126,,765,15,0,5 6 7,0
14009,'1142187',1426,,767,15,0,5 6 7,0
14009,'1142323',1626,,768,15,0,5 6 7,0
14009,'1142325',1726,,769,15,0,5 6 7,0
14009,'1142341',1226,,770,15,0,5 6 7,0
14009,'1142386',926,,773,15,0,5 6 7,0
14009,'1142559',1526,,776,15,0,5 6 7,0
14009,'1142645',1326,,778,15,0,5 6 7,0
14009,'1142708',1026,,780,15,0,5 6 7,0
19001309,'1142849',1824,,1152,19,0,8 21,0
19001309,'1175725',654,,1374,19,,,0
19001309,'1175746',1254,,1375,19,,,0
19001309,'1175750',2154,,1376,19,,,0
19001309,'1175772',2054,,1378,19,,,0
19001309,'1175824',1954,,1379,19,,,0
19001309,'1175844',654,,1380,19,,,0
19001309,'1175930',1754,,1381,19,,,0
19001309,'1175941',1454,,1382,19,,,0
19001309,'1175974',1624,,1383,19,,,0
19001309,'1176027',1154,,1384,19,,,0
19001309,'1176051',1324,,1385,19,,,0
19001309,'1176056',1524,,1386,19,,,0
19001309,'1176072',854,,1387,19,,,0
19001309,'1176088',824,,1388,19,,,0
19001309,'1176113',954,,1389,19,,,0
19001309,'1176123',1454,,1390,19,,,0
19001309,'1176150',1654,,1391,19,,,0
19001309,'1176155',1724,,1392,19,,,0
19001309,'1176191',1854,,1393,19,,,0
19001309,'1176203',1954,,1394,19,,,0
19001309,'1176205',754,,1395,19,,,0
19001309,'1176216',724,,1396,19,,,0
19001309,'1176219',1554,,1397,19,,,0
19001309,'1176231',1254,,1398,19,,,0
19001309,'1176237',1154,,1399,19,,,0
19001309,'1176251',854,,1400,19,,,0
19001309,'1176267',1854,,1401,19,,,0
19001309,'1176327',2154,,1403,19,,,0
19001309,'1176330',1054,,1404,19,,,0
19001309,'1176347',1354,,1405,19,,,0
19001309,'1176350',1354,,1406,19,,,0
19001309,'1176372',924,,1407,19,,,0
19001309,'1176377',2054,,1408,19,,,0
19001309,'1176385',954,,1409,19,,,0
19001309,'1176484',1554,,1410,19,,,0
19001309,'1176487',1224,,1411,19,,,0
19001309,'1176502',1424,,1412,19,,,0
19001309,'1176565',1054,,1413,19,,,0
19001309,'1176609',1654,,1414,19,,,0
19001309,'1176622',1754,,1415,19,,,0
19001309,'1176667',754,,1416,19,,,0
19001309,'1176691',1124,,1417,19,,,0
19001309,'1176694',1024,,1418,19,,,0
