13009,'1176096',1125,,1537,5,,,0
13009,'1176190',1525,,1540,5,,,0
13009,'1176224',1025,,1542,5,,,0
13009,'1176248',1725,,1543,5,,,0
13009,'1176271',1625,,1544,5,,,0
13009,'1176360',925,,1545,5,,,0
13009,'1176371',1225,,1546,5,,,0
13009,'1176623',1325,,1549,5,,,0
13009,'1176644',1425,,1550,5,,,0
15009,'1175719',1704,,1569,11,0,20 15,0
15009,'1175730',1504,,1570,11,0,20 15,0
15009,'1175737',1304,,1571,11,0,20 15,0
15009,'1175828',1404,,1572,11,0,20 15,0
15009,'1175835',1004,,1573,11,0,20 15,0
15009,'1176048',1204,,1578,11,0,20 15,0
15009,'1176230',1604,,1580,11,0,20 15,0
15009,'1176301',904,,1582,11,0,20 15,0
15009,'1176568',1104,,1584,11,0,20 15,0
30009,'1178822',1353,,2122,8,0,23 24 2 26,0
30009,'1178823',753,,2123,8,0,23 24 2 26,0
30009,'1178824',853,,2124,8,0,23 24 2 26,0
30009,'1178825',1453,,2125,8,0,23 24 2 26,0
30009,'1178832',1023,,2132,8,0,8 9 2 26,0
30009,'1178833',953,,2133,8,0,23 24 2 26,0
30009,'1178834',823,,2134,8,0,23 24 2 26,0
30009,'1178837',1753,,2137,8,0,23 24 2 26,0
30009,'1178839',1153,,2139,8,0,23 24 2 26,0
30009,'1178842',1253,,2142,8,0,23 24 2 26,0
30009,'1178844',723,,2144,8,0,23 24 2 26,0
30009,'1178849',1723,,2149,8,0,23 24 2 26,0
30009,'1178850',953,,2150,8,0,23 24 2 26,0
30009,'1178851',853,,2151,8,0,23 24 2 26,0
30009,'1178853',1953,,2153,8,0,23 24 2 26,0
30009,'1178855',1453,,2155,8,0,23 24 2 26,0
30009,'1178856',2053,,2156,8,0,23 24 2 26,0
30009,'1178858',1853,,2158,8,0,23 24 2 26,0
30009,'1178859',1553,,2159,8,0,23 24 2 26,0
30009,'1178862',1753,,2162,8,0,23 24 2 26,0
30009,'1178864',1053,,2164,8,0,23 24 2 26,0
30009,'1178866',2153,,2166,8,0,8 9 2 26,0
30009,'1178867',2053,,2167,8,0,23 24 2 26,0
30009,'1178870',1853,,2170,8,0,23 24 2 26,0
30009,'1178872',1353,,2172,8,0,23 24 2 26,0
30009,'1178875',1153,,2175,8,0,23 24 2 26,0
30009,'1178877',1953,,2177,8,0,23 24 2 26,0
30009,'1178878',1623,,2178,8,0,23 24 2 26,0
30009,'1178879',1553,,2179,8,0,23 24 2 26,0
30009,'1178888',1053,,2188,8,0,23 24 2 26,0
30009,'1178889',1253,,2189,8,0,23 24 2 26,0
30009,'1178890',923,,2190,8,0,23 24 2 26,0
30009,'1178891',2153,,2191,8,0,8 9 2 26,0
30009,'1178892',1653,,2192,8,0,23 24 2 26,0
30009,'1178894',753,,2194,8,0,23 24 2 26,0
30009,'1178900',1823,,2200,8,0,8 9 2 26,0
30009,'1178901',1653,,2201,8,0,23 24 2 26,0
14001209,'1175718',1618,,1789,5,,,0
14001209,'1175861',1848,,1790,5,,,0
14001209,'1175900',1718,,1791,5,,,0
14001209,'1175913',2248,,1792,5,0,8 21,0
14001209,'1175915',2048,,1793,5,,,0
14001209,'1175917',1418,,1794,5,,,0
14001209,'1175919',1948,,1795,5,,,0
14001209,'1175938',748,,1796,5,,,0
14001209,'1175939',1748,,1797,5,,,0
14001209,'1175983',2148,,1798,5,,,0
14001209,'1176007',1248,,1799,5,,,0
14001209,'1176012',1048,,1800,5,,,0
14001209,'1176069',848,,1801,5,,,0
14001209,'1176070',1148,,1802,5,,,0
14001209,'1176091',948,,1803,5,,,0
14001209,'1176103',948,,1805,5,,,0
14001209,'1176117',1148,,1806,5,,,0
14001209,'1176122',2248,,1807,5,0,8 21,0
14001209,'1176163',1848,,1808,5,,,0
14001209,'1176213',1048,,1809,5,,,0
14001209,'1176217',1548,,1810,5,,,0
14001209,'1176245',1748,,1811,5,,,0
14001209,'1176255',848,,1812,5,,,0
14001209,'1176275',1648,,1813,5,,,0
14001209,'1176323',1118,,1814,5,,,0
14001209,'1176336',1818,,1815,5,0,8 21,0
14001209,'1176343',1348,,1816,5,,,0
14001209,'1176354',1448,,1817,5,,,0
14001209,'1176378',1248,,1818,5,,,0
14001209,'1176401',718,,1819,5,,,0
14001209,'1176411',2048,,1820,5,,,0
14001209,'1176440',1448,,1821,5,,,0
14001209,'1176458',648,,1822,5,,,0
14001209,'1176470',1548,,1823,5,,,0
14001209,'1176472',1018,,1824,5,,,0
14001209,'1176483',1318,,1825,5,,,0
14001209,'1176488',1648,,1826,5,,,0
14001209,'1176515',1948,,1827,5,,,0
14001209,'1176526',918,,1828,5,,,0
14001209,'1176532',1218,,1829,5,,,0
14001209,'1176546',2148,,1830,5,,,0
14001209,'1176594',818,,1831,5,,,0
14001209,'1176599',1518,,1832,5,,,0
14001209,'1176626',748,,1833,5,,,0
14001209,'1176676',1348,,1834,5,,,0
19001509,'1175715',2121,,2024,36,,,0
19001509,'1175729',1021,,2025,36,,,0
19001509,'1175740',821,,2027,36,,,0
19001509,'1175741',1321,,2028,36,,,0
19001509,'1175778',1751,,2031,36,,,0
19001509,'1175793',1821,,2032,36,,,0
19001509,'1175801',821,,2033,36,,,0
19001509,'1175845',1351,,2034,36,,,0
19001509,'1175897',1451,,2035,36,,,0
19001509,'1175899',1221,,2036,36,,,0
19001509,'1175907',951,,2037,36,,,0
19001509,'1175925',1621,,2038,36,,,0
19001509,'1175932',1521,,2039,36,,,0
19001509,'1175953',1551,,2040,36,,,0
19001509,'1175965',651,,2041,11,,,0
19001509,'1175967',1051,,2042,36,,,0
19001509,'1175996',1651,,2043,36,,,0
19001509,'1176000',921,,2044,36,,,0
19001509,'1176049',1721,,2045,36,,,0
19001509,'1176055',1921,,2046,36,,,0
19001509,'1176057',1021,,2047,36,,,0
19001509,'1176073',751,,2048,36,,,0
19001509,'1176074',721,,2049,36,,,0
19001509,'1176085',1921,,2050,36,,,0
19001509,'1176090',2121,,2051,36,,,0
19001509,'1176092',1121,,2052,36,,,0
19001509,'1176093',921,,2053,36,,,0
19001509,'1176105',2021,,2054,36,,,0
19001509,'1176238',1521,,2055,36,,,0
19001509,'1176266',1151,,2056,36,,,0
19001509,'1176293',1421,,2057,36,,,0
19001509,'1176328',1251,,2058,36,,,0
19001509,'1176335',2021,,2059,36,,,0
19001509,'1176355',1621,,2061,36,,,0
19001509,'1176358',1321,,2062,36,,,0
19001509,'1176362',1821,,2063,36,,,0
19001509,'1176426',1121,,2064,36,,,0
19001509,'1176450',621,,2066,11,,,0
19001509,'1176496',1421,,2067,36,,,0
19001509,'1176536',721,,2068,36,,,0
19001509,'1176537',851,,2069,36,,,0
19001509,'1176684',1721,,2070,36,,,0
19001509,'1176689',1221,,2071,36,,,0
