14009,'1142164',1116,,765,2,0,5 6 7,0
14009,'1142187',1416,,767,2,0,5 6 7,0
14009,'1142323',1616,,768,2,0,5 6 7,0
14009,'1142325',1716,,769,2,0,5 6 7,0
14009,'1142341',1216,,770,2,0,5 6 7,0
14009,'1142386',916,,773,2,0,5 6 7,0
14009,'1142559',1516,,776,2,0,5 6 7,0
14009,'1142645',1316,,778,2,0,5 6 7,0
14009,'1142708',1016,,780,2,0,5 6 7,0
19001109,'1142212',1246,,1065,2,,,0
19001109,'1142345',1146,,1078,2,,,0
19001109,'1142412',1346,,1081,2,,,0
19001109,'1142503',1346,,1086,2,,,0
19001109,'1142554',1446,,1091,2,,,0
19001109,'1142583',1046,,1094,2,,,0
19001109,'1142588',1146,,1095,2,,,0
19001109,'1142664',1446,,1098,2,,,0
19001109,'1142756',1546,,1101,2,,,0
19001109,'1142845',1046,,1106,2,,,0
19001109,'1142860',1246,,1107,2,,,0
19001109,'1142880',1546,,1108,2,,,0
19001109,'1175791',2046,,1347,2,,,0
19001109,'1175792',1846,,1348,2,,,0
19001109,'1175853',1846,,1349,2,,,0
19001109,'1175887',1716,,1350,2,,,0
19001109,'1175950',646,,1351,2,,,0
19001109,'1175987',746,,1352,2,,,0
19001109,'1175992',1746,,1353,2,,,0
19001109,'1176020',646,,1354,2,,,0
19001109,'1176179',1746,,1355,2,,,0
19001109,'1176193',1946,,1356,2,,,0
19001109,'1176227',2046,,1357,2,,,0
19001109,'1176244',1646,,1358,2,,,0
19001109,'1176256',816,,1359,2,,,0
19001109,'1176310',846,,1360,2,,,0
19001109,'1176359',1946,,1361,2,,,0
19001109,'1176409',2241,,1362,2,0,12,0
19001109,'1176413',916,,1363,2,,,0
19001109,'1176424',946,,1364,2,,,0
19001109,'1176436',946,,1365,2,,,0
19001109,'1176437',846,,1366,2,,,0
19001109,'1176447',2241,,1367,2,0,12,0
19001109,'1176477',1646,,1368,2,,,0
19001109,'1176498',716,,1369,2,,,0
19001109,'1176505',2146,,1370,2,,,0
19001109,'1176514',746,,1371,2,,,0
19001109,'1176571',2146,,1372,2,,,0
19001109,'1176619',1816,,1373,2,0,8 21,0
