12009,'1175745',1554,,1515,34,,,0
12009,'1175747',1454,,1516,34,,,0
12009,'1175827',1154,,1517,34,,,0
12009,'1175839',1807,,1518,34,,,0
12009,'1176031',1054,,1523,34,,,0
12009,'1176149',1254,,1525,34,,,0
12009,'1176417',1354,,1527,34,,,0
12009,'1176471',1654,,1529,34,,,0
12009,'1176692',954,,1532,34,,,0
14001209,'1175718',1655,,1789,38,,,0
14001209,'1175861',1925,,1790,38,,,0
14001209,'1175900',1755,,1791,38,,,0
14001209,'1175915',2125,,1793,38,,,0
14001209,'1175917',1455,,1794,38,,,0
14001209,'1175919',2025,,1795,38,,,0
14001209,'1175938',825,,1796,38,,,0
14001209,'1175939',1825,,1797,38,,,0
14001209,'1175983',2225,,1798,38,,,0
14001209,'1176007',1325,,1799,38,,,0
14001209,'1176012',1125,,1800,38,,,0
14001209,'1176069',925,,1801,38,,,0
14001209,'1176070',1225,,1802,38,,,0
14001209,'1176091',1025,,1803,38,,,0
14001209,'1176100',725,,1804,16,,,0
14001209,'1176103',1025,,1805,38,,,0
14001209,'1176117',1225,,1806,38,,,0
14001209,'1176163',1925,,1808,38,,,0
14001209,'1176213',1125,,1809,38,,,0
14001209,'1176217',1625,,1810,38,,,0
14001209,'1176245',1825,,1811,38,,,0
14001209,'1176255',925,,1812,38,,,0
14001209,'1176275',1725,,1813,38,,,0
14001209,'1176323',1155,,1814,38,,,0
14001209,'1176343',1425,,1816,38,,,0
14001209,'1176354',1525,,1817,38,,,0
14001209,'1176378',1325,,1818,38,,,0
14001209,'1176401',755,,1819,38,,,0
14001209,'1176411',2125,,1820,38,,,0
14001209,'1176440',1525,,1821,38,,,0
14001209,'1176458',725,,1822,38,,,0
14001209,'1176470',1625,,1823,38,,,0
14001209,'1176472',1055,,1824,38,,,0
14001209,'1176483',1355,,1825,38,,,0
14001209,'1176488',1725,,1826,38,,,0
14001209,'1176515',2025,,1827,38,,,0
14001209,'1176526',955,,1828,38,,,0
14001209,'1176532',1255,,1829,38,,,0
14001209,'1176546',2225,,1830,38,,,0
14001209,'1176594',855,,1831,38,,,0
14001209,'1176599',1555,,1832,38,,,0
14001209,'1176626',825,,1833,38,,,0
14001209,'1176676',1425,,1834,38,,,0
