14001209,'1175718',1704,,1789,50,,,0
14001209,'1175861',1934,,1790,50,,,0
14001209,'1175900',1804,,1791,50,,,0
14001209,'1175915',2134,,1793,50,,,0
14001209,'1175917',1504,,1794,50,,,0
14001209,'1175919',2034,,1795,50,,,0
14001209,'1175938',834,,1796,50,,,0
14001209,'1175939',1834,,1797,50,,,0
14001209,'1175983',2234,,1798,50,,,0
14001209,'1176007',1334,,1799,50,,,0
14001209,'1176012',1134,,1800,50,,,0
14001209,'1176069',934,,1801,50,,,0
14001209,'1176070',1234,,1802,50,,,0
14001209,'1176091',1034,,1803,50,,,0
14001209,'1176100',734,,1804,28,,,0
14001209,'1176103',1034,,1805,50,,,0
14001209,'1176117',1234,,1806,50,,,0
14001209,'1176163',1934,,1808,50,,,0
14001209,'1176213',1134,,1809,50,,,0
14001209,'1176217',1634,,1810,50,,,0
14001209,'1176245',1834,,1811,50,,,0
14001209,'1176255',934,,1812,50,,,0
14001209,'1176275',1734,,1813,50,,,0
14001209,'1176323',1204,,1814,50,,,0
14001209,'1176343',1434,,1816,50,,,0
14001209,'1176354',1534,,1817,50,,,0
14001209,'1176378',1334,,1818,50,,,0
14001209,'1176401',804,,1819,50,,,0
14001209,'1176411',2134,,1820,50,,,0
14001209,'1176440',1534,,1821,50,,,0
14001209,'1176458',734,,1822,50,,,0
14001209,'1176470',1634,,1823,50,,,0
14001209,'1176472',1104,,1824,50,,,0
14001209,'1176483',1404,,1825,50,,,0
14001209,'1176488',1734,,1826,50,,,0
14001209,'1176515',2034,,1827,50,,,0
14001209,'1176526',1004,,1828,50,,,0
14001209,'1176532',1304,,1829,50,,,0
14001209,'1176546',2234,,1830,50,,,0
14001209,'1176594',904,,1831,50,,,0
14001209,'1176599',1604,,1832,50,,,0
14001209,'1176626',834,,1833,50,,,0
14001209,'1176676',1434,,1834,50,,,0
