13009,'1175768',1408,,1533,19,0,19 15,0
13009,'1175851',1208,,1534,19,0,19 15,0
13009,'1175875',1308,,1535,19,0,19 15,0
13009,'1175888',1108,,1536,19,0,19 15,0
13009,'1176171',1508,,1538,19,0,19 15,0
13009,'1176184',908,,1539,19,0,19 15,0
13009,'1176223',1608,,1541,19,0,19 15,0
13009,'1176463',1008,,1547,19,0,19 15,0
13009,'1176497',1708,,1548,19,0,19 15,0
19001309,'1175728',859,,1978,51,,,0
19001309,'1175734',1529,,1979,51,,,0
19001309,'1175770',2029,,1980,51,,,0
19001309,'1175816',1829,,1982,51,,,0
19001309,'1175833',1729,,1983,51,,,0
19001309,'1175860',1359,,1984,51,,,0
19001309,'1175862',1129,,1985,51,,,0
19001309,'1175891',1159,,1986,51,,,0
19001309,'1175892',959,,1987,51,,,0
19001309,'1175985',659,,1988,19,,,0
19001309,'1175994',929,,1989,51,,,0
19001309,'1176023',829,,1990,51,,,0
19001309,'1176034',1129,,1991,51,,,0
19001309,'1176044',1429,,1992,51,,,0
19001309,'1176064',1059,,1993,51,,,0
19001309,'1176125',1729,,1994,51,,,0
19001309,'1176139',1229,,1995,51,,,0
19001309,'1176167',2229,,1996,51,,,0
19001309,'1176182',1329,,1997,51,,,0
19001309,'1176185',759,,1998,51,,,0
19001309,'1176187',1329,,1999,51,,,0
19001309,'1176196',1229,,2000,51,,,0
19001309,'1176261',1029,,2001,51,,,0
19001309,'1176277',2129,,2002,51,,,0
19001309,'1176318',1429,,2003,51,,,0
19001309,'1176331',2029,,2004,51,,,0
19001309,'1176338',1929,,2005,51,,,0
19001309,'1176348',1559,,2006,51,,,0
19001309,'1176367',1629,,2007,51,,,0
19001309,'1176387',2229,,2008,51,,,0
19001309,'1176389',829,,2009,51,,,0
19001309,'1176392',729,,2010,51,,,0
19001309,'1176394',1629,,2011,51,,,0
19001309,'1176446',1829,,2012,51,,,0
19001309,'1176462',2129,,2013,51,,,0
19001309,'1176473',1929,,2014,51,,,0
19001309,'1176527',1029,,2015,51,,,0
19001309,'1176539',1659,,2016,51,,,0
19001309,'1176543',1459,,2017,51,,,0
19001309,'1176550',629,,2018,19,,,0
19001309,'1176567',929,,2019,51,,,0
19001309,'1176597',1529,,2020,51,,,0
19001309,'1176614',1259,,2021,51,,,0
19001309,'1176638',1759,,2022,51,,,0
19001309,'1176660',729,,2023,51,,,0
