14001409,'1083698',1535,,294,43,,,0
14001409,'1083768',1933,,295,43,,,0
14001409,'1083799',1833,,296,43,,,0
14001409,'1083819',833,,297,43,,,0
14001409,'1083823',935,,298,43,,,0
14001409,'1083831',835,,299,43,,,0
14001409,'1083885',2133,,300,43,,,0
14001409,'1083889',1035,,301,43,,,0
14001409,'1083899',2035,,302,43,,,0
14001409,'1083923',1635,,303,43,,,0
14001409,'1083934',1005,,304,43,,,0
14001409,'1083938',1705,,305,43,,,0
14001409,'1083962',705,,306,22,,,0
14001409,'1083968',1235,,307,43,,,0
14001409,'1083975',733,,308,22,,,0
14001409,'1083996',1233,,309,43,,,0
14001409,'1083997',1735,,310,43,,,0
14001409,'1084002',1733,,311,43,,,0
14001409,'1084035',1205,,312,43,,,0
14001409,'1084081',633,,313,15,,,0
14001409,'1084095',1333,,314,43,,,0
14001409,'1084114',1435,,316,43,,,0
14001409,'1084134',1433,,317,43,,,0
14001409,'1084143',1335,,318,43,,,0
14001409,'1084149',805,,319,43,,,0
14001409,'1084161',933,,320,43,,,0
14001409,'1084166',2135,,321,43,,,0
14001409,'1084175',2033,,322,43,,,0
14001409,'1084192',1935,,323,43,,,0
14001409,'1084194',2235,,324,43,,,0
14001409,'1084212',1505,,325,43,,,0
14001409,'1084214',735,,326,43,,,0
14001409,'1084230',1405,,327,43,,,0
14001409,'1084248',1805,,328,43,,,0
14001409,'1084250',635,,329,15,,,0
14001409,'1084252',1533,,330,43,,,0
14001409,'1084256',1135,,331,43,,,0
14001409,'1084258',1133,,332,43,,,0
14001409,'1084269',2233,,333,43,,,0
14001409,'1084304',905,,334,43,,,0
14001409,'1084306',1105,,335,43,,,0
14001409,'1084326',1605,,336,43,,,0
14001409,'1084330',1033,,337,43,,,0
14001409,'1084354',1305,,338,43,,,0
14001409,'1084355',1835,,339,43,,,0
14001409,'1084374',1633,,340,43,,,0
