11009,'1142195',1608,,674,25,0,13 14 15,0
11009,'1142199',908,,675,25,0,13 14 15,0
11009,'1142242',1208,,676,25,0,13 14 15,0
11009,'1142268',1408,,677,25,0,13 14 15,0
11009,'1142289',1008,,678,25,0,13 14 15,0
11009,'1142564',1308,,683,25,0,13 14 15,0
11009,'1142626',1708,,684,25,0,13 14 15,0
11009,'1142667',1108,,685,25,0,13 14 15,0
11009,'1142728',1508,,690,25,0,13 14 15,0
19001109,'1142212',1331,,1065,49,,,0
19001109,'1142241',1701,,1066,25,,,0
19001109,'1142263',631,,1072,28,,,0
19001109,'1142345',1231,,1078,49,,,0
19001109,'1142412',1431,,1081,49,,,0
19001109,'1142429',701,,1082,25,,,0
19001109,'1142436',1201,,1083,25,,,0
19001109,'1142503',1431,,1086,49,,,0
19001109,'1142533',1301,,1088,25,,,0
19001109,'1142554',1531,,1091,49,,,0
19001109,'1142579',1601,,1092,25,,,0
19001109,'1142582',1401,,1093,25,,,0
19001109,'1142583',1131,,1094,49,,,0
19001109,'1142588',1231,,1095,49,,,0
19001109,'1142606',1101,,1096,25,,,0
19001109,'1142664',1531,,1098,49,,,0
19001109,'1142729',1501,,1100,25,,,0
19001109,'1142756',1631,,1101,49,,,0
19001109,'1142845',1131,,1106,49,,,0
19001109,'1142860',1331,,1107,49,,,0
19001109,'1142880',1631,,1108,49,,,0
19001109,'1175791',2131,,1347,49,,,0
19001109,'1175792',1931,,1348,49,,,0
19001109,'1175853',1931,,1349,49,,,0
19001109,'1175887',1801,,1350,49,,,0
19001109,'1175950',731,,1351,49,,,0
19001109,'1175987',831,,1352,49,,,0
19001109,'1175992',1831,,1353,49,,,0
19001109,'1176020',731,,1354,49,,,0
19001109,'1176179',1831,,1355,49,,,0
19001109,'1176193',2031,,1356,49,,,0
19001109,'1176227',2131,,1357,49,,,0
19001109,'1176244',1731,,1358,49,,,0
19001109,'1176256',901,,1359,49,,,0
19001109,'1176310',931,,1360,49,,,0
19001109,'1176359',2031,,1361,49,,,0
19001109,'1176413',1001,,1363,49,,,0
19001109,'1176424',1031,,1364,49,,,0
19001109,'1176436',1031,,1365,49,,,0
19001109,'1176437',931,,1366,49,,,0
19001109,'1176477',1731,,1368,49,,,0
19001109,'1176498',801,,1369,49,,,0
19001109,'1176505',2231,,1370,49,,,0
19001109,'1176514',831,,1371,49,,,0
19001109,'1176571',2231,,1372,49,,,0
