19001709,'1142303',1353,,1211,10,,,0
19001709,'1142346',1553,,1214,10,,,0
19001709,'1142490',1153,,1221,10,,,0
19001709,'1142572',1053,,1231,10,,,0
19001709,'1142636',623,,1236,10,,,0
19001709,'1142727',1453,,1242,10,,,0
19001709,'1142751',1253,,1245,10,,,0
19001709,'1175723',923,,1419,43,,,0
19001709,'1175748',953,,1420,43,,,0
19001709,'1175763',1123,,1421,43,,,0
19001709,'1175781',1023,,1422,43,,,0
19001709,'1175795',753,,1423,43,,,0
19001709,'1175819',2123,,1424,43,,,0
19001709,'1175858',1923,,1425,43,,,0
19001709,'1175912',1823,,1427,43,,,0
19001709,'1175946',2123,,1428,43,,,0
19001709,'1176002',1423,,1429,43,,,0
19001709,'1176147',2023,,1431,43,,,0
19001709,'1176151',1523,,1432,43,,,0
19001709,'1176162',1223,,1433,43,,,0
19001709,'1176204',1623,,1434,43,,,0
19001709,'1176288',823,,1435,43,,,0
19001709,'1176339',1723,,1436,43,,,0
19001709,'1176366',723,,1437,43,,,0
19001709,'1176369',1623,,1438,43,,,0
19001709,'1176400',1123,,1439,43,,,0
19001709,'1176416',1923,,1440,43,,,0
19001709,'1176419',923,,1441,43,,,0
19001709,'1176422',1523,,1442,43,,,0
19001709,'1176428',1653,,1443,43,,,0
19001709,'1176461',1753,,1444,43,,,0
19001709,'1176465',2023,,1445,43,,,0
19001709,'1176481',1423,,1447,43,,,0
19001709,'1176493',653,,1448,43,,,0
19001709,'1176540',1023,,1449,43,,,0
19001709,'1176561',1723,,1450,43,,,0
19001709,'1176587',823,,1451,43,,,0
19001709,'1176600',1323,,1452,43,,,0
19001709,'1176606',1323,,1453,43,,,0
19001709,'1176634',723,,1454,43,,,0
19001709,'1176635',853,,1455,43,,,0
19001709,'1176664',1223,,1457,43,,,0
19001709,'1176670',1823,,1458,43,,,0
