11609,'1142182',1156,,587,34,,,0
11609,'1142188',856,,588,34,,,0
11609,'1142280',1456,,589,34,,,0
11609,'1142330',1256,,590,34,,,0
11609,'1142357',1700,,591,35,,,0
11609,'1142358',1656,,592,34,,,0
11609,'1142359',956,,593,34,,,0
11609,'1142385',1456,,594,34,,,0
11609,'1142397',1626,,595,34,,,0
11609,'1142403',1956,,596,34,,,0
11609,'1142411',1356,,597,34,,,0
11609,'1142426',730,,598,35,,,0
11609,'1142442',756,,599,34,,,0
11609,'1142461',2056,,600,34,,,0
11609,'1142466',1256,,601,34,,,0
11609,'1142491',1856,,602,34,,,0
11609,'1142518',700,,603,35,,,0
11609,'1142531',1056,,604,34,,,0
11609,'1142535',2156,,605,34,,,0
11609,'1142546',956,,606,34,,,0
11609,'1142555',1956,,607,34,,,0
11609,'1142578',2056,,608,34,,,0
11609,'1142601',1856,,609,34,,,0
11609,'1142621',1756,,610,34,,,0
11609,'1142652',1556,,611,34,,,0
11609,'1142663',1730,,612,35,,,0
11609,'1142686',856,,613,34,,,0
11609,'1142709',1827,,614,34,,,0
11609,'1142746',1556,,615,34,,,0
11609,'1142763',826,,616,34,,,0
11609,'1142770',2156,,617,34,,,0
11609,'1142774',1156,,618,34,,,0
11609,'1142789',1356,,619,34,,,0
11609,'1142816',1756,,620,34,,,0
11609,'1142826',1056,,621,34,,,0
11609,'1142853',756,,622,34,,,0
11609,'1142863',926,,623,34,,,0
