19001109,'1142212',1300,,1065,20,,,0
19001109,'1142345',1200,,1078,20,,,0
19001109,'1142412',1400,,1081,20,,,0
19001109,'1142503',1400,,1086,20,,,0
19001109,'1142554',1500,,1091,20,,,0
19001109,'1142583',1100,,1094,20,,,0
19001109,'1142588',1200,,1095,20,,,0
19001109,'1142664',1500,,1098,20,,,0
19001109,'1142756',1600,,1101,20,,,0
19001109,'1142845',1100,,1106,20,,,0
19001109,'1142860',1300,,1107,20,,,0
19001109,'1142880',1600,,1108,20,,,0
19001109,'1175791',2059,,1347,20,,,0
19001109,'1175792',1859,,1348,20,,,0
19001109,'1175853',1859,,1349,20,,,0
19001109,'1175887',1729,,1350,20,,,0
19001109,'1175950',659,,1351,20,,,0
19001109,'1175987',759,,1352,20,,,0
19001109,'1175992',1759,,1353,20,,,0
19001109,'1176020',659,,1354,20,,,0
19001109,'1176179',1759,,1355,20,,,0
19001109,'1176193',1959,,1356,20,,,0
19001109,'1176227',2059,,1357,20,,,0
19001109,'1176244',1659,,1358,20,,,0
19001109,'1176256',829,,1359,20,,,0
19001109,'1176310',859,,1360,20,,,0
19001109,'1176359',1959,,1361,20,,,0
19001109,'1176409',2254,,1362,20,0,12,0
19001109,'1176413',929,,1363,20,,,0
19001109,'1176424',959,,1364,20,,,0
19001109,'1176436',959,,1365,20,,,0
19001109,'1176437',859,,1366,20,,,0
19001109,'1176447',2254,,1367,20,0,12,0
19001109,'1176477',1659,,1368,20,,,0
19001109,'1176498',729,,1369,20,,,0
19001109,'1176505',2159,,1370,20,,,0
19001109,'1176514',759,,1371,20,,,0
19001109,'1176571',2159,,1372,20,,,0
19001109,'1176619',1829,,1373,20,0,8 21,0
