20009,'1175726',1139,,1297,8,0,10 11,0
20009,'1175784',1539,,1298,8,0,10 11,0
20009,'1175818',1339,,1299,8,0,10 11,0
20009,'1175944',1739,,1300,8,0,10 11,0
20009,'1175945',1039,,1301,8,0,10 11,0
20009,'1176098',1439,,1302,8,0,10 11,0
20009,'1176169',1639,,1303,8,0,10 11,0
20009,'1176242',939,,1304,8,0,10 11,0
20009,'1176491',1239,,1305,8,0,10 11,0
14001609,'1142224',1323,,1020,10,0,8 21,0
14001609,'1142239',1023,,1022,10,0,8 21,0
14001609,'1142308',1823,,1028,10,0,8 21,0
14001609,'1142473',1123,,1035,10,0,8 21,0
14001609,'1142717',1223,,1051,10,0,8 21,0
14001609,'1142803',923,,1054,10,0,8 21,0
14001609,'1142886',1423,,1060,10,0,8 21,0
14001609,'1175743',653,,1306,10,,,0
14001609,'1175762',753,,1307,10,,,0
14001609,'1175785',953,,1308,10,,,0
14001609,'1175815',723,,1309,10,,,0
14001609,'1175849',853,,1310,10,,,0
14001609,'1175881',853,,1311,10,,,0
14001609,'1175901',1253,,1313,10,,,0
14001609,'1175909',823,,1314,10,,,0
14001609,'1175926',1153,,1315,10,,,0
14001609,'1175981',1723,,1316,10,,,0
14001609,'1176005',2153,,1317,10,,,0
14001609,'1176019',1853,,1318,10,,,0
14001609,'1176030',1353,,1319,10,,,0
14001609,'1176078',1653,,1321,10,,,0
14001609,'1176081',1953,,1322,10,,,0
14001609,'1176129',1453,,1323,10,,,0
14001609,'1176134',2053,,1325,10,,,0
14001609,'1176154',2053,,1326,10,,,0
14001609,'1176172',1553,,1327,10,,,0
14001609,'1176186',1623,,1328,10,,,0
14001609,'1176192',2153,,1329,10,,,0
14001609,'1176206',1253,,1330,10,,,0
14001609,'1176260',1353,,1331,10,,,0
14001609,'1176285',1753,,1332,10,,,0
14001609,'1176332',1753,,1334,10,,,0
14001609,'1176457',1053,,1335,10,,,0
14001609,'1176506',1853,,1336,10,,,0
14001609,'1176531',1953,,1337,10,,,0
14001609,'1176542',1523,,1338,10,,,0
14001609,'1176555',1153,,1339,10,,,0
14001609,'1176566',1053,,1340,10,,,0
14001609,'1176590',953,,1341,10,,,0
14001609,'1176615',1453,,1342,10,,,0
14001609,'1176650',1553,,1343,10,,,0
14001609,'1176683',1653,,1344,10,,,0
14001609,'1176688',753,,1345,10,,,0
