11009,'1175771',1441,,1461,17,,,0
11009,'1175802',1741,,1462,17,,,0
11009,'1176133',1641,,1468,17,,,0
11009,'1176140',1041,,1469,17,,,0
11009,'1176188',1241,,1470,17,,,0
11009,'1176403',1141,,1472,17,,,0
11009,'1176448',941,,1473,17,,,0
11009,'1176583',1541,,1474,17,,,0
11009,'1176618',1341,,1475,17,,,0
11609,'1175716',1145,,1478,13,,,0
11609,'1175732',1545,,1479,13,,,0
11609,'1175756',1345,,1480,13,,,0
11609,'1175773',2045,,1481,13,,,0
11609,'1175832',1815,,1482,13,,,0
11609,'1175843',1445,,1483,13,,,0
11609,'1175850',2145,,1484,13,,,0
11609,'1175868',1245,,1485,13,,,0
11609,'1175918',1645,,1486,13,,,0
11609,'1175942',1745,,1487,13,,,0
11609,'1175949',1715,,1488,13,,,0
11609,'1175954',945,,1489,13,,,0
11609,'1175958',1545,,1490,13,,,0
11609,'1175970',1145,,1491,13,,,0
11609,'1176003',1945,,1492,13,,,0
11609,'1176080',1345,,1493,13,,,0
11609,'1176101',1845,,1494,13,,,0
11609,'1176137',1845,,1495,13,,,0
11609,'1176153',1645,,1496,13,,,0
11609,'1176239',1245,,1497,13,,,0
11609,'1176240',745,,1498,13,,,0
11609,'1176243',645,,1499,13,,,0
11609,'1176254',815,,1500,13,,,0
11609,'1176259',2045,,1501,13,,,0
11609,'1176276',845,,1502,13,,,0
11609,'1176432',715,,1503,13,,,0
11609,'1176433',1615,,1504,13,,,0
11609,'1176442',915,,1505,13,,,0
11609,'1176443',1045,,1506,13,,,0
11609,'1176475',745,,1507,13,,,0
11609,'1176603',1745,,1508,13,,,0
11609,'1176630',2145,,1509,13,,,0
11609,'1176639',1945,,1510,13,,,0
11609,'1176641',1045,,1511,13,,,0
11609,'1176646',945,,1512,13,,,0
11609,'1176652',845,,1513,13,,,0
11609,'1176685',1445,,1514,13,,,0
16009,'1175859',1237,,1588,13,0,16 17 11,0
16009,'1176087',1337,,1589,13,0,16 17 11,0
16009,'1176112',1437,,1590,13,0,16 17 11,0
16009,'1176128',1737,,1591,13,0,16 17 11,0
16009,'1176235',1037,,1593,13,0,16 17 11,0
16009,'1176236',1637,,1594,13,0,16 17 11,0
16009,'1176410',1537,,1599,13,0,16 17 11,0
16009,'1176572',937,,1602,13,0,16 17 11,0
16009,'1176585',1137,,1603,13,0,16 17 11,0
14001009,'1175755',851,,1743,19,,,0
14001009,'1175787',1751,,1744,19,,,0
14001009,'1175798',1751,,1745,19,,,0
14001009,'1175806',1121,,1746,19,0,8 21,0
14001009,'1175825',1551,,1748,19,,,0
14001009,'1175826',1251,,1749,19,,,0
14001009,'1175836',1721,,1750,19,,,0
14001009,'1175840',1951,,1751,19,,,0
14001009,'1175865',1021,,1752,19,0,8 21,0
14001009,'1175890',1951,,1753,19,,,0
14001009,'1175905',2051,,1754,19,,,0
14001009,'1175937',1351,,1755,19,,,0
14001009,'1175943',1651,,1756,19,,,0
14001009,'1175962',2251,,1757,19,0,8 21,0
14001009,'1175995',1051,,1758,19,,,0
14001009,'1176008',721,,1759,19,,,0
14001009,'1176017',751,,1760,19,,,0
14001009,'1176075',1651,,1761,19,,,0
14001009,'1176104',2151,,1762,19,,,0
14001009,'1176141',1251,,1763,19,,,0
14001009,'1176158',1451,,1764,19,,,0
14001009,'1176181',921,,1765,19,0,8 21,0
14001009,'1176198',951,,1766,19,,,0
14001009,'1176208',2151,,1767,19,,,0
14001009,'1176215',1851,,1768,19,,,0
14001009,'1176225',1321,,1769,19,0,8 21,0
14001009,'1176249',1051,,1770,19,,,0
14001009,'1176269',2051,,1771,19,,,0
14001009,'1176278',2251,,1772,19,0,8 21,0
14001009,'1176300',1521,,1773,19,0,8 21,0
14001009,'1176311',951,,1774,19,,,0
14001009,'1176346',821,,1775,19,,,0
14001009,'1176365',851,,1776,19,,,0
14001009,'1176376',1551,,1777,19,,,0
14001009,'1176382',1151,,1778,19,,,0
14001009,'1176449',651,,1779,19,,,0
14001009,'1176452',1221,,1780,19,0,8 21,0
14001009,'1176545',751,,1781,19,,,0
14001009,'1176551',1351,,1782,19,,,0
14001009,'1176579',1621,,1783,19,,,0
14001009,'1176580',1151,,1784,19,,,0
14001009,'1176607',1851,,1785,19,,,0
14001009,'1176612',1821,,1786,19,0,8 21,0
14001009,'1176628',1421,,1787,19,0,8 21,0
14001009,'1176653',1451,,1788,19,,,0
