14001009,'1142143',1420,,875,39,,,0
14001009,'1142178',720,,876,39,,,0
14001009,'1142189',920,,877,39,,,0
14001009,'1142190',750,,878,39,,,0
14001009,'1142194',1520,,879,39,,,0
14001009,'1142216',1020,,880,39,,,0
14001009,'1142231',850,,881,39,,,0
14001009,'1142237',1420,,882,39,,,0
14001009,'1142279',1720,,883,39,,,0
14001009,'1142282',1320,,884,39,,,0
14001009,'1142286',920,,885,39,,,0
14001009,'1142290',2020,,886,39,,,0
14001009,'1142344',2120,,888,39,,,0
14001009,'1142360',1220,,889,39,,,0
14001009,'1142375',1120,,891,39,,,0
14001009,'1142459',1020,,894,39,,,0
14001009,'1142462',1620,,896,39,,,0
14001009,'1142479',1920,,897,39,,,0
14001009,'1142483',1520,,898,39,,,0
14001009,'1142508',1920,,900,39,,,0
14001009,'1142510',1620,,901,39,,,0
14001009,'1142538',1120,,903,39,,,0
14001009,'1142580',1820,,905,39,,,0
14001009,'1142619',2120,,906,39,,,0
14001009,'1142660',1650,,908,39,,,0
14001009,'1142682',820,,909,39,,,0
14001009,'1142715',2020,,910,39,,,0
14001009,'1142724',720,,911,6,,,0
14001009,'1142781',2220,,912,39,,,0
14001009,'1142787',1820,,913,39,,,0
14001009,'1142811',1220,,915,39,,,0
14001009,'1142812',1750,,916,39,,,0
14001009,'1142840',820,,917,39,,,0
14001009,'1142842',2220,,918,39,,,0
14001009,'1142843',1320,,919,39,,,0
14001009,'1142861',1720,,920,39,,,0
