15009,'1175719',1706,,1569,14,0,20 15,0
15009,'1175730',1506,,1570,14,0,20 15,0
15009,'1175737',1306,,1571,14,0,20 15,0
15009,'1175828',1406,,1572,14,0,20 15,0
15009,'1175835',1006,,1573,14,0,20 15,0
15009,'1176048',1206,,1578,14,0,20 15,0
15009,'1176230',1606,,1580,14,0,20 15,0
15009,'1176301',906,,1582,14,0,20 15,0
15009,'1176568',1106,,1584,14,0,20 15,0
30009,'1178822',1355,,2122,11,0,23 24 2 26,0
30009,'1178823',755,,2123,11,0,23 24 2 26,0
30009,'1178824',855,,2124,11,0,23 24 2 26,0
30009,'1178825',1455,,2125,11,0,23 24 2 26,0
30009,'1178832',1025,,2132,11,0,8 9 2 26,0
30009,'1178833',955,,2133,11,0,23 24 2 26,0
30009,'1178834',825,,2134,11,0,23 24 2 26,0
30009,'1178837',1755,,2137,11,0,23 24 2 26,0
30009,'1178839',1155,,2139,11,0,23 24 2 26,0
30009,'1178842',1255,,2142,11,0,23 24 2 26,0
30009,'1178844',725,,2144,11,0,23 24 2 26,0
30009,'1178849',1725,,2149,11,0,23 24 2 26,0
30009,'1178850',955,,2150,11,0,23 24 2 26,0
30009,'1178851',855,,2151,11,0,23 24 2 26,0
30009,'1178853',1955,,2153,11,0,23 24 2 26,0
30009,'1178855',1455,,2155,11,0,23 24 2 26,0
30009,'1178856',2055,,2156,11,0,23 24 2 26,0
30009,'1178858',1855,,2158,11,0,23 24 2 26,0
30009,'1178859',1555,,2159,11,0,23 24 2 26,0
30009,'1178862',1755,,2162,11,0,23 24 2 26,0
30009,'1178864',1055,,2164,11,0,23 24 2 26,0
30009,'1178866',2155,,2166,11,0,8 9 2 26,0
30009,'1178867',2055,,2167,11,0,23 24 2 26,0
30009,'1178870',1855,,2170,11,0,23 24 2 26,0
30009,'1178872',1355,,2172,11,0,23 24 2 26,0
30009,'1178875',1155,,2175,11,0,23 24 2 26,0
30009,'1178877',1955,,2177,11,0,23 24 2 26,0
30009,'1178878',1625,,2178,11,0,23 24 2 26,0
30009,'1178879',1555,,2179,11,0,23 24 2 26,0
30009,'1178888',1055,,2188,11,0,23 24 2 26,0
30009,'1178889',1255,,2189,11,0,23 24 2 26,0
30009,'1178890',925,,2190,11,0,23 24 2 26,0
30009,'1178891',2155,,2191,11,0,8 9 2 26,0
30009,'1178892',1655,,2192,11,0,23 24 2 26,0
30009,'1178894',755,,2194,11,0,23 24 2 26,0
30009,'1178900',1825,,2200,11,0,8 9 2 26,0
30009,'1178901',1655,,2201,11,0,23 24 2 26,0
19001509,'1175715',2128,,2024,39,,,0
19001509,'1175729',1028,,2025,39,,,0
19001509,'1175740',828,,2027,39,,,0
19001509,'1175741',1328,,2028,39,,,0
19001509,'1175778',1758,,2031,39,,,0
19001509,'1175793',1828,,2032,39,,,0
19001509,'1175801',828,,2033,39,,,0
19001509,'1175845',1358,,2034,39,,,0
19001509,'1175897',1458,,2035,39,,,0
19001509,'1175899',1228,,2036,39,,,0
19001509,'1175907',958,,2037,39,,,0
19001509,'1175925',1628,,2038,39,,,0
19001509,'1175932',1528,,2039,39,,,0
19001509,'1175953',1558,,2040,39,,,0
19001509,'1175965',658,,2041,14,,,0
19001509,'1175967',1058,,2042,39,,,0
19001509,'1175996',1658,,2043,39,,,0
19001509,'1176000',928,,2044,39,,,0
19001509,'1176049',1728,,2045,39,,,0
19001509,'1176055',1928,,2046,39,,,0
19001509,'1176057',1028,,2047,39,,,0
19001509,'1176073',758,,2048,39,,,0
19001509,'1176074',728,,2049,39,,,0
19001509,'1176085',1928,,2050,39,,,0
19001509,'1176090',2128,,2051,39,,,0
19001509,'1176092',1128,,2052,39,,,0
19001509,'1176093',928,,2053,39,,,0
19001509,'1176105',2028,,2054,39,,,0
19001509,'1176238',1528,,2055,39,,,0
19001509,'1176266',1158,,2056,39,,,0
19001509,'1176293',1428,,2057,39,,,0
19001509,'1176328',1258,,2058,39,,,0
19001509,'1176335',2028,,2059,39,,,0
19001509,'1176355',1628,,2061,39,,,0
19001509,'1176358',1328,,2062,39,,,0
19001509,'1176362',1828,,2063,39,,,0
19001509,'1176426',1128,,2064,39,,,0
19001509,'1176450',628,,2066,14,,,0
19001509,'1176496',1428,,2067,39,,,0
19001509,'1176536',728,,2068,39,,,0
19001509,'1176537',858,,2069,39,,,0
19001509,'1176684',1728,,2070,39,,,0
19001509,'1176689',1228,,2071,39,,,0
