14009,'1083726',1629,,92,10,,,0
14009,'1083733',1229,,93,10,,,0
14009,'1083894',929,,95,10,,,0
14009,'1083982',1429,,98,10,,,0
14009,'1084115',1529,,100,10,,,0
14009,'1084147',1129,,101,10,,,0
14009,'1084174',1029,,104,10,,,0
14009,'1084272',1729,,105,10,,,0
14009,'1084375',1329,,109,10,,,0
19001509,'1083702',1420,,487,9,,,0
19001509,'1083710',1550,,488,9,,,0
19001509,'1083729',1150,,489,9,,,0
19001509,'1083731',820,,490,9,,,0
19001509,'1083760',1950,,491,9,,,0
19001509,'1083772',750,,492,9,,,0
19001509,'1083789',1520,,493,9,,,0
19001509,'1083800',2050,,494,9,,,0
19001509,'1083805',1220,,495,9,,,0
19001509,'1083822',1320,,496,9,,,0
19001509,'1083829',1750,,497,9,,,0
19001509,'1083830',1350,,498,9,,,0
19001509,'1083852',2150,,499,9,0,12,0
19001509,'1083856',1850,,500,9,,,0
19001509,'1083862',1550,,501,9,,,0
19001509,'1083872',1050,,502,9,,,0
19001509,'1083875',2250,,503,9,0,12,0
19001509,'1083878',920,,504,9,,,0
19001509,'1083886',950,,505,9,,,0
19001509,'1083890',1150,,506,9,,,0
19001509,'1083898',1650,,507,9,,,0
19001509,'1083964',1720,,509,9,,,0
19001509,'1084023',650,,510,9,,,0
19001509,'1084031',650,,511,9,,,0
19001509,'1084038',1020,,512,9,,,0
19001509,'1084062',1750,,513,9,,,0
19001509,'1084080',1950,,514,9,,,0
19001509,'1084094',2050,,515,9,,,0
19001509,'1084116',1350,,516,9,,,0
19001509,'1084135',720,,517,9,,,0
19001509,'1084184',1250,,518,9,,,0
19001509,'1084188',1050,,519,9,,,0
19001509,'1084197',1850,,520,9,,,0
19001509,'1084202',1450,,521,9,,,0
19001509,'1084225',750,,522,9,,,0
19001509,'1084228',1450,,523,9,,,0
19001509,'1084234',1820,,524,9,0,12,0
19001509,'1084246',1120,,525,9,,,0
19001509,'1084266',850,,526,9,,,0
19001509,'1084275',2150,,527,9,0,12,0
19001509,'1084278',2250,,528,9,0,12,0
19001509,'1084332',1620,,530,9,,,0
19001509,'1084358',1650,,531,9,,,0
19001509,'1084364',850,,532,9,,,0
19001509,'1084377',950,,533,9,,,0
19001509,'1084382',1250,,534,9,,,0
