11009,'1175720',1159,,1460,7,0,13 14 15,0
11009,'1175910',859,,1463,7,0,13 14 15,0
11009,'1175948',1659,,1464,7,0,13 14 15,0
11009,'1176063',1459,,1465,7,0,13 14 15,0
11009,'1176079',1359,,1466,7,0,13 14 15,0
11009,'1176108',959,,1467,7,0,13 14 15,0
11009,'1176321',1059,,1471,7,0,13 14 15,0
11009,'1176658',1559,,1476,7,0,13 14 15,0
11009,'1176675',1259,,1477,7,0,13 14 15,0
16009,'1175714',1301,,1587,9,,,0
16009,'1176136',1001,,1592,9,,,0
16009,'1176272',1401,,1595,9,,,0
16009,'1176282',901,,1596,9,,,0
16009,'1176290',1701,,1597,9,,,0
16009,'1176390',1201,,1598,9,,,0
16009,'1176528',1501,,1600,9,,,0
16009,'1176535',1601,,1601,9,,,0
16009,'1176682',1101,,1604,9,,,0
21609,'1175813',1921,,1624,9,,,0
21609,'1175831',721,,1625,9,,,0
21609,'1175857',1651,,1626,9,,,0
21609,'1175869',1721,,1627,9,,,0
21609,'1175916',1551,,1628,9,,,0
21609,'1175929',1321,,1629,9,,,0
21609,'1175966',1721,,1630,9,,,0
21609,'1175997',2121,,1631,9,,,0
21609,'1175998',921,,1632,9,,,0
21609,'1176028',1021,,1633,9,,,0
21609,'1176037',1821,,1634,9,,,0
21609,'1176041',1821,,1635,9,,,0
21609,'1176046',721,,1636,9,,,0
21609,'1176054',1621,,1637,9,,,0
21609,'1176067',651,,1638,9,,,0
21609,'1176111',1121,,1639,9,,,0
21609,'1176200',1421,,1640,9,,,0
21609,'1176207',2121,,1641,9,,,0
21609,'1176218',1121,,1642,9,,,0
21609,'1176289',1021,,1643,9,,,0
21609,'1176352',1221,,1644,9,,,0
21609,'1176395',1921,,1645,9,,,0
21609,'1176414',2021,,1646,9,,,0
21609,'1176430',1751,,1647,9,,,0
21609,'1176454',1621,,1648,9,,,0
21609,'1176460',821,,1649,9,,,0
21609,'1176467',1521,,1650,9,,,0
21609,'1176534',621,,1651,9,,,0
21609,'1176553',1221,,1652,9,,,0
21609,'1176576',921,,1653,9,,,0
21609,'1176651',821,,1654,9,,,0
21609,'1176656',1521,,1655,9,,,0
21609,'1176659',1421,,1656,9,,,0
21609,'1176663',1321,,1657,9,,,0
21609,'1176665',851,,1658,9,,,0
21609,'1176686',2021,,1659,9,,,0
21609,'1176690',751,,1660,9,,,0
19001109,'1175757',2219,,1930,31,,,0
19001109,'1175788',1819,,1931,31,,,0
19001109,'1175797',1419,,1932,31,,,0
19001109,'1175800',1019,,1933,31,,,0
19001109,'1175811',1549,,1934,7,,,0
19001109,'1175846',1919,,1935,31,,,0
19001109,'1175854',1049,,1936,7,,,0
19001109,'1175866',1749,,1937,31,,,0
19001109,'1175889',1319,,1939,31,,,0
19001109,'1175960',1249,,1940,7,,,0
19001109,'1175990',1219,,1942,31,,,0
19001109,'1176025',619,,1943,10,,,0
19001109,'1176026',1319,,1944,31,,,0
19001109,'1176076',649,,1945,7,,,0
19001109,'1176086',1019,,1946,31,,,0
19001109,'1176114',919,,1947,31,,,0
19001109,'1176152',749,,1948,31,,,0
19001109,'1176229',2219,,1949,31,,,0
19001109,'1176246',819,,1950,31,,,0
19001109,'1176315',719,,1951,31,,,0
19001109,'1176316',1219,,1952,31,,,0
19001109,'1176317',1719,,1953,31,,,0
19001109,'1176322',949,,1954,31,,,0
19001109,'1176337',2019,,1955,31,,,0
19001109,'1176344',1619,,1956,31,,,0
19001109,'1176353',1619,,1957,31,,,0
19001109,'1176386',719,,1958,31,,,0
19001109,'1176406',1449,,1959,7,,,0
19001109,'1176429',1349,,1960,7,,,0
19001109,'1176444',1919,,1961,31,,,0
19001109,'1176445',2119,,1962,31,,,0
19001109,'1176478',1819,,1963,31,,,0
19001109,'1176517',1519,,1965,31,,,0
19001109,'1176557',919,,1966,31,,,0
19001109,'1176559',2019,,1967,31,,,0
19001109,'1176563',849,,1968,31,,,0
19001109,'1176570',1519,,1969,31,,,0
19001109,'1176581',1149,,1970,7,,,0
19001109,'1176586',1649,,1971,7,,,0
19001109,'1176595',1719,,1972,31,,,0
19001109,'1176605',1119,,1973,31,,,0
19001109,'1176616',1119,,1974,31,,,0
19001109,'1176620',819,,1975,31,,,0
19001109,'1176668',2119,,1976,31,,,0
19001109,'1176674',1419,,1977,31,,,0
