11609,'1142131',1629,,692,35,,,0
11609,'1142167',959,,693,35,,,0
11609,'1142222',1259,,694,35,,,0
11609,'1142226',2059,,695,35,,,0
11609,'1142297',1259,,696,35,,,0
11609,'1142329',1059,,697,35,,,0
11609,'1142334',1831,,698,35,,,0
11609,'1142336',1759,,699,35,,,0
11609,'1142364',1759,,700,35,,,0
11609,'1142388',1359,,701,35,,,0
11609,'1142390',1159,,702,35,,,0
11609,'1142392',929,,703,35,,,0
11609,'1142399',2059,,704,35,,,0
11609,'1142441',2159,,705,35,,,0
11609,'1142450',1959,,706,35,,,0
11609,'1142454',1559,,707,35,,,0
11609,'1142465',731,,708,36,,,0
11609,'1142475',859,,709,35,,,0
11609,'1142493',1701,,710,36,,,0
11609,'1142497',1559,,711,35,,,0
11609,'1142504',1859,,712,35,,,0
11609,'1142519',701,,713,36,,,0
11609,'1142524',1359,,714,35,,,0
11609,'1142530',1159,,715,35,,,0
11609,'1142561',759,,716,35,,,0
11609,'1142586',1459,,717,35,,,0
11609,'1142593',1959,,718,35,,,0
11609,'1142599',1859,,719,35,,,0
11609,'1142608',1459,,720,35,,,0
11609,'1142624',759,,721,35,,,0
11609,'1142649',1059,,722,35,,,0
11609,'1142676',1659,,723,35,,,0
11609,'1142697',829,,724,35,,,0
11609,'1142702',959,,725,35,,,0
11609,'1142719',859,,726,35,,,0
11609,'1142857',1731,,727,36,,,0
11609,'1142878',2159,,728,35,,,0
16009,'1175738',1746,,1279,34,0,16 17 11,0
16009,'1175765',946,,1280,34,0,16 17 11,0
16009,'1175829',1646,,1281,34,0,16 17 11,0
16009,'1176127',1446,,1287,34,0,16 17 11,0
16009,'1176157',1546,,1288,34,0,16 17 11,0
16009,'1176159',1346,,1289,34,0,16 17 11,0
16009,'1176183',1146,,1290,34,0,16 17 11,0
16009,'1176302',1246,,1292,34,0,16 17 11,0
16009,'1176523',1046,,1294,34,0,16 17 11,0
