14009,'1175724',1459,,1551,34,0,5 6 22,0
14009,'1175759',1259,,1552,34,0,5 6 22,0
14009,'1175767',1359,,1553,34,0,5 6 22,0
14009,'1175834',1559,,1557,34,0,5 6 22,0
14009,'1176178',1059,,1560,34,0,5 6 22,0
14009,'1176234',1812,,1561,34,0,5 6 22,0
14009,'1176418',1159,,1564,34,0,5 6 22,0
14009,'1176613',1659,,1566,34,0,5 6 22,0
14009,'1176636',959,,1567,34,0,5 6 22,0
14001009,'1175755',929,,1743,49,,,0
14001009,'1175787',1829,,1744,49,,,0
14001009,'1175798',1829,,1745,49,,,0
14001009,'1175810',729,,1747,16,,,0
14001009,'1175825',1629,,1748,49,,,0
14001009,'1175826',1325,,1749,50,,,0
14001009,'1175836',1759,,1750,49,,,0
14001009,'1175840',2029,,1751,49,,,0
14001009,'1175890',2029,,1753,49,,,0
14001009,'1175905',2129,,1754,49,,,0
14001009,'1175937',1425,,1755,50,,,0
14001009,'1175943',1729,,1756,49,,,0
14001009,'1175995',1125,,1758,50,,,0
14001009,'1176008',759,,1759,49,,,0
14001009,'1176017',829,,1760,49,,,0
14001009,'1176075',1729,,1761,49,,,0
14001009,'1176104',2229,,1762,49,,,0
14001009,'1176141',1328,,1763,50,,,0
14001009,'1176158',1528,,1764,50,,,0
14001009,'1176198',1028,,1766,50,,,0
14001009,'1176208',2229,,1767,49,,,0
14001009,'1176215',1929,,1768,49,,,0
14001009,'1176249',1128,,1770,50,,,0
14001009,'1176269',2129,,1771,49,,,0
14001009,'1176311',1025,,1774,50,,,0
14001009,'1176346',859,,1775,49,,,0
14001009,'1176365',929,,1776,49,,,0
14001009,'1176376',1629,,1777,49,,,0
14001009,'1176382',1225,,1778,50,,,0
14001009,'1176449',729,,1779,49,,,0
14001009,'1176545',829,,1781,49,,,0
14001009,'1176551',1428,,1782,50,,,0
14001009,'1176579',1659,,1783,49,,,0
14001009,'1176580',1228,,1784,50,,,0
14001009,'1176607',1929,,1785,49,,,0
14001009,'1176653',1525,,1788,50,,,0
