14001209,'1142139',1333,,921,22,,,0
14001209,'1142151',1203,,922,22,,,0
14001209,'1142158',1533,,923,22,,,0
14001209,'1142168',1433,,924,22,,,0
14001209,'1142228',1403,,925,22,,,0
14001209,'1142235',1103,,926,22,,,0
14001209,'1142256',1233,,927,22,,,0
14001209,'1142291',1703,,928,22,,,0
14001209,'1142293',1633,,929,22,,,0
14001209,'1142309',1033,,930,22,,,0
14001209,'1142370',803,,931,22,,,0
14001209,'1142374',2303,,932,22,0,8 21,0
14001209,'1142423',1133,,933,22,,,0
14001209,'1142439',803,,934,22,,,0
14001209,'1142486',833,,935,22,,,0
14001209,'1142509',1503,,936,22,,,0
14001209,'1142542',1903,,937,22,,,0
14001209,'1142545',1103,,938,22,,,0
14001209,'1142567',1003,,939,22,,,0
14001209,'1142571',1703,,940,22,,,0
14001209,'1142573',1303,,941,22,,,0
14001209,'1142591',1803,,942,22,,,0
14001209,'1142598',903,,943,22,,,0
14001209,'1142600',733,,944,22,,,0
14001209,'1142650',2203,,945,22,,,0
14001209,'1142656',1833,,946,22,0,8 21,0
14001209,'1142691',1803,,947,22,,,0
14001209,'1142694',1303,,948,22,,,0
14001209,'1142710',2203,,949,22,,,0
14001209,'1142742',703,,951,22,,,0
14001209,'1142760',933,,952,22,,,0
14001209,'1142766',1203,,953,22,,,0
14001209,'1142771',1733,,954,22,,,0
14001209,'1142778',1603,,955,22,,,0
14001209,'1142786',2103,,956,22,,,0
14001209,'1142797',2003,,957,22,,,0
14001209,'1142806',1403,,958,22,,,0
14001209,'1142815',2303,,959,22,0,8 21,0
14001209,'1142817',1603,,960,22,,,0
14001209,'1142820',1903,,961,22,,,0
14001209,'1142837',903,,962,22,,,0
14001209,'1142854',1003,,963,22,,,0
14001209,'1142855',2103,,964,22,,,0
14001209,'1142858',1503,,965,22,,,0
14001209,'1142869',2003,,966,22,,,0
19001109,'1142212',1306,,1065,24,,,0
19001109,'1142263',612,,1072,3,,,0
19001109,'1142345',1206,,1078,24,,,0
19001109,'1142412',1406,,1081,24,,,0
19001109,'1142503',1406,,1086,24,,,0
19001109,'1142554',1506,,1091,24,,,0
19001109,'1142583',1106,,1094,24,,,0
19001109,'1142588',1206,,1095,24,,,0
19001109,'1142664',1506,,1098,24,,,0
19001109,'1142756',1606,,1101,24,,,0
19001109,'1142845',1106,,1106,24,,,0
19001109,'1142860',1306,,1107,24,,,0
19001109,'1142880',1606,,1108,24,,,0
19001109,'1175791',2108,,1347,24,,,0
19001109,'1175792',1908,,1348,24,,,0
19001109,'1175853',1908,,1349,24,,,0
19001109,'1175887',1738,,1350,24,,,0
19001109,'1175950',708,,1351,24,,,0
19001109,'1175987',808,,1352,24,,,0
19001109,'1175992',1808,,1353,24,,,0
19001109,'1176020',708,,1354,24,,,0
19001109,'1176179',1808,,1355,24,,,0
19001109,'1176193',2008,,1356,24,,,0
19001109,'1176227',2108,,1357,24,,,0
19001109,'1176244',1708,,1358,24,,,0
19001109,'1176256',838,,1359,24,,,0
19001109,'1176310',908,,1360,24,,,0
19001109,'1176359',2008,,1361,24,,,0
19001109,'1176413',938,,1363,24,,,0
19001109,'1176424',1008,,1364,24,,,0
19001109,'1176436',1008,,1365,24,,,0
19001109,'1176437',908,,1366,24,,,0
19001109,'1176477',1708,,1368,24,,,0
19001109,'1176498',738,,1369,24,,,0
19001109,'1176505',2208,,1370,24,,,0
19001109,'1176514',808,,1371,24,,,0
19001109,'1176571',2208,,1372,24,,,0
19001109,'1176619',1838,,1373,24,0,8 21,0
19001309,'1142849',1838,,1152,32,0,8 21,0
19001309,'1175725',708,,1374,32,,,0
19001309,'1175746',1308,,1375,32,,,0
19001309,'1175750',2208,,1376,32,,,0
19001309,'1175772',2108,,1378,32,,,0
19001309,'1175824',2008,,1379,32,,,0
19001309,'1175844',708,,1380,32,,,0
19001309,'1175930',1808,,1381,32,,,0
19001309,'1175941',1508,,1382,32,,,0
19001309,'1175974',1638,,1383,32,,,0
19001309,'1176027',1208,,1384,32,,,0
19001309,'1176051',1338,,1385,32,,,0
19001309,'1176056',1538,,1386,32,,,0
19001309,'1176072',908,,1387,32,,,0
19001309,'1176088',838,,1388,32,,,0
19001309,'1176113',1008,,1389,32,,,0
19001309,'1176123',1508,,1390,32,,,0
19001309,'1176150',1708,,1391,32,,,0
19001309,'1176155',1738,,1392,32,,,0
19001309,'1176191',1908,,1393,32,,,0
19001309,'1176203',2008,,1394,32,,,0
19001309,'1176205',808,,1395,32,,,0
19001309,'1176216',738,,1396,32,,,0
19001309,'1176219',1608,,1397,32,,,0
19001309,'1176231',1308,,1398,32,,,0
19001309,'1176237',1208,,1399,32,,,0
19001309,'1176251',908,,1400,32,,,0
19001309,'1176267',1908,,1401,32,,,0
19001309,'1176327',2208,,1403,32,,,0
19001309,'1176330',1108,,1404,32,,,0
19001309,'1176347',1408,,1405,32,,,0
19001309,'1176350',1408,,1406,32,,,0
19001309,'1176372',938,,1407,32,,,0
19001309,'1176377',2108,,1408,32,,,0
19001309,'1176385',1008,,1409,32,,,0
19001309,'1176484',1608,,1410,32,,,0
19001309,'1176487',1238,,1411,32,,,0
19001309,'1176502',1438,,1412,32,,,0
19001309,'1176565',1108,,1413,32,,,0
19001309,'1176609',1708,,1414,32,,,0
19001309,'1176622',1808,,1415,32,,,0
19001309,'1176667',808,,1416,32,,,0
19001309,'1176691',1138,,1417,32,,,0
19001309,'1176694',1038,,1418,32,,,0
19001509,'1142133',1704,,1156,25,,,0
19001509,'1142153',704,,1158,25,,,0
19001509,'1142160',1004,,1159,25,,,0
19001509,'1142170',1504,,1160,25,,,0
19001509,'1142181',704,,1161,25,,,0
19001509,'1142183',1604,,1162,25,,,0
19001509,'1142185',1504,,1163,25,,,0
19001509,'1142201',834,,1164,25,,,0
19001509,'1142204',1304,,1165,25,,,0
19001509,'1142217',1104,,1167,25,,,0
19001509,'1142250',2104,,1168,25,,,0
19001509,'1142261',1234,,1169,25,,,0
19001509,'1142284',1034,,1170,25,,,0
19001509,'1142302',1804,,1172,25,,,0
19001509,'1142304',1834,,1173,25,0,12,0
19001509,'1142318',934,,1174,25,,,0
19001509,'1142351',2004,,1175,25,,,0
19001509,'1142376',1804,,1176,25,,,0
19001509,'1142422',1204,,1177,25,,,0
19001509,'1142427',804,,1178,25,,,0
19001509,'1142428',1634,,1179,25,,,0
19001509,'1142440',1304,,1180,25,,,0
19001509,'1142443',2004,,1181,25,,,0
19001509,'1142474',734,,1182,25,,,0
19001509,'1142476',1334,,1183,25,,,0
19001509,'1142512',1134,,1184,25,,,0
19001509,'1142514',1604,,1185,25,,,0
19001509,'1142587',1734,,1187,25,,,0
19001509,'1142615',1904,,1188,25,,,0
19001509,'1142630',1904,,1189,25,,,0
19001509,'1142653',1704,,1190,25,,,0
19001509,'1142655',904,,1191,25,,,0
19001509,'1142675',804,,1192,25,,,0
19001509,'1142725',1534,,1194,25,,,0
19001509,'1142736',1404,,1195,25,,,0
19001509,'1142755',1104,,1196,25,,,0
19001509,'1142799',1434,,1198,25,,,0
19001509,'1142808',2104,,1199,25,,,0
19001509,'1142818',1204,,1200,25,,,0
19001509,'1142823',1404,,1201,25,,,0
19001509,'1142868',904,,1202,25,,,0
19001509,'1142879',1004,,1203,25,,,0
19001709,'1175723',904,,1419,33,,,0
19001709,'1175748',934,,1420,33,,,0
19001709,'1175763',1104,,1421,33,,,0
19001709,'1175781',1004,,1422,33,,,0
19001709,'1175795',734,,1423,33,,,0
19001709,'1175819',2104,,1424,33,,,0
19001709,'1175858',1904,,1425,33,,,0
19001709,'1175872',2204,,1426,33,0,8 21,0
19001709,'1175912',1804,,1427,33,,,0
19001709,'1175946',2104,,1428,33,,,0
19001709,'1176002',1404,,1429,33,,,0
19001709,'1176024',2204,,1430,33,0,8 21,0
19001709,'1176147',2004,,1431,33,,,0
19001709,'1176151',1504,,1432,33,,,0
19001709,'1176162',1204,,1433,33,,,0
19001709,'1176204',1604,,1434,33,,,0
19001709,'1176288',804,,1435,33,,,0
19001709,'1176339',1704,,1436,33,,,0
19001709,'1176366',704,,1437,33,,,0
19001709,'1176369',1604,,1438,33,,,0
19001709,'1176400',1104,,1439,33,,,0
19001709,'1176416',1904,,1440,33,,,0
19001709,'1176419',904,,1441,33,,,0
19001709,'1176422',1504,,1442,33,,,0
19001709,'1176428',1634,,1443,33,,,0
19001709,'1176461',1734,,1444,33,,,0
19001709,'1176465',2004,,1445,33,,,0
19001709,'1176466',2304,,1446,33,0,8 21,0
19001709,'1176481',1404,,1447,33,,,0
19001709,'1176493',634,,1448,33,,,0
19001709,'1176540',1004,,1449,33,,,0
19001709,'1176561',1704,,1450,33,,,0
19001709,'1176587',804,,1451,33,,,0
19001709,'1176600',1304,,1452,33,,,0
19001709,'1176606',1304,,1453,33,,,0
19001709,'1176634',704,,1454,33,,,0
19001709,'1176635',834,,1455,33,,,0
19001709,'1176654',1834,,1456,33,0,8 21,0
19001709,'1176664',1204,,1457,33,,,0
19001709,'1176670',1804,,1458,33,,,0
19001709,'1176677',2304,,1459,33,0,8 21,0
