30009,'1175731',1704,,1663,16,,,0
30009,'1175895',1804,,1675,16,,,0
30009,'1175903',1504,,1676,16,,,0
30009,'1175906',1404,,1677,16,,,0
30009,'1175920',904,,1679,16,,,0
30009,'1175956',1204,,1681,16,,,0
30009,'1175968',1004,,1684,16,,,0
30009,'1176011',1504,,1687,16,,,0
30009,'1176018',934,,1688,16,,,0
30009,'1176021',1304,,1689,16,,,0
30009,'1176022',734,,1690,16,,,0
30009,'1176029',1004,,1691,16,,,0
30009,'1176062',1104,,1694,16,,,0
30009,'1176077',1104,,1695,16,,,0
30009,'1176102',1204,,1696,16,,,0
30009,'1176164',2004,,1700,16,,,0
30009,'1176165',2104,,1701,16,,,0
30009,'1176189',1804,,1704,16,,,0
30009,'1176197',834,,1705,16,,,0
30009,'1176210',2204,,1706,16,0,8 21,0
30009,'1176212',1404,,1707,16,,,0
30009,'1176214',1704,,1708,16,,,0
30009,'1176220',1034,,1709,16,0,8 21,0
30009,'1176253',1604,,1712,16,,,0
30009,'1176298',1604,,1714,16,,,0
30009,'1176304',1304,,1715,16,,,0
30009,'1176325',1634,,1716,16,,,0
30009,'1176329',1834,,1717,16,0,8 21,0
30009,'1176363',904,,1719,16,,,0
30009,'1176397',2204,,1721,16,0,8 21,0
30009,'1176439',2104,,1725,16,,,0
30009,'1176451',804,,1726,16,,,0
30009,'1176455',804,,1727,16,,,0
30009,'1176560',1904,,1737,16,,,0
30009,'1176569',1734,,1738,16,,,0
30009,'1176582',2004,,1739,16,,,0
30009,'1176588',1904,,1740,16,,,0
