12009,'1175745',1528,,1515,19,,,0
12009,'1175747',1428,,1516,19,,,0
12009,'1175827',1128,,1517,19,,,0
12009,'1175839',1728,,1518,19,,,0
12009,'1176031',1028,,1523,19,,,0
12009,'1176149',1228,,1525,19,,,0
12009,'1176417',1328,,1527,19,,,0
12009,'1176471',1628,,1529,19,,,0
12009,'1176692',928,,1532,19,,,0
19001709,'1175717',1454,,2072,20,,,0
19001709,'1175742',1054,,2073,20,,,0
19001709,'1175751',1054,,2074,20,,,0
19001709,'1175789',654,,2076,20,,,0
19001709,'1175830',1954,,2077,20,,,0
19001709,'1175877',1154,,2078,20,,,0
19001709,'1175947',1654,,2079,20,,,0
19001709,'1175951',724,,2080,20,,,0
19001709,'1175978',754,,2081,20,,,0
19001709,'1176042',1654,,2082,20,,,0
19001709,'1176052',2154,,2083,20,0,8 21,0
19001709,'1176058',1454,,2084,20,,,0
19001709,'1176065',1554,,2085,20,,,0
19001709,'1176099',1354,,2086,20,,,0
19001709,'1176119',1754,,2088,20,,,0
19001709,'1176120',1854,,2089,20,,,0
19001709,'1176124',2254,,2090,20,0,8 21,0
19001709,'1176130',1254,,2091,20,,,0
19001709,'1176156',1954,,2092,20,,,0
19001709,'1176161',1354,,2093,20,,,0
19001709,'1176166',924,,2094,20,,,0
19001709,'1176201',854,,2095,20,,,0
19001709,'1176252',824,,2097,20,,,0
19001709,'1176273',954,,2099,20,,,0
19001709,'1176303',1624,,2101,20,,,0
19001709,'1176312',1724,,2102,20,,,0
19001709,'1176349',1854,,2103,20,,,0
19001709,'1176415',754,,2105,20,,,0
19001709,'1176420',1154,,2106,20,,,0
19001709,'1176468',2154,,2107,20,0,8 21,0
19001709,'1176482',1254,,2108,20,,,0
19001709,'1176513',654,,2109,20,,,0
19001709,'1176554',1754,,2111,20,,,0
19001709,'1176592',624,,2112,20,,,0
19001709,'1176601',1554,,2113,20,,,0
19001709,'1176617',2054,,2114,20,,,0
19001709,'1176629',954,,2115,20,,,0
19001709,'1176637',854,,2116,20,,,0
19001709,'1176640',1824,,2117,20,0,8 21,0
19001709,'1176655',2054,,2118,20,,,0
19001709,'1176661',2254,,2119,20,0,8 21,0
