15009,'1175719',1726,,1569,31,0,20 15,0
15009,'1175730',1526,,1570,31,0,20 15,0
15009,'1175737',1326,,1571,31,0,20 15,0
15009,'1175828',1426,,1572,31,0,20 15,0
15009,'1175835',1026,,1573,31,0,20 15,0
15009,'1176048',1226,,1578,31,0,20 15,0
15009,'1176230',1626,,1580,31,0,20 15,0
15009,'1176301',926,,1582,31,0,20 15,0
15009,'1176568',1126,,1584,31,0,20 15,0
30009,'1178820',1705,,2120,14,0,23 24 2 25,0
30009,'1178826',1535,,2126,14,0,23 24 2 25,0
30009,'1178827',1035,,2127,14,0,23 24 2 25,0
30009,'1178828',1035,,2128,14,0,23 24 2 25,0
30009,'1178829',705,,2129,13,0,23 24 2 25,0
30009,'1178830',1005,,2130,14,0,23 24 2 25,0
30009,'1178831',735,,2131,13,0,23 24 2 25,0
30009,'1178835',935,,2135,14,0,23 24 2 25,0
30009,'1178836',1835,,2136,14,0,23 24 2 25,0
30009,'1178840',2035,,2140,14,0,23 24 2 25,0
30009,'1178841',1135,,2141,14,0,23 24 2 25,0
30009,'1178843',1635,,2143,14,0,23 24 2 25,0
30009,'1178845',835,,2145,14,0,23 24 2 25,0
30009,'1178846',1435,,2146,14,0,23 24 2 25,0
30009,'1178847',1805,,2147,14,0,23 24 2 25,0
30009,'1178852',2135,,2152,14,0,23 24 2 25,0
30009,'1178854',1935,,2154,14,0,23 24 2 25,0
30009,'1178857',805,,2157,14,0,23 24 2 25,0
30009,'1178860',835,,2160,14,0,23 24 2 25,0
30009,'1178861',1235,,2161,14,0,23 24 2 25,0
30009,'1178863',1335,,2163,14,0,23 24 2 25,0
30009,'1178865',1535,,2165,14,0,23 24 2 25,0
30009,'1178868',1735,,2168,14,0,23 24 2 25,0
30009,'1178869',1735,,2169,14,0,23 24 2 25,0
30009,'1178873',1335,,2173,14,0,23 24 2 25,0
30009,'1178880',1135,,2180,14,0,23 24 2 25,0
30009,'1178881',1235,,2181,14,0,23 24 2 25,0
30009,'1178882',1835,,2182,14,0,23 24 2 25,0
30009,'1178883',1435,,2183,14,0,23 24 2 25,0
30009,'1178884',905,,2184,14,0,23 24 2 25,0
30009,'1178885',1935,,2185,14,0,23 24 2 25,0
30009,'1178886',935,,2186,14,0,23 24 2 25,0
30009,'1178887',2035,,2187,14,0,23 24 2 25,0
30009,'1178896',735,,2196,14,0,23 24 2 25,0
30009,'1178897',2135,,2197,14,0,23 24 2 25,0
30009,'1178898',1635,,2198,14,0,23 24 2 25,0
30009,'1178899',1605,,2199,14,0,23 24 2 25,0
14001409,'1175733',1849,,1835,7,,,0
14001409,'1175775',1149,,1836,7,,,0
14001409,'1175776',2049,,1837,7,,,0
14001409,'1175786',1949,,1838,7,,,0
14001409,'1175790',1549,,1839,7,,,0
14001409,'1175803',1349,,1840,7,,,0
14001409,'1175809',919,,1841,7,,,0
14001409,'1175820',1449,,1842,7,,,0
14001409,'1175821',1149,,1843,7,,,0
14001409,'1175838',1119,,1844,7,,,0
14001409,'1175856',1049,,1845,7,,,0
14001409,'1175876',1549,,1846,7,,,0
14001409,'1175893',1849,,1847,7,,,0
14001409,'1175894',1719,,1848,7,,,0
14001409,'1175902',1619,,1849,7,,,0
14001409,'1175961',1249,,1850,7,,,0
14001409,'1175973',849,,1851,7,,,0
14001409,'1175975',1749,,1852,7,,,0
14001409,'1175979',1819,,1853,7,0,8 21,0
14001409,'1175999',819,,1854,7,,,0
14001409,'1176001',1019,,1855,7,,,0
14001409,'1176014',1049,,1856,7,,,0
14001409,'1176036',719,,1857,7,,,0
14001409,'1176047',1349,,1858,7,,,0
14001409,'1176050',2049,,1859,7,,,0
14001409,'1176071',1219,,1860,7,,,0
14001409,'1176160',1649,,1861,7,,,0
14001409,'1176250',749,,1862,7,,,0
14001409,'1176268',2149,,1863,7,,,0
14001409,'1176283',1319,,1864,7,,,0
14001409,'1176308',2149,,1866,7,,,0
14001409,'1176314',649,,1867,7,,,0
14001409,'1176393',949,,1869,7,,,0
14001409,'1176423',749,,1870,7,,,0
14001409,'1176476',1519,,1872,7,,,0
14001409,'1176485',949,,1873,7,,,0
14001409,'1176522',849,,1874,7,,,0
14001409,'1176556',1649,,1876,7,,,0
14001409,'1176558',1449,,1877,7,,,0
14001409,'1176598',1949,,1878,7,,,0
14001409,'1176631',1249,,1879,7,,,0
14001409,'1176643',1419,,1880,7,,,0
14001409,'1176681',1749,,1881,7,,,0
