14009,'1175724',1427,,1551,7,0,5 6 22,0
14009,'1175759',1227,,1552,7,0,5 6 22,0
14009,'1175767',1327,,1553,7,0,5 6 22,0
14009,'1175834',1527,,1557,7,0,5 6 22,0
14009,'1176178',1027,,1560,7,0,5 6 22,0
14009,'1176234',1727,,1561,7,0,5 6 22,0
14009,'1176418',1127,,1564,7,0,5 6 22,0
14009,'1176613',1627,,1566,7,0,5 6 22,0
14009,'1176636',927,,1567,7,0,5 6 22,0
19001509,'1175715',2048,,2024,6,,,0
19001509,'1175729',948,,2025,6,,,0
19001509,'1175736',2148,,2026,6,0,12,0
19001509,'1175740',748,,2027,6,,,0
19001509,'1175741',1248,,2028,6,,,0
19001509,'1175769',2248,,2029,6,0,12,0
19001509,'1175774',2148,,2030,6,0,12,0
19001509,'1175778',1718,,2031,6,,,0
19001509,'1175793',1748,,2032,6,,,0
19001509,'1175801',748,,2033,6,,,0
19001509,'1175845',1318,,2034,6,,,0
19001509,'1175897',1418,,2035,6,,,0
19001509,'1175899',1148,,2036,6,,,0
19001509,'1175907',918,,2037,6,,,0
19001509,'1175925',1548,,2038,6,,,0
19001509,'1175932',1448,,2039,6,,,0
19001509,'1175953',1518,,2040,6,,,0
19001509,'1175967',1018,,2042,6,,,0
19001509,'1175996',1618,,2043,6,,,0
19001509,'1176000',848,,2044,6,,,0
19001509,'1176049',1648,,2045,6,,,0
19001509,'1176055',1848,,2046,6,,,0
19001509,'1176057',948,,2047,6,,,0
19001509,'1176073',718,,2048,6,,,0
19001509,'1176074',648,,2049,6,,,0
19001509,'1176085',1848,,2050,6,,,0
19001509,'1176090',2048,,2051,6,,,0
19001509,'1176092',1048,,2052,6,,,0
19001509,'1176093',848,,2053,6,,,0
19001509,'1176105',1948,,2054,6,,,0
19001509,'1176238',1448,,2055,6,,,0
19001509,'1176266',1118,,2056,6,,,0
19001509,'1176293',1348,,2057,6,,,0
19001509,'1176328',1218,,2058,6,,,0
19001509,'1176335',1948,,2059,6,,,0
19001509,'1176340',1818,,2060,6,0,12,0
19001509,'1176355',1548,,2061,6,,,0
19001509,'1176358',1248,,2062,6,,,0
19001509,'1176362',1748,,2063,6,,,0
19001509,'1176426',1048,,2064,6,,,0
19001509,'1176434',2248,,2065,6,0,12,0
19001509,'1176496',1348,,2067,6,,,0
19001509,'1176536',648,,2068,6,,,0
19001509,'1176537',818,,2069,6,,,0
19001509,'1176684',1648,,2070,6,,,0
19001509,'1176689',1148,,2071,6,,,0
