11609,'1142131',1612,,692,8,,,0
11609,'1142167',942,,693,8,,,0
11609,'1142222',1242,,694,8,,,0
11609,'1142226',2042,,695,8,,,0
11609,'1142297',1242,,696,8,,,0
11609,'1142329',1042,,697,8,,,0
11609,'1142334',1812,,698,8,,,0
11609,'1142336',1742,,699,8,,,0
11609,'1142364',1742,,700,8,,,0
11609,'1142388',1342,,701,8,,,0
11609,'1142390',1142,,702,8,,,0
11609,'1142392',912,,703,8,,,0
11609,'1142399',2042,,704,8,,,0
11609,'1142441',2142,,705,8,,,0
11609,'1142450',1942,,706,8,,,0
11609,'1142454',1542,,707,8,,,0
11609,'1142465',712,,708,8,,,0
11609,'1142475',842,,709,8,,,0
11609,'1142493',1642,,710,8,,,0
11609,'1142497',1542,,711,8,,,0
11609,'1142504',1842,,712,8,,,0
11609,'1142519',642,,713,8,,,0
11609,'1142524',1342,,714,8,,,0
11609,'1142530',1142,,715,8,,,0
11609,'1142561',742,,716,8,,,0
11609,'1142586',1442,,717,8,,,0
11609,'1142593',1942,,718,8,,,0
11609,'1142599',1842,,719,8,,,0
11609,'1142608',1442,,720,8,,,0
11609,'1142624',742,,721,8,,,0
11609,'1142649',1042,,722,8,,,0
11609,'1142676',1642,,723,8,,,0
11609,'1142697',812,,724,8,,,0
11609,'1142702',942,,725,8,,,0
11609,'1142719',842,,726,8,,,0
11609,'1142857',1712,,727,8,,,0
11609,'1142878',2142,,728,8,,,0
16009,'1142161',1534,,801,8,0,16 17 11,0
16009,'1142292',1734,,804,8,0,16 17 11,0
16009,'1142319',1334,,805,8,0,16 17 11,0
16009,'1142525',1134,,806,8,0,16 17 11,0
16009,'1142684',1434,,810,8,0,16 17 11,0
16009,'1142690',934,,811,8,0,16 17 11,0
16009,'1142743',1034,,813,8,0,16 17 11,0
16009,'1142765',1634,,815,8,0,16 17 11,0
16009,'1142850',1234,,818,8,0,16 17 11,0
