19001509,'1083702',1502,,487,43,,,0
19001509,'1083710',1632,,488,43,,,0
19001509,'1083729',1232,,489,43,,,0
19001509,'1083731',902,,490,43,,,0
19001509,'1083760',2032,,491,43,,,0
19001509,'1083772',832,,492,43,,,0
19001509,'1083789',1602,,493,43,,,0
19001509,'1083800',2132,,494,43,,,0
19001509,'1083805',1302,,495,43,,,0
19001509,'1083822',1402,,496,43,,,0
19001509,'1083829',1832,,497,43,,,0
19001509,'1083830',1432,,498,43,,,0
19001509,'1083856',1932,,500,43,,,0
19001509,'1083862',1632,,501,43,,,0
19001509,'1083872',1132,,502,43,,,0
19001509,'1083878',1002,,504,43,,,0
19001509,'1083886',1032,,505,43,,,0
19001509,'1083890',1232,,506,43,,,0
19001509,'1083898',1732,,507,43,,,0
19001509,'1083913',702,,508,18,,,0
19001509,'1083964',1802,,509,43,,,0
19001509,'1084023',732,,510,43,,,0
19001509,'1084031',732,,511,43,,,0
19001509,'1084038',1102,,512,43,,,0
19001509,'1084062',1832,,513,43,,,0
19001509,'1084080',2032,,514,43,,,0
19001509,'1084094',2132,,515,43,,,0
19001509,'1084116',1432,,516,43,,,0
19001509,'1084135',802,,517,43,,,0
19001509,'1084184',1332,,518,43,,,0
19001509,'1084188',1132,,519,43,,,0
19001509,'1084197',1932,,520,43,,,0
19001509,'1084202',1532,,521,43,,,0
19001509,'1084225',832,,522,43,,,0
19001509,'1084228',1532,,523,43,,,0
19001509,'1084246',1202,,525,43,,,0
19001509,'1084266',932,,526,43,,,0
19001509,'1084293',632,,529,18,,,0
19001509,'1084332',1702,,530,43,,,0
19001509,'1084358',1732,,531,43,,,0
19001509,'1084364',932,,532,43,,,0
19001509,'1084377',1032,,533,43,,,0
19001509,'1084382',1332,,534,43,,,0
