14001009,'1083711',1821,,202,40,,,0
14001009,'1083714',2021,,203,40,,,0
14001009,'1083727',2021,,204,40,,,0
14001009,'1083743',2221,,206,40,,,0
14001009,'1083763',2121,,207,40,,,0
14001009,'1083798',721,,208,7,,,0
14001009,'1083841',1420,,210,40,,,0
14001009,'1083897',1921,,212,40,,,0
14001009,'1083901',1721,,213,40,,,0
14001009,'1083953',1621,,215,40,,,0
14001009,'1084005',1921,,218,40,,,0
14001009,'1084014',1120,,219,40,,,0
14001009,'1084040',1721,,221,40,,,0
14001009,'1084045',1320,,222,40,,,0
14001009,'1084052',2121,,224,40,,,0
14001009,'1084056',921,,225,40,,,0
14001009,'1084072',1120,,226,40,,,0
14001009,'1084104',1320,,228,40,,,0
14001009,'1084126',1651,,230,40,,,0
14001009,'1084128',851,,231,40,,,0
14001009,'1084133',821,,233,40,,,0
14001009,'1084154',2221,,234,40,,,0
14001009,'1084167',1821,,235,40,,,0
14001009,'1084176',921,,236,40,,,0
14001009,'1084187',1621,,237,40,,,0
14001009,'1084219',821,,239,40,,,0
14001009,'1084221',1420,,240,40,,,0
14001009,'1084349',751,,246,40,,,0
14001009,'1084363',1751,,247,40,,,0
14001009,'1142404',1520,,625,40,,,0
14001009,'1142495',1020,,627,40,,,0
14001009,'1142534',1520,,628,40,,,0
14001009,'1142603',1020,,629,40,,,0
14001009,'1142604',1220,,630,40,,,0
14001009,'1142648',721,,632,40,,,0
14001009,'1142722',1220,,633,40,,,0
