21609,'1142134',900,,838,25,,,0
21609,'1142173',1430,,839,25,,,0
21609,'1142220',1230,,840,25,,,0
21609,'1142255',1630,,841,25,,,0
21609,'1142260',630,,842,25,,,0
21609,'1142266',1330,,843,25,,,0
21609,'1142277',1730,,844,25,,,0
21609,'1142281',830,,845,25,,,0
21609,'1142305',1130,,846,25,,,0
21609,'1142347',2130,,847,25,,,0
21609,'1142348',1030,,848,25,,,0
21609,'1142363',1130,,849,25,,,0
21609,'1142398',733,,850,26,,,0
21609,'1142432',830,,851,25,,,0
21609,'1142489',703,,852,26,,,0
21609,'1142528',2130,,853,25,,,0
21609,'1142549',2030,,854,25,,,0
21609,'1142551',1030,,855,25,,,0
21609,'1142557',1430,,856,25,,,0
21609,'1142574',1330,,857,25,,,0
21609,'1142584',1600,,858,25,,,0
21609,'1142623',1230,,859,25,,,0
21609,'1142647',1530,,860,25,,,0
21609,'1142662',2030,,861,25,,,0
21609,'1142678',930,,862,25,,,0
21609,'1142730',1633,,863,26,,,0
21609,'1142732',930,,864,25,,,0
21609,'1142740',800,,865,25,,,0
21609,'1142753',730,,866,25,,,0
21609,'1142754',1703,,867,26,,,0
21609,'1142762',1930,,868,25,,,0
21609,'1142784',1930,,869,25,,,0
21609,'1142801',1800,,870,25,,,0
21609,'1142822',1530,,871,25,,,0
21609,'1142856',1733,,872,26,,,0
21609,'1142867',1830,,873,25,,,0
21609,'1142890',1830,,874,25,,,0
19001109,'1142212',1323,,1065,37,,,0
19001109,'1142241',1653,,1066,13,,,0
19001109,'1142263',623,,1072,16,,,0
19001109,'1142345',1223,,1078,37,,,0
19001109,'1142412',1423,,1081,37,,,0
19001109,'1142429',653,,1082,13,,,0
19001109,'1142436',1153,,1083,13,,,0
19001109,'1142503',1423,,1086,37,,,0
19001109,'1142533',1253,,1088,13,,,0
19001109,'1142554',1523,,1091,37,,,0
19001109,'1142579',1553,,1092,13,,,0
19001109,'1142582',1353,,1093,13,,,0
19001109,'1142583',1123,,1094,37,,,0
19001109,'1142588',1223,,1095,37,,,0
19001109,'1142606',1053,,1096,13,,,0
19001109,'1142664',1523,,1098,37,,,0
19001109,'1142729',1453,,1100,13,,,0
19001109,'1142756',1623,,1101,37,,,0
19001109,'1142845',1123,,1106,37,,,0
19001109,'1142860',1323,,1107,37,,,0
19001109,'1142880',1623,,1108,37,,,0
19001109,'1175791',2123,,1347,37,,,0
19001109,'1175792',1923,,1348,37,,,0
19001109,'1175853',1923,,1349,37,,,0
19001109,'1175887',1753,,1350,37,,,0
19001109,'1175950',723,,1351,37,,,0
19001109,'1175987',823,,1352,37,,,0
19001109,'1175992',1823,,1353,37,,,0
19001109,'1176020',723,,1354,37,,,0
19001109,'1176179',1823,,1355,37,,,0
19001109,'1176193',2023,,1356,37,,,0
19001109,'1176227',2123,,1357,37,,,0
19001109,'1176244',1723,,1358,37,,,0
19001109,'1176256',853,,1359,37,,,0
19001109,'1176310',923,,1360,37,,,0
19001109,'1176359',2023,,1361,37,,,0
19001109,'1176413',953,,1363,37,,,0
19001109,'1176424',1023,,1364,37,,,0
19001109,'1176436',1023,,1365,37,,,0
19001109,'1176437',923,,1366,37,,,0
19001109,'1176477',1723,,1368,37,,,0
19001109,'1176498',753,,1369,37,,,0
19001109,'1176505',2223,,1370,37,,,0
19001109,'1176514',823,,1371,37,,,0
19001109,'1176571',2223,,1372,37,,,0
