14001009,'1083711',1749,,202,15,,,0
14001009,'1083714',1949,,203,15,,,0
14001009,'1083727',1949,,204,15,,,0
14001009,'1083739',1019,,205,15,0,8 9,0
14001009,'1083743',2149,,206,15,,,0
14001009,'1083763',2049,,207,15,,,0
14001009,'1083809',1819,,209,15,0,8 9,0
14001009,'1083841',1349,,210,15,,,0
14001009,'1083897',1849,,212,15,,,0
14001009,'1083901',1649,,213,15,,,0
14001009,'1083953',1549,,215,15,,,0
14001009,'1083971',1219,,216,15,0,8 9,0
14001009,'1083977',1419,,217,15,0,8 9,0
14001009,'1084005',1849,,218,15,,,0
14001009,'1084014',1049,,219,15,,,0
14001009,'1084040',1649,,221,15,,,0
14001009,'1084045',1249,,222,15,,,0
14001009,'1084052',2049,,224,15,,,0
14001009,'1084056',849,,225,15,,,0
14001009,'1084072',1049,,226,15,,,0
14001009,'1084104',1249,,228,15,,,0
14001009,'1084118',1319,,229,15,0,8 9,0
14001009,'1084126',1619,,230,15,,,0
14001009,'1084128',819,,231,15,,,0
14001009,'1084133',749,,233,15,,,0
14001009,'1084154',2149,,234,15,,,0
14001009,'1084167',1749,,235,15,,,0
14001009,'1084176',849,,236,15,,,0
14001009,'1084187',1549,,237,15,,,0
14001009,'1084190',2249,,238,15,0,8 9,0
14001009,'1084219',749,,239,15,,,0
14001009,'1084221',1349,,240,15,,,0
14001009,'1084288',1519,,241,15,0,8 9,0
14001009,'1084291',1119,,242,15,0,8 9,0
14001009,'1084349',719,,246,15,,,0
14001009,'1084363',1719,,247,15,,,0
14001009,'1142404',1449,,625,15,,,0
14001009,'1142405',919,,626,15,0,8 9,0
14001009,'1142495',949,,627,15,,,0
14001009,'1142534',1449,,628,15,,,0
14001009,'1142603',949,,629,15,,,0
14001009,'1142604',1149,,630,15,,,0
14001009,'1142640',2249,,631,15,0,8 9,0
14001009,'1142648',649,,632,15,,,0
14001009,'1142722',1149,,633,15,,,0
