11009,'1142195',1607,,674,24,0,13 14 15,0
11009,'1142199',907,,675,24,0,13 14 15,0
11009,'1142242',1207,,676,24,0,13 14 15,0
11009,'1142268',1407,,677,24,0,13 14 15,0
11009,'1142289',1007,,678,24,0,13 14 15,0
11009,'1142564',1307,,683,24,0,13 14 15,0
11009,'1142626',1707,,684,24,0,13 14 15,0
11009,'1142667',1107,,685,24,0,13 14 15,0
11009,'1142728',1507,,690,24,0,13 14 15,0
19001109,'1142212',1330,,1065,48,,,0
19001109,'1142241',1700,,1066,24,,,0
19001109,'1142263',630,,1072,27,,,0
19001109,'1142345',1230,,1078,48,,,0
19001109,'1142412',1430,,1081,48,,,0
19001109,'1142429',700,,1082,24,,,0
19001109,'1142436',1200,,1083,24,,,0
19001109,'1142503',1430,,1086,48,,,0
19001109,'1142533',1300,,1088,24,,,0
19001109,'1142554',1530,,1091,48,,,0
19001109,'1142579',1600,,1092,24,,,0
19001109,'1142582',1400,,1093,24,,,0
19001109,'1142583',1130,,1094,48,,,0
19001109,'1142588',1230,,1095,48,,,0
19001109,'1142606',1100,,1096,24,,,0
19001109,'1142664',1530,,1098,48,,,0
19001109,'1142729',1500,,1100,24,,,0
19001109,'1142756',1630,,1101,48,,,0
19001109,'1142845',1130,,1106,48,,,0
19001109,'1142860',1330,,1107,48,,,0
19001109,'1142880',1630,,1108,48,,,0
19001109,'1175791',2130,,1347,48,,,0
19001109,'1175792',1930,,1348,48,,,0
19001109,'1175853',1930,,1349,48,,,0
19001109,'1175887',1800,,1350,48,,,0
19001109,'1175950',730,,1351,48,,,0
19001109,'1175987',830,,1352,48,,,0
19001109,'1175992',1830,,1353,48,,,0
19001109,'1176020',730,,1354,48,,,0
19001109,'1176179',1830,,1355,48,,,0
19001109,'1176193',2030,,1356,48,,,0
19001109,'1176227',2130,,1357,48,,,0
19001109,'1176244',1730,,1358,48,,,0
19001109,'1176256',900,,1359,48,,,0
19001109,'1176310',930,,1360,48,,,0
19001109,'1176359',2030,,1361,48,,,0
19001109,'1176413',1000,,1363,48,,,0
19001109,'1176424',1030,,1364,48,,,0
19001109,'1176436',1030,,1365,48,,,0
19001109,'1176437',930,,1366,48,,,0
19001109,'1176477',1730,,1368,48,,,0
19001109,'1176498',800,,1369,48,,,0
19001109,'1176505',2230,,1370,48,,,0
19001109,'1176514',830,,1371,48,,,0
19001109,'1176571',2230,,1372,48,,,0
