11009,'1083926',941,,5,18,,,0
11009,'1084019',1141,,7,18,,,0
11009,'1084060',1541,,8,18,,,0
11009,'1084136',1241,,9,18,,,0
11009,'1084186',1041,,10,18,,,0
11009,'1084196',1641,,12,18,,,0
11009,'1084205',1341,,13,18,,,0
11009,'1084226',1441,,14,18,,,0
11009,'1084235',1741,,15,18,,,0
11609,'1083728',846,,19,14,,,0
11609,'1083732',1246,,20,14,,,0
11609,'1083761',1046,,21,14,,,0
11609,'1083762',916,,22,14,,,0
11609,'1083790',1146,,23,14,,,0
11609,'1083794',816,,24,14,,,0
11609,'1083810',1446,,25,14,,,0
11609,'1083861',1046,,26,14,,,0
11609,'1083867',1946,,27,14,,,0
11609,'1083879',1746,,28,14,,,0
11609,'1083887',746,,29,14,,,0
11609,'1083918',1846,,30,14,,,0
11609,'1083983',1816,,31,14,,,0
11609,'1083990',1446,,32,14,,,0
11609,'1083999',1746,,33,14,,,0
11609,'1084016',1716,,34,14,,,0
11609,'1084028',2146,,35,14,,,0
11609,'1084032',2046,,36,14,,,0
11609,'1084036',1646,,37,14,,,0
11609,'1084087',646,,38,14,,,0
11609,'1084097',1346,,39,14,,,0
11609,'1084130',746,,40,14,,,0
11609,'1084152',1846,,41,14,,,0
11609,'1084204',1246,,42,14,,,0
11609,'1084215',2146,,43,14,,,0
11609,'1084218',1346,,44,14,,,0
11609,'1084240',1146,,45,14,,,0
11609,'1084241',2046,,46,14,,,0
11609,'1084242',1946,,47,14,,,0
11609,'1084273',1616,,48,14,,,0
11609,'1084276',1546,,49,14,,,0
11609,'1084298',846,,50,14,,,0
11609,'1084323',946,,51,14,,,0
11609,'1084353',716,,52,14,,,0
11609,'1084357',1646,,53,14,,,0
11609,'1084365',1546,,54,14,,,0
11609,'1084367',946,,55,14,,,0
16009,'1083700',1238,,128,14,0,16 17 11,0
16009,'1083752',1138,,129,14,0,16 17 11,0
16009,'1083816',1638,,131,14,0,16 17 11,0
16009,'1083860',1338,,132,14,0,16 17 11,0
16009,'1083908',1038,,133,14,0,16 17 11,0
16009,'1083939',938,,136,14,0,16 17 11,0
16009,'1083957',1738,,137,14,0,16 17 11,0
16009,'1084026',1438,,139,14,0,16 17 11,0
16009,'1084295',1538,,144,14,0,16 17 11,0
14001009,'1083711',1751,,202,20,,,0
14001009,'1083714',1951,,203,20,,,0
14001009,'1083727',1951,,204,20,,,0
14001009,'1083739',1021,,205,20,0,8 9,0
14001009,'1083743',2151,,206,20,,,0
14001009,'1083763',2051,,207,20,,,0
14001009,'1083809',1821,,209,20,0,8 9,0
14001009,'1083841',1351,,210,20,,,0
14001009,'1083888',1451,,211,20,,,0
14001009,'1083897',1851,,212,20,,,0
14001009,'1083901',1651,,213,20,,,0
14001009,'1083919',1151,,214,20,,,0
14001009,'1083953',1551,,215,20,,,0
14001009,'1083971',1221,,216,20,0,8 9,0
14001009,'1083977',1421,,217,20,0,8 9,0
14001009,'1084005',1851,,218,20,,,0
14001009,'1084014',1051,,219,20,,,0
14001009,'1084030',951,,220,20,,,0
14001009,'1084040',1651,,221,20,,,0
14001009,'1084045',1251,,222,20,,,0
14001009,'1084046',951,,223,20,,,0
14001009,'1084052',2051,,224,20,,,0
14001009,'1084056',851,,225,20,,,0
14001009,'1084072',1051,,226,20,,,0
14001009,'1084076',921,,227,20,0,8 9,0
14001009,'1084104',1251,,228,20,,,0
14001009,'1084118',1321,,229,20,0,8 9,0
14001009,'1084126',1621,,230,20,,,0
14001009,'1084128',821,,231,20,,,0
14001009,'1084131',651,,232,20,,,0
14001009,'1084133',751,,233,20,,,0
14001009,'1084154',2151,,234,20,,,0
14001009,'1084167',1751,,235,20,,,0
14001009,'1084176',851,,236,20,,,0
14001009,'1084187',1551,,237,20,,,0
14001009,'1084190',2251,,238,20,0,8 9,0
14001009,'1084219',751,,239,20,,,0
14001009,'1084221',1351,,240,20,,,0
14001009,'1084288',1521,,241,20,0,8 9,0
14001009,'1084291',1121,,242,20,0,8 9,0
14001009,'1084321',1151,,243,20,,,0
14001009,'1084325',2251,,244,20,0,8 9,0
14001009,'1084338',1451,,245,20,,,0
14001009,'1084349',721,,246,20,,,0
14001009,'1084363',1721,,247,20,,,0
