14009,'1083726',1650,,92,27,,,0
14009,'1083733',1250,,93,27,,,0
14009,'1083894',950,,95,27,,,0
14009,'1083982',1450,,98,27,,,0
14009,'1084115',1550,,100,27,,,0
14009,'1084147',1150,,101,27,,,0
14009,'1084174',1050,,104,27,,,0
14009,'1084272',1803,,105,27,,,0
14009,'1084375',1350,,109,27,,,0
14001209,'1083697',1755,,248,37,,,0
14001209,'1083724',855,,250,37,,,0
14001209,'1083738',2225,,251,37,,,0
14001209,'1083756',1225,,252,37,,,0
14001209,'1083770',1525,,253,37,,,0
14001209,'1083781',1525,,254,37,,,0
14001209,'1083804',1025,,255,37,,,0
14001209,'1083812',1555,,256,37,,,0
14001209,'1083825',1425,,257,37,,,0
14001209,'1083828',925,,258,37,,,0
14001209,'1083832',1825,,259,37,,,0
14001209,'1083836',1655,,260,37,,,0
14001209,'1083837',1725,,261,37,,,0
14001209,'1083842',1055,,262,37,,,0
14001209,'1083858',1925,,263,37,,,0
14001209,'1083876',1125,,264,37,,,0
14001209,'1083895',2225,,265,37,,,0
14001209,'1083906',1455,,266,37,,,0
14001209,'1083907',1225,,267,37,,,0
14001209,'1083916',2125,,268,37,,,0
14001209,'1083935',1425,,269,37,,,0
14001209,'1083976',1125,,270,37,,,0
14001209,'1083988',1325,,271,37,,,0
14001209,'1083993',1155,,272,37,,,0
14001209,'1084000',1025,,273,37,,,0
14001209,'1084037',1825,,275,37,,,0
14001209,'1084075',1355,,276,37,,,0
14001209,'1084086',725,,277,37,,,0
14001209,'1084089',2025,,278,37,,,0
14001209,'1084099',1925,,279,37,,,0
14001209,'1084198',1625,,281,37,,,0
14001209,'1084227',1255,,282,37,,,0
14001209,'1084231',955,,283,37,,,0
14001209,'1084254',825,,284,37,,,0
14001209,'1084265',755,,285,37,,,0
14001209,'1084270',2125,,286,37,,,0
14001209,'1084287',1725,,287,37,,,0
14001209,'1084309',725,,288,15,,,0
14001209,'1084310',1625,,289,37,,,0
14001209,'1084331',825,,290,37,,,0
14001209,'1084345',925,,291,37,,,0
14001209,'1084350',1325,,292,37,,,0
14001209,'1084370',2025,,293,37,,,0
