14001609,'1175743',732,,1306,44,,,0
14001609,'1175762',832,,1307,44,,,0
14001609,'1175785',1032,,1308,44,,,0
14001609,'1175815',802,,1309,44,,,0
14001609,'1175849',932,,1310,44,,,0
14001609,'1175881',932,,1311,44,,,0
14001609,'1175882',732,,1312,24,,,0
14001609,'1175901',1332,,1313,44,,,0
14001609,'1175909',902,,1314,44,,,0
14001609,'1175926',1232,,1315,44,,,0
14001609,'1175981',1802,,1316,44,,,0
14001609,'1176005',2232,,1317,44,,,0
14001609,'1176019',1932,,1318,44,,,0
14001609,'1176030',1432,,1319,44,,,0
14001609,'1176040',632,,1320,1,,,0
14001609,'1176078',1732,,1321,44,,,0
14001609,'1176081',2032,,1322,44,,,0
14001609,'1176129',1532,,1323,44,,,0
14001609,'1176132',632,,1324,1,,,0
14001609,'1176134',2132,,1325,44,,,0
14001609,'1176154',2132,,1326,44,,,0
14001609,'1176172',1632,,1327,44,,,0
14001609,'1176186',1702,,1328,44,,,0
14001609,'1176192',2232,,1329,44,,,0
14001609,'1176206',1332,,1330,44,,,0
14001609,'1176260',1432,,1331,44,,,0
14001609,'1176285',1832,,1332,44,,,0
14001609,'1176295',702,,1333,1,,,0
14001609,'1176332',1832,,1334,44,,,0
14001609,'1176457',1132,,1335,44,,,0
14001609,'1176506',1932,,1336,44,,,0
14001609,'1176531',2032,,1337,44,,,0
14001609,'1176542',1602,,1338,44,,,0
14001609,'1176555',1232,,1339,44,,,0
14001609,'1176566',1132,,1340,44,,,0
14001609,'1176590',1032,,1341,44,,,0
14001609,'1176615',1532,,1342,44,,,0
14001609,'1176650',1632,,1343,44,,,0
14001609,'1176683',1732,,1344,44,,,0
14001609,'1176688',832,,1345,44,,,0
14001609,'1176693',605,,1346,1,,,0
