12009,'1175885',1814,,1519,48,0,18 7,0
12009,'1175923',1601,,1520,48,0,18 7,0
12009,'1175952',1401,,1521,48,0,18 7,0
12009,'1175971',1101,,1522,48,0,18 7,0
12009,'1176115',1201,,1524,48,0,18 7,0
12009,'1176305',1701,,1526,48,0,18 7,0
12009,'1176431',1501,,1528,48,0,18 7,0
12009,'1176538',1001,,1530,48,0,18 7,0
12009,'1176625',1301,,1531,48,0,18 7,0
14001609,'1175722',1135,,1882,49,,,0
14001609,'1175752',735,,1883,49,,,0
14001609,'1175760',2035,,1884,49,,,0
14001609,'1175852',635,,1887,6,,,0
14001609,'1175908',905,,1888,49,,,0
14001609,'1175922',1235,,1889,49,,,0
14001609,'1175936',835,,1890,49,,,0
14001609,'1175986',1435,,1892,49,,,0
14001609,'1175988',1335,,1893,49,,,0
14001609,'1175989',1835,,1894,49,,,0
14001609,'1176015',935,,1896,49,,,0
14001609,'1176168',1335,,1898,49,,,0
14001609,'1176170',1605,,1899,49,,,0
14001609,'1176241',2135,,1900,49,,,0
14001609,'1176247',805,,1901,49,,,0
14001609,'1176270',2235,,1902,49,,,0
14001609,'1176280',1635,,1903,49,,,0
14001609,'1176296',1535,,1904,49,,,0
14001609,'1176309',2235,,1905,49,,,0
14001609,'1176320',1835,,1906,49,,,0
14001609,'1176381',1035,,1908,49,,,0
14001609,'1176402',2035,,1909,49,,,0
14001609,'1176421',835,,1910,49,,,0
14001609,'1176486',1805,,1911,49,,,0
14001609,'1176492',1135,,1912,49,,,0
14001609,'1176495',1935,,1913,49,,,0
14001609,'1176500',1635,,1914,49,,,0
14001609,'1176504',1735,,1915,49,,,0
14001609,'1176510',1535,,1916,49,,,0
14001609,'1176518',1705,,1917,49,,,0
14001609,'1176524',1035,,1918,49,,,0
14001609,'1176533',935,,1919,49,,,0
14001609,'1176549',705,,1920,6,,,0
14001609,'1176577',2135,,1921,49,,,0
14001609,'1176584',635,,1922,6,,,0
14001609,'1176602',1435,,1924,49,,,0
14001609,'1176610',608,,1925,6,,,0
14001609,'1176621',1935,,1926,49,,,0
14001609,'1176627',1735,,1927,49,,,0
14001609,'1176666',735,,1928,29,,,0
14001609,'1176671',1235,,1929,49,,,0
