14001609,'1175743',720,,1306,26,,,0
14001609,'1175762',820,,1307,26,,,0
14001609,'1175785',1020,,1308,26,,,0
14001609,'1175815',750,,1309,26,,,0
14001609,'1175849',920,,1310,26,,,0
14001609,'1175881',920,,1311,26,,,0
14001609,'1175882',720,,1312,6,,,0
14001609,'1175901',1320,,1313,26,,,0
14001609,'1175909',850,,1314,26,,,0
14001609,'1175926',1220,,1315,26,,,0
14001609,'1175981',1750,,1316,26,,,0
14001609,'1176005',2220,,1317,26,,,0
14001609,'1176019',1920,,1318,26,,,0
14001609,'1176030',1420,,1319,26,,,0
14001609,'1176078',1720,,1321,26,,,0
14001609,'1176081',2020,,1322,26,,,0
14001609,'1176129',1520,,1323,26,,,0
14001609,'1176134',2120,,1325,26,,,0
14001609,'1176154',2120,,1326,26,,,0
14001609,'1176172',1620,,1327,26,,,0
14001609,'1176186',1650,,1328,26,,,0
14001609,'1176192',2220,,1329,26,,,0
14001609,'1176206',1320,,1330,26,,,0
14001609,'1176260',1420,,1331,26,,,0
14001609,'1176285',1820,,1332,26,,,0
14001609,'1176332',1820,,1334,26,,,0
14001609,'1176457',1120,,1335,26,,,0
14001609,'1176506',1920,,1336,26,,,0
14001609,'1176531',2020,,1337,26,,,0
14001609,'1176542',1550,,1338,26,,,0
14001609,'1176555',1220,,1339,26,,,0
14001609,'1176566',1120,,1340,26,,,0
14001609,'1176590',1020,,1341,26,,,0
14001609,'1176615',1520,,1342,26,,,0
14001609,'1176650',1620,,1343,26,,,0
14001609,'1176683',1720,,1344,26,,,0
14001609,'1176688',820,,1345,26,,,0
