19001309,'1142849',1825,,1152,21,0,8 21,0
19001309,'1175725',655,,1374,21,,,0
19001309,'1175746',1255,,1375,21,,,0
19001309,'1175750',2155,,1376,21,,,0
19001309,'1175772',2055,,1378,21,,,0
19001309,'1175824',1955,,1379,21,,,0
19001309,'1175844',655,,1380,21,,,0
19001309,'1175930',1755,,1381,21,,,0
19001309,'1175941',1455,,1382,21,,,0
19001309,'1175974',1625,,1383,21,,,0
19001309,'1176027',1155,,1384,21,,,0
19001309,'1176051',1325,,1385,21,,,0
19001309,'1176056',1525,,1386,21,,,0
19001309,'1176072',855,,1387,21,,,0
19001309,'1176088',825,,1388,21,,,0
19001309,'1176113',955,,1389,21,,,0
19001309,'1176123',1455,,1390,21,,,0
19001309,'1176150',1655,,1391,21,,,0
19001309,'1176155',1725,,1392,21,,,0
19001309,'1176191',1855,,1393,21,,,0
19001309,'1176203',1955,,1394,21,,,0
19001309,'1176205',755,,1395,21,,,0
19001309,'1176216',725,,1396,21,,,0
19001309,'1176219',1555,,1397,21,,,0
19001309,'1176231',1255,,1398,21,,,0
19001309,'1176237',1155,,1399,21,,,0
19001309,'1176251',855,,1400,21,,,0
19001309,'1176267',1855,,1401,21,,,0
19001309,'1176327',2155,,1403,21,,,0
19001309,'1176330',1055,,1404,21,,,0
19001309,'1176347',1355,,1405,21,,,0
19001309,'1176350',1355,,1406,21,,,0
19001309,'1176372',925,,1407,21,,,0
19001309,'1176377',2055,,1408,21,,,0
19001309,'1176385',955,,1409,21,,,0
19001309,'1176484',1555,,1410,21,,,0
19001309,'1176487',1225,,1411,21,,,0
19001309,'1176502',1425,,1412,21,,,0
19001309,'1176565',1055,,1413,21,,,0
19001309,'1176609',1655,,1414,21,,,0
19001309,'1176622',1755,,1415,21,,,0
19001309,'1176667',755,,1416,21,,,0
19001309,'1176691',1125,,1417,21,,,0
19001309,'1176694',1025,,1418,21,,,0
