14001609,'1142224',1322,,1020,8,0,8 21,0
14001609,'1142239',1022,,1022,8,0,8 21,0
14001609,'1142308',1822,,1028,8,0,8 21,0
14001609,'1142473',1122,,1035,8,0,8 21,0
14001609,'1142717',1222,,1051,8,0,8 21,0
14001609,'1142803',922,,1054,8,0,8 21,0
14001609,'1142886',1422,,1060,8,0,8 21,0
14001609,'1175743',652,,1306,8,,,0
14001609,'1175762',752,,1307,8,,,0
14001609,'1175785',952,,1308,8,,,0
14001609,'1175815',722,,1309,8,,,0
14001609,'1175849',852,,1310,8,,,0
14001609,'1175881',852,,1311,8,,,0
14001609,'1175901',1252,,1313,8,,,0
14001609,'1175909',822,,1314,8,,,0
14001609,'1175926',1152,,1315,8,,,0
14001609,'1175981',1722,,1316,8,,,0
14001609,'1176005',2152,,1317,8,,,0
14001609,'1176019',1852,,1318,8,,,0
14001609,'1176030',1352,,1319,8,,,0
14001609,'1176078',1652,,1321,8,,,0
14001609,'1176081',1952,,1322,8,,,0
14001609,'1176129',1452,,1323,8,,,0
14001609,'1176134',2052,,1325,8,,,0
14001609,'1176154',2052,,1326,8,,,0
14001609,'1176172',1552,,1327,8,,,0
14001609,'1176186',1622,,1328,8,,,0
14001609,'1176192',2152,,1329,8,,,0
14001609,'1176206',1252,,1330,8,,,0
14001609,'1176260',1352,,1331,8,,,0
14001609,'1176285',1752,,1332,8,,,0
14001609,'1176332',1752,,1334,8,,,0
14001609,'1176457',1052,,1335,8,,,0
14001609,'1176506',1852,,1336,8,,,0
14001609,'1176531',1952,,1337,8,,,0
14001609,'1176542',1522,,1338,8,,,0
14001609,'1176555',1152,,1339,8,,,0
14001609,'1176566',1052,,1340,8,,,0
14001609,'1176590',952,,1341,8,,,0
14001609,'1176615',1452,,1342,8,,,0
14001609,'1176650',1552,,1343,8,,,0
14001609,'1176683',1652,,1344,8,,,0
14001609,'1176688',752,,1345,8,,,0
