15009,'1175719',1709,,1569,18,0,20 15,0
15009,'1175730',1509,,1570,18,0,20 15,0
15009,'1175737',1309,,1571,18,0,20 15,0
15009,'1175828',1409,,1572,18,0,20 15,0
15009,'1175835',1009,,1573,18,0,20 15,0
15009,'1176048',1209,,1578,18,0,20 15,0
15009,'1176230',1609,,1580,18,0,20 15,0
15009,'1176301',909,,1582,18,0,20 15,0
15009,'1176568',1109,,1584,18,0,20 15,0
30009,'1178820',1702,,2120,12,0,23 24 2 25,0
30009,'1178822',1402,,2122,15,0,23 24 2 26,0
30009,'1178823',802,,2123,15,0,23 24 2 26,0
30009,'1178824',902,,2124,15,0,23 24 2 26,0
30009,'1178825',1502,,2125,15,0,23 24 2 26,0
30009,'1178826',1532,,2126,12,0,23 24 2 25,0
30009,'1178827',1032,,2127,12,0,23 24 2 25,0
30009,'1178828',1032,,2128,12,0,23 24 2 25,0
30009,'1178829',702,,2129,11,0,23 24 2 25,0
30009,'1178830',1002,,2130,12,0,23 24 2 25,0
30009,'1178831',732,,2131,11,0,23 24 2 25,0
30009,'1178832',1032,,2132,15,0,8 9 2 26,0
30009,'1178833',1002,,2133,15,0,23 24 2 26,0
30009,'1178834',832,,2134,15,0,23 24 2 26,0
30009,'1178835',932,,2135,12,0,23 24 2 25,0
30009,'1178836',1832,,2136,12,0,23 24 2 25,0
30009,'1178837',1802,,2137,15,0,23 24 2 26,0
30009,'1178839',1202,,2139,15,0,23 24 2 26,0
30009,'1178840',2032,,2140,12,0,23 24 2 25,0
30009,'1178841',1132,,2141,12,0,23 24 2 25,0
30009,'1178842',1302,,2142,15,0,23 24 2 26,0
30009,'1178843',1632,,2143,12,0,23 24 2 25,0
30009,'1178844',732,,2144,15,0,23 24 2 26,0
30009,'1178845',832,,2145,12,0,23 24 2 25,0
30009,'1178846',1432,,2146,12,0,23 24 2 25,0
30009,'1178847',1802,,2147,12,0,23 24 2 25,0
30009,'1178849',1732,,2149,15,0,23 24 2 26,0
30009,'1178850',1002,,2150,15,0,23 24 2 26,0
30009,'1178851',902,,2151,15,0,23 24 2 26,0
30009,'1178852',2132,,2152,12,0,23 24 2 25,0
30009,'1178853',2002,,2153,15,0,23 24 2 26,0
30009,'1178854',1932,,2154,12,0,23 24 2 25,0
30009,'1178855',1502,,2155,15,0,23 24 2 26,0
30009,'1178856',2102,,2156,15,0,23 24 2 26,0
30009,'1178857',802,,2157,12,0,23 24 2 25,0
30009,'1178858',1902,,2158,15,0,23 24 2 26,0
30009,'1178859',1602,,2159,15,0,23 24 2 26,0
30009,'1178860',832,,2160,12,0,23 24 2 25,0
30009,'1178861',1232,,2161,12,0,23 24 2 25,0
30009,'1178862',1802,,2162,15,0,23 24 2 26,0
30009,'1178863',1332,,2163,12,0,23 24 2 25,0
30009,'1178864',1102,,2164,15,0,23 24 2 26,0
30009,'1178865',1532,,2165,12,0,23 24 2 25,0
30009,'1178866',2202,,2166,15,0,8 9 2 26,0
30009,'1178867',2102,,2167,15,0,23 24 2 26,0
30009,'1178868',1732,,2168,12,0,23 24 2 25,0
30009,'1178869',1732,,2169,12,0,23 24 2 25,0
30009,'1178870',1902,,2170,15,0,23 24 2 26,0
30009,'1178872',1402,,2172,15,0,23 24 2 26,0
30009,'1178873',1332,,2173,12,0,23 24 2 25,0
30009,'1178875',1202,,2175,15,0,23 24 2 26,0
30009,'1178877',2002,,2177,15,0,23 24 2 26,0
30009,'1178878',1632,,2178,15,0,23 24 2 26,0
30009,'1178879',1602,,2179,15,0,23 24 2 26,0
30009,'1178880',1132,,2180,12,0,23 24 2 25,0
30009,'1178881',1232,,2181,12,0,23 24 2 25,0
30009,'1178882',1832,,2182,12,0,23 24 2 25,0
30009,'1178883',1432,,2183,12,0,23 24 2 25,0
30009,'1178884',902,,2184,12,0,23 24 2 25,0
30009,'1178885',1932,,2185,12,0,23 24 2 25,0
30009,'1178886',932,,2186,12,0,23 24 2 25,0
30009,'1178887',2032,,2187,12,0,23 24 2 25,0
30009,'1178888',1102,,2188,15,0,23 24 2 26,0
30009,'1178889',1302,,2189,15,0,23 24 2 26,0
30009,'1178890',932,,2190,15,0,23 24 2 26,0
30009,'1178891',2202,,2191,15,0,8 9 2 26,0
30009,'1178892',1702,,2192,15,0,23 24 2 26,0
30009,'1178894',802,,2194,15,0,23 24 2 26,0
30009,'1178896',732,,2196,12,0,23 24 2 25,0
30009,'1178897',2132,,2197,12,0,23 24 2 25,0
30009,'1178898',1632,,2198,12,0,23 24 2 25,0
30009,'1178899',1602,,2199,12,0,23 24 2 25,0
30009,'1178900',1832,,2200,15,0,8 9 2 26,0
30009,'1178901',1702,,2201,15,0,23 24 2 26,0
