14009,'1142177',1102,,766,39,,,0
14009,'1142342',1602,,771,39,,,0
14009,'1142362',1402,,772,39,,,0
14009,'1142406',1002,,774,39,,,0
14009,'1142444',1302,,775,39,,,0
14009,'1142613',1815,,777,39,,,0
14009,'1142687',1702,,779,39,,,0
14009,'1142827',1502,,781,39,,,0
14009,'1142830',1202,,782,39,,,0
14001009,'1142143',1428,,875,55,,,0
14001009,'1142178',733,,876,54,,,0
14001009,'1142189',933,,877,54,,,0
14001009,'1142190',803,,878,54,,,0
14001009,'1142194',1528,,879,55,,,0
14001009,'1142216',1028,,880,55,,,0
14001009,'1142231',903,,881,54,,,0
14001009,'1142237',1431,,882,55,,,0
14001009,'1142279',1733,,883,54,,,0
14001009,'1142282',1328,,884,55,,,0
14001009,'1142286',933,,885,54,,,0
14001009,'1142290',2033,,886,54,,,0
14001009,'1142344',2133,,888,54,,,0
14001009,'1142360',1228,,889,55,,,0
14001009,'1142375',1128,,891,55,,,0
14001009,'1142459',1031,,894,55,,,0
14001009,'1142462',1633,,896,54,,,0
14001009,'1142479',1933,,897,54,,,0
14001009,'1142483',1531,,898,55,,,0
14001009,'1142508',1933,,900,54,,,0
14001009,'1142510',1633,,901,54,,,0
14001009,'1142538',1131,,903,55,,,0
14001009,'1142580',1833,,905,54,,,0
14001009,'1142619',2133,,906,54,,,0
14001009,'1142660',1703,,908,54,,,0
14001009,'1142682',833,,909,54,,,0
14001009,'1142715',2033,,910,54,,,0
14001009,'1142724',733,,911,21,,,0
14001009,'1142781',2233,,912,54,,,0
14001009,'1142787',1833,,913,54,,,0
14001009,'1142811',1231,,915,55,,,0
14001009,'1142812',1803,,916,54,,,0
14001009,'1142840',833,,917,54,,,0
14001009,'1142842',2233,,918,54,,,0
14001009,'1142843',1331,,919,55,,,0
14001009,'1142861',1733,,920,54,,,0
