12009,'1175904',1327,,1253,16,,,0
12009,'1176180',1027,,1257,16,,,0
12009,'1176258',1727,,1258,16,,,0
12009,'1176284',1427,,1259,16,,,0
12009,'1176435',1127,,1263,16,,,0
12009,'1176479',1527,,1264,16,,,0
12009,'1176508',1627,,1265,16,,,0
12009,'1176541',927,,1266,16,,,0
12009,'1176548',1227,,1267,16,,,0
19001709,'1175723',852,,1419,16,,,0
19001709,'1175748',922,,1420,16,,,0
19001709,'1175763',1052,,1421,16,,,0
19001709,'1175781',952,,1422,16,,,0
19001709,'1175795',722,,1423,16,,,0
19001709,'1175819',2052,,1424,16,,,0
19001709,'1175858',1852,,1425,16,,,0
19001709,'1175872',2152,,1426,16,0,8 21,0
19001709,'1175912',1752,,1427,16,,,0
19001709,'1175946',2052,,1428,16,,,0
19001709,'1176002',1352,,1429,16,,,0
19001709,'1176024',2152,,1430,16,0,8 21,0
19001709,'1176147',1952,,1431,16,,,0
19001709,'1176151',1452,,1432,16,,,0
19001709,'1176162',1152,,1433,16,,,0
19001709,'1176204',1552,,1434,16,,,0
19001709,'1176288',752,,1435,16,,,0
19001709,'1176339',1652,,1436,16,,,0
19001709,'1176366',652,,1437,16,,,0
19001709,'1176369',1552,,1438,16,,,0
19001709,'1176400',1052,,1439,16,,,0
19001709,'1176416',1852,,1440,16,,,0
19001709,'1176419',852,,1441,16,,,0
19001709,'1176422',1452,,1442,16,,,0
19001709,'1176428',1622,,1443,16,,,0
19001709,'1176461',1722,,1444,16,,,0
19001709,'1176465',1952,,1445,16,,,0
19001709,'1176466',2252,,1446,16,0,8 21,0
19001709,'1176481',1352,,1447,16,,,0
19001709,'1176493',622,,1448,16,,,0
19001709,'1176540',952,,1449,16,,,0
19001709,'1176561',1652,,1450,16,,,0
19001709,'1176587',752,,1451,16,,,0
19001709,'1176600',1252,,1452,16,,,0
19001709,'1176606',1252,,1453,16,,,0
19001709,'1176634',652,,1454,16,,,0
19001709,'1176635',822,,1455,16,,,0
19001709,'1176654',1822,,1456,16,0,8 21,0
19001709,'1176664',1152,,1457,16,,,0
19001709,'1176670',1752,,1458,16,,,0
19001709,'1176677',2252,,1459,16,0,8 21,0
