11609,'1142182',1149,,587,20,,,0
11609,'1142188',849,,588,20,,,0
11609,'1142280',1449,,589,20,,,0
11609,'1142330',1249,,590,20,,,0
11609,'1142357',1649,,591,20,,,0
11609,'1142358',1649,,592,20,,,0
11609,'1142359',949,,593,20,,,0
11609,'1142385',1449,,594,20,,,0
11609,'1142397',1619,,595,20,,,0
11609,'1142403',1949,,596,20,,,0
11609,'1142411',1349,,597,20,,,0
11609,'1142426',719,,598,20,,,0
11609,'1142442',749,,599,20,,,0
11609,'1142461',2049,,600,20,,,0
11609,'1142466',1249,,601,20,,,0
11609,'1142491',1849,,602,20,,,0
11609,'1142518',649,,603,20,,,0
11609,'1142531',1049,,604,20,,,0
11609,'1142535',2149,,605,20,,,0
11609,'1142546',949,,606,20,,,0
11609,'1142555',1949,,607,20,,,0
11609,'1142578',2049,,608,20,,,0
11609,'1142601',1849,,609,20,,,0
11609,'1142621',1749,,610,20,,,0
11609,'1142652',1549,,611,20,,,0
11609,'1142663',1719,,612,20,,,0
11609,'1142686',849,,613,20,,,0
11609,'1142709',1819,,614,20,,,0
11609,'1142746',1549,,615,20,,,0
11609,'1142763',819,,616,20,,,0
11609,'1142770',2149,,617,20,,,0
11609,'1142774',1149,,618,20,,,0
11609,'1142789',1349,,619,20,,,0
11609,'1142816',1749,,620,20,,,0
11609,'1142826',1049,,621,20,,,0
11609,'1142853',749,,622,20,,,0
11609,'1142863',919,,623,20,,,0
