19001709,'1175723',856,,1419,25,,,0
19001709,'1175748',926,,1420,25,,,0
19001709,'1175763',1056,,1421,25,,,0
19001709,'1175781',956,,1422,25,,,0
19001709,'1175795',726,,1423,25,,,0
19001709,'1175819',2056,,1424,25,,,0
19001709,'1175858',1856,,1425,25,,,0
19001709,'1175872',2156,,1426,25,0,8 21,0
19001709,'1175912',1756,,1427,25,,,0
19001709,'1175946',2056,,1428,25,,,0
19001709,'1176002',1356,,1429,25,,,0
19001709,'1176024',2156,,1430,25,0,8 21,0
19001709,'1176147',1956,,1431,25,,,0
19001709,'1176151',1456,,1432,25,,,0
19001709,'1176162',1156,,1433,25,,,0
19001709,'1176204',1556,,1434,25,,,0
19001709,'1176288',756,,1435,25,,,0
19001709,'1176339',1656,,1436,25,,,0
19001709,'1176366',656,,1437,25,,,0
19001709,'1176369',1556,,1438,25,,,0
19001709,'1176400',1056,,1439,25,,,0
19001709,'1176416',1856,,1440,25,,,0
19001709,'1176419',856,,1441,25,,,0
19001709,'1176422',1456,,1442,25,,,0
19001709,'1176428',1626,,1443,25,,,0
19001709,'1176461',1726,,1444,25,,,0
19001709,'1176465',1956,,1445,25,,,0
19001709,'1176466',2256,,1446,25,0,8 21,0
19001709,'1176481',1356,,1447,25,,,0
19001709,'1176493',626,,1448,25,,,0
19001709,'1176540',956,,1449,25,,,0
19001709,'1176561',1656,,1450,25,,,0
19001709,'1176587',756,,1451,25,,,0
19001709,'1176600',1256,,1452,25,,,0
19001709,'1176606',1256,,1453,25,,,0
19001709,'1176634',656,,1454,25,,,0
19001709,'1176635',826,,1455,25,,,0
19001709,'1176654',1826,,1456,25,0,8 21,0
19001709,'1176664',1156,,1457,25,,,0
19001709,'1176670',1756,,1458,25,,,0
19001709,'1176677',2256,,1459,25,0,8 21,0
