14009,'1142164',1118,,765,6,0,5 6 7,0
14009,'1142187',1418,,767,6,0,5 6 7,0
14009,'1142323',1618,,768,6,0,5 6 7,0
14009,'1142325',1718,,769,6,0,5 6 7,0
14009,'1142341',1218,,770,6,0,5 6 7,0
14009,'1142386',918,,773,6,0,5 6 7,0
14009,'1142559',1518,,776,6,0,5 6 7,0
14009,'1142645',1318,,778,6,0,5 6 7,0
14009,'1142708',1018,,780,6,0,5 6 7,0
19001109,'1142212',1248,,1065,6,,,0
19001109,'1142345',1148,,1078,6,,,0
19001109,'1142412',1348,,1081,6,,,0
19001109,'1142503',1348,,1086,6,,,0
19001109,'1142554',1448,,1091,6,,,0
19001109,'1142583',1048,,1094,6,,,0
19001109,'1142588',1148,,1095,6,,,0
19001109,'1142664',1448,,1098,6,,,0
19001109,'1142756',1548,,1101,6,,,0
19001109,'1142845',1048,,1106,6,,,0
19001109,'1142860',1248,,1107,6,,,0
19001109,'1142880',1548,,1108,6,,,0
19001109,'1175791',2048,,1347,6,,,0
19001109,'1175792',1848,,1348,6,,,0
19001109,'1175853',1848,,1349,6,,,0
19001109,'1175887',1718,,1350,6,,,0
19001109,'1175950',648,,1351,6,,,0
19001109,'1175987',748,,1352,6,,,0
19001109,'1175992',1748,,1353,6,,,0
19001109,'1176020',648,,1354,6,,,0
19001109,'1176179',1748,,1355,6,,,0
19001109,'1176193',1948,,1356,6,,,0
19001109,'1176227',2048,,1357,6,,,0
19001109,'1176244',1648,,1358,6,,,0
19001109,'1176256',818,,1359,6,,,0
19001109,'1176310',848,,1360,6,,,0
19001109,'1176359',1948,,1361,6,,,0
19001109,'1176409',2243,,1362,6,0,12,0
19001109,'1176413',918,,1363,6,,,0
19001109,'1176424',948,,1364,6,,,0
19001109,'1176436',948,,1365,6,,,0
19001109,'1176437',848,,1366,6,,,0
19001109,'1176447',2243,,1367,6,0,12,0
19001109,'1176477',1648,,1368,6,,,0
19001109,'1176498',718,,1369,6,,,0
19001109,'1176505',2148,,1370,6,,,0
19001109,'1176514',748,,1371,6,,,0
19001109,'1176571',2148,,1372,6,,,0
19001109,'1176619',1818,,1373,6,0,8 21,0
