12009,'1175885',1723,,1519,7,0,18 7,0
12009,'1175923',1523,,1520,7,0,18 7,0
12009,'1175952',1323,,1521,7,0,18 7,0
12009,'1175971',1023,,1522,7,0,18 7,0
12009,'1176115',1123,,1524,7,0,18 7,0
12009,'1176305',1623,,1526,7,0,18 7,0
12009,'1176431',1423,,1528,7,0,18 7,0
12009,'1176538',923,,1530,7,0,18 7,0
12009,'1176625',1223,,1531,7,0,18 7,0
19001309,'1175728',814,,1978,7,,,0
19001309,'1175734',1444,,1979,7,,,0
19001309,'1175770',1944,,1980,7,,,0
19001309,'1175814',1814,,1981,7,0,8 21,0
19001309,'1175816',1744,,1982,7,,,0
19001309,'1175833',1644,,1983,7,,,0
19001309,'1175860',1314,,1984,7,,,0
19001309,'1175862',1044,,1985,7,,,0
19001309,'1175891',1114,,1986,7,,,0
19001309,'1175892',914,,1987,7,,,0
19001309,'1175994',844,,1989,7,,,0
19001309,'1176023',744,,1990,7,,,0
19001309,'1176034',1044,,1991,7,,,0
19001309,'1176044',1344,,1992,7,,,0
19001309,'1176064',1014,,1993,7,,,0
19001309,'1176125',1644,,1994,7,,,0
19001309,'1176139',1144,,1995,7,,,0
19001309,'1176167',2144,,1996,7,,,0
19001309,'1176182',1244,,1997,7,,,0
19001309,'1176185',714,,1998,7,,,0
19001309,'1176187',1244,,1999,7,,,0
19001309,'1176196',1144,,2000,7,,,0
19001309,'1176261',944,,2001,7,,,0
19001309,'1176277',2044,,2002,7,,,0
19001309,'1176318',1344,,2003,7,,,0
19001309,'1176331',1944,,2004,7,,,0
19001309,'1176338',1844,,2005,7,,,0
19001309,'1176348',1514,,2006,7,,,0
19001309,'1176367',1544,,2007,7,,,0
19001309,'1176387',2144,,2008,7,,,0
19001309,'1176389',744,,2009,7,,,0
19001309,'1176392',644,,2010,7,,,0
19001309,'1176394',1544,,2011,7,,,0
19001309,'1176446',1744,,2012,7,,,0
19001309,'1176462',2044,,2013,7,,,0
19001309,'1176473',1844,,2014,7,,,0
19001309,'1176527',944,,2015,7,,,0
19001309,'1176539',1614,,2016,7,,,0
19001309,'1176543',1414,,2017,7,,,0
19001309,'1176567',844,,2019,7,,,0
19001309,'1176597',1444,,2020,7,,,0
19001309,'1176614',1214,,2021,7,,,0
19001309,'1176638',1714,,2022,7,,,0
19001309,'1176660',644,,2023,7,,,0
