11609,'1083728',843,,19,9,,,0
11609,'1083732',1243,,20,9,,,0
11609,'1083761',1043,,21,9,,,0
11609,'1083762',913,,22,9,,,0
11609,'1083790',1143,,23,9,,,0
11609,'1083794',813,,24,9,,,0
11609,'1083810',1443,,25,9,,,0
11609,'1083861',1043,,26,9,,,0
11609,'1083867',1943,,27,9,,,0
11609,'1083879',1743,,28,9,,,0
11609,'1083887',743,,29,9,,,0
11609,'1083918',1843,,30,9,,,0
11609,'1083983',1813,,31,9,,,0
11609,'1083990',1443,,32,9,,,0
11609,'1083999',1743,,33,9,,,0
11609,'1084016',1713,,34,9,,,0
11609,'1084028',2143,,35,9,,,0
11609,'1084032',2043,,36,9,,,0
11609,'1084036',1643,,37,9,,,0
11609,'1084087',643,,38,9,,,0
11609,'1084097',1343,,39,9,,,0
11609,'1084130',743,,40,9,,,0
11609,'1084152',1843,,41,9,,,0
11609,'1084204',1243,,42,9,,,0
11609,'1084215',2143,,43,9,,,0
11609,'1084218',1343,,44,9,,,0
11609,'1084240',1143,,45,9,,,0
11609,'1084241',2043,,46,9,,,0
11609,'1084242',1943,,47,9,,,0
11609,'1084273',1613,,48,9,,,0
11609,'1084276',1543,,49,9,,,0
11609,'1084298',843,,50,9,,,0
11609,'1084323',943,,51,9,,,0
11609,'1084353',713,,52,9,,,0
11609,'1084357',1643,,53,9,,,0
11609,'1084365',1543,,54,9,,,0
11609,'1084367',943,,55,9,,,0
16009,'1083700',1235,,128,9,0,16 17 11,0
16009,'1083752',1135,,129,9,0,16 17 11,0
16009,'1083816',1635,,131,9,0,16 17 11,0
16009,'1083860',1335,,132,9,0,16 17 11,0
16009,'1083908',1035,,133,9,0,16 17 11,0
16009,'1083939',935,,136,9,0,16 17 11,0
16009,'1083957',1735,,137,9,0,16 17 11,0
16009,'1084026',1435,,139,9,0,16 17 11,0
16009,'1084295',1535,,144,9,0,16 17 11,0
