11009,'1175720',1202,,1460,12,0,13 14 15,0
11009,'1175910',902,,1463,12,0,13 14 15,0
11009,'1175948',1702,,1464,12,0,13 14 15,0
11009,'1176063',1502,,1465,12,0,13 14 15,0
11009,'1176079',1402,,1466,12,0,13 14 15,0
11009,'1176108',1002,,1467,12,0,13 14 15,0
11009,'1176321',1102,,1471,12,0,13 14 15,0
11009,'1176658',1602,,1476,12,0,13 14 15,0
11009,'1176675',1302,,1477,12,0,13 14 15,0
16009,'1175714',1307,,1587,22,,,0
16009,'1176136',1007,,1592,22,,,0
16009,'1176272',1407,,1595,22,,,0
16009,'1176282',907,,1596,22,,,0
16009,'1176290',1707,,1597,22,,,0
16009,'1176390',1207,,1598,22,,,0
16009,'1176528',1507,,1600,22,,,0
16009,'1176535',1607,,1601,22,,,0
16009,'1176682',1107,,1604,22,,,0
21609,'1175813',1929,,1624,24,,,0
21609,'1175831',732,,1625,25,,,0
21609,'1175857',1702,,1626,25,,,0
21609,'1175869',1732,,1627,25,,,0
21609,'1175916',1559,,1628,24,,,0
21609,'1175929',1329,,1629,24,,,0
21609,'1175966',1729,,1630,24,,,0
21609,'1175997',2129,,1631,24,,,0
21609,'1175998',929,,1632,24,,,0
21609,'1176028',1029,,1633,24,,,0
21609,'1176037',1829,,1634,24,,,0
21609,'1176041',1829,,1635,24,,,0
21609,'1176046',729,,1636,24,,,0
21609,'1176054',1632,,1637,25,,,0
21609,'1176067',702,,1638,25,,,0
21609,'1176111',1129,,1639,24,,,0
21609,'1176200',1429,,1640,24,,,0
21609,'1176207',2129,,1641,24,,,0
21609,'1176218',1129,,1642,24,,,0
21609,'1176289',1029,,1643,24,,,0
21609,'1176352',1229,,1644,24,,,0
21609,'1176395',1929,,1645,24,,,0
21609,'1176414',2029,,1646,24,,,0
21609,'1176430',1759,,1647,24,,,0
21609,'1176454',1629,,1648,24,,,0
21609,'1176460',829,,1649,24,,,0
21609,'1176467',1529,,1650,24,,,0
21609,'1176534',629,,1651,24,,,0
21609,'1176553',1229,,1652,24,,,0
21609,'1176576',929,,1653,24,,,0
21609,'1176651',829,,1654,24,,,0
21609,'1176656',1529,,1655,24,,,0
21609,'1176659',1429,,1656,24,,,0
21609,'1176663',1329,,1657,24,,,0
21609,'1176665',859,,1658,24,,,0
21609,'1176686',2029,,1659,24,,,0
21609,'1176690',759,,1660,24,,,0
19001109,'1175757',2222,,1930,36,,,0
19001109,'1175788',1822,,1931,36,,,0
19001109,'1175797',1422,,1932,36,,,0
19001109,'1175800',1022,,1933,36,,,0
19001109,'1175811',1552,,1934,12,,,0
19001109,'1175846',1922,,1935,36,,,0
19001109,'1175854',1052,,1936,12,,,0
19001109,'1175866',1752,,1937,36,,,0
19001109,'1175889',1322,,1939,36,,,0
19001109,'1175960',1252,,1940,12,,,0
19001109,'1175990',1222,,1942,36,,,0
19001109,'1176025',622,,1943,15,,,0
19001109,'1176026',1322,,1944,36,,,0
19001109,'1176076',652,,1945,12,,,0
19001109,'1176086',1022,,1946,36,,,0
19001109,'1176114',922,,1947,36,,,0
19001109,'1176152',752,,1948,36,,,0
19001109,'1176229',2222,,1949,36,,,0
19001109,'1176246',822,,1950,36,,,0
19001109,'1176315',722,,1951,36,,,0
19001109,'1176316',1222,,1952,36,,,0
19001109,'1176317',1722,,1953,36,,,0
19001109,'1176322',952,,1954,36,,,0
19001109,'1176337',2022,,1955,36,,,0
19001109,'1176344',1622,,1956,36,,,0
19001109,'1176353',1622,,1957,36,,,0
19001109,'1176386',722,,1958,36,,,0
19001109,'1176406',1452,,1959,12,,,0
19001109,'1176429',1352,,1960,12,,,0
19001109,'1176444',1922,,1961,36,,,0
19001109,'1176445',2122,,1962,36,,,0
19001109,'1176478',1822,,1963,36,,,0
19001109,'1176517',1522,,1965,36,,,0
19001109,'1176557',922,,1966,36,,,0
19001109,'1176559',2022,,1967,36,,,0
19001109,'1176563',852,,1968,36,,,0
19001109,'1176570',1522,,1969,36,,,0
19001109,'1176581',1152,,1970,12,,,0
19001109,'1176586',1652,,1971,12,,,0
19001109,'1176595',1722,,1972,36,,,0
19001109,'1176605',1122,,1973,36,,,0
19001109,'1176616',1122,,1974,36,,,0
19001109,'1176620',822,,1975,36,,,0
19001109,'1176668',2122,,1976,36,,,0
19001109,'1176674',1422,,1977,36,,,0
