14009,'1083726',1656,,92,29,,,0
14009,'1083733',1256,,93,29,,,0
14009,'1083894',956,,95,29,,,0
14009,'1083982',1456,,98,29,,,0
14009,'1084115',1556,,100,29,,,0
14009,'1084147',1156,,101,29,,,0
14009,'1084174',1056,,104,29,,,0
14009,'1084272',1809,,105,29,,,0
14009,'1084375',1356,,109,29,,,0
14001009,'1083711',1824,,202,44,,,0
14001009,'1083714',2024,,203,44,,,0
14001009,'1083727',2024,,204,44,,,0
14001009,'1083743',2224,,206,44,,,0
14001009,'1083763',2124,,207,44,,,0
14001009,'1083798',724,,208,11,,,0
14001009,'1083841',1424,,210,45,,,0
14001009,'1083888',1524,,211,45,,,0
14001009,'1083897',1924,,212,44,,,0
14001009,'1083901',1724,,213,44,,,0
14001009,'1083919',1224,,214,45,,,0
14001009,'1083953',1624,,215,44,,,0
14001009,'1084005',1924,,218,44,,,0
14001009,'1084014',1124,,219,45,,,0
14001009,'1084030',1024,,220,45,,,0
14001009,'1084040',1724,,221,44,,,0
14001009,'1084045',1324,,222,45,,,0
14001009,'1084046',1024,,223,45,,,0
14001009,'1084052',2124,,224,44,,,0
14001009,'1084056',924,,225,44,,,0
14001009,'1084072',1124,,226,45,,,0
14001009,'1084104',1324,,228,45,,,0
14001009,'1084126',1654,,230,44,,,0
14001009,'1084128',854,,231,44,,,0
14001009,'1084131',724,,232,44,,,0
14001009,'1084133',824,,233,44,,,0
14001009,'1084154',2224,,234,44,,,0
14001009,'1084167',1824,,235,44,,,0
14001009,'1084176',924,,236,44,,,0
14001009,'1084187',1624,,237,44,,,0
14001009,'1084219',824,,239,44,,,0
14001009,'1084221',1424,,240,45,,,0
14001009,'1084321',1224,,243,45,,,0
14001009,'1084338',1524,,245,45,,,0
14001009,'1084349',754,,246,44,,,0
14001009,'1084363',1754,,247,44,,,0
