20009,'1142156',1311,,819,23,,,0
20009,'1142172',1011,,820,23,,,0
20009,'1142208',1211,,821,23,,,0
20009,'1142218',911,,822,13,,,0
20009,'1142244',1711,,823,23,,,0
20009,'1142378',1411,,825,23,,,0
20009,'1142609',1511,,831,23,,,0
20009,'1142761',1111,,834,23,,,0
20009,'1142875',1611,,837,23,,,0
19001709,'1142303',1354,,1211,12,,,0
19001709,'1142346',1554,,1214,12,,,0
19001709,'1142490',1154,,1221,12,,,0
19001709,'1142572',1054,,1231,12,,,0
19001709,'1142636',624,,1236,12,,,0
19001709,'1142727',1454,,1242,12,,,0
19001709,'1142751',1254,,1245,12,,,0
19001709,'1175723',924,,1419,45,,,0
19001709,'1175748',954,,1420,45,,,0
19001709,'1175763',1124,,1421,45,,,0
19001709,'1175781',1024,,1422,45,,,0
19001709,'1175795',754,,1423,45,,,0
19001709,'1175819',2124,,1424,45,,,0
19001709,'1175858',1924,,1425,45,,,0
19001709,'1175912',1824,,1427,45,,,0
19001709,'1175946',2124,,1428,45,,,0
19001709,'1176002',1424,,1429,45,,,0
19001709,'1176147',2024,,1431,45,,,0
19001709,'1176151',1524,,1432,45,,,0
19001709,'1176162',1224,,1433,45,,,0
19001709,'1176204',1624,,1434,45,,,0
19001709,'1176288',824,,1435,45,,,0
19001709,'1176339',1724,,1436,45,,,0
19001709,'1176366',724,,1437,45,,,0
19001709,'1176369',1624,,1438,45,,,0
19001709,'1176400',1124,,1439,45,,,0
19001709,'1176416',1924,,1440,45,,,0
19001709,'1176419',924,,1441,45,,,0
19001709,'1176422',1524,,1442,45,,,0
19001709,'1176428',1654,,1443,45,,,0
19001709,'1176461',1754,,1444,45,,,0
19001709,'1176465',2024,,1445,45,,,0
19001709,'1176481',1424,,1447,45,,,0
19001709,'1176493',654,,1448,45,,,0
19001709,'1176540',1024,,1449,45,,,0
19001709,'1176561',1724,,1450,45,,,0
19001709,'1176587',824,,1451,45,,,0
19001709,'1176600',1324,,1452,45,,,0
19001709,'1176606',1324,,1453,45,,,0
19001709,'1176634',724,,1454,45,,,0
19001709,'1176635',854,,1455,45,,,0
19001709,'1176664',1224,,1457,45,,,0
19001709,'1176670',1824,,1458,45,,,0
