11609,'1175716',1151,,1478,26,,,0
11609,'1175732',1551,,1479,26,,,0
11609,'1175756',1351,,1480,26,,,0
11609,'1175773',2051,,1481,26,,,0
11609,'1175832',1821,,1482,26,,,0
11609,'1175843',1451,,1483,26,,,0
11609,'1175850',2151,,1484,26,,,0
11609,'1175868',1251,,1485,26,,,0
11609,'1175918',1655,,1486,27,,,0
11609,'1175942',1751,,1487,26,,,0
11609,'1175949',1725,,1488,27,,,0
11609,'1175954',951,,1489,26,,,0
11609,'1175958',1551,,1490,26,,,0
11609,'1175970',1151,,1491,26,,,0
11609,'1176003',1951,,1492,26,,,0
11609,'1176080',1351,,1493,26,,,0
11609,'1176101',1851,,1494,26,,,0
11609,'1176137',1851,,1495,26,,,0
11609,'1176153',1651,,1496,26,,,0
11609,'1176239',1251,,1497,26,,,0
11609,'1176240',751,,1498,26,,,0
11609,'1176243',655,,1499,27,,,0
11609,'1176254',821,,1500,26,,,0
11609,'1176259',2051,,1501,26,,,0
11609,'1176276',851,,1502,26,,,0
11609,'1176432',725,,1503,27,,,0
11609,'1176433',1621,,1504,26,,,0
11609,'1176442',921,,1505,26,,,0
11609,'1176443',1051,,1506,26,,,0
11609,'1176475',751,,1507,26,,,0
11609,'1176603',1751,,1508,26,,,0
11609,'1176630',2151,,1509,26,,,0
11609,'1176639',1951,,1510,26,,,0
11609,'1176641',1051,,1511,26,,,0
11609,'1176646',951,,1512,26,,,0
11609,'1176652',851,,1513,26,,,0
11609,'1176685',1451,,1514,26,,,0
16009,'1175859',1242,,1588,25,0,16 17 11,0
16009,'1176087',1342,,1589,25,0,16 17 11,0
16009,'1176112',1442,,1590,25,0,16 17 11,0
16009,'1176128',1742,,1591,25,0,16 17 11,0
16009,'1176235',1042,,1593,25,0,16 17 11,0
16009,'1176236',1642,,1594,25,0,16 17 11,0
16009,'1176410',1542,,1599,25,0,16 17 11,0
16009,'1176572',942,,1602,25,0,16 17 11,0
16009,'1176585',1142,,1603,25,0,16 17 11,0
