19001509,'1083702',1449,,487,32,,,0
19001509,'1083710',1619,,488,32,,,0
19001509,'1083729',1219,,489,32,,,0
19001509,'1083731',849,,490,32,,,0
19001509,'1083760',2019,,491,32,,,0
19001509,'1083772',819,,492,32,,,0
19001509,'1083789',1549,,493,32,,,0
19001509,'1083800',2119,,494,32,,,0
19001509,'1083805',1249,,495,32,,,0
19001509,'1083822',1349,,496,32,,,0
19001509,'1083829',1819,,497,32,,,0
19001509,'1083830',1419,,498,32,,,0
19001509,'1083856',1919,,500,32,,,0
19001509,'1083862',1619,,501,32,,,0
19001509,'1083872',1119,,502,32,,,0
19001509,'1083878',949,,504,32,,,0
19001509,'1083886',1019,,505,32,,,0
19001509,'1083890',1219,,506,32,,,0
19001509,'1083898',1719,,507,32,,,0
19001509,'1083913',649,,508,7,,,0
19001509,'1083964',1749,,509,32,,,0
19001509,'1084023',719,,510,32,,,0
19001509,'1084031',719,,511,32,,,0
19001509,'1084038',1049,,512,32,,,0
19001509,'1084062',1819,,513,32,,,0
19001509,'1084080',2019,,514,32,,,0
19001509,'1084094',2119,,515,32,,,0
19001509,'1084116',1419,,516,32,,,0
19001509,'1084135',749,,517,32,,,0
19001509,'1084184',1319,,518,32,,,0
19001509,'1084188',1119,,519,32,,,0
19001509,'1084197',1919,,520,32,,,0
19001509,'1084202',1519,,521,32,,,0
19001509,'1084225',819,,522,32,,,0
19001509,'1084228',1519,,523,32,,,0
19001509,'1084246',1149,,525,32,,,0
19001509,'1084266',919,,526,32,,,0
19001509,'1084293',619,,529,7,,,0
19001509,'1084332',1649,,530,32,,,0
19001509,'1084358',1719,,531,32,,,0
19001509,'1084364',919,,532,32,,,0
19001509,'1084377',1019,,533,32,,,0
19001509,'1084382',1319,,534,32,,,0
