20009,'1083708',1031,,146,,,0
20009,'1083712',1231,,147,,,0
20009,'1083755',931,,149,,,0
20009,'1083920',1631,,154,,,0
20009,'1083959',1715,,155,,,0
20009,'1084179',1431,,159,,,0
20009,'1084203',1531,,160,,,0
20009,'1084236',1131,,162,,,0
20009,'1084316',1331,,163,,,0
14001409,'1083698',1525,,294,,,0
14001409,'1083768',1924,,295,,,0
14001409,'1083799',1824,,296,,,0
14001409,'1083819',824,,297,,,0
14001409,'1083823',925,,298,,,0
14001409,'1083831',825,,299,,,0
14001409,'1083885',2124,,300,,,0
14001409,'1083889',1025,,301,,,0
14001409,'1083899',2025,,302,,,0
14001409,'1083923',1625,,303,,,0
14001409,'1083934',955,,304,,,0
14001409,'1083938',1655,,305,,,0
14001409,'1083962',655,,306,,,0
14001409,'1083968',1225,,307,,,0
14001409,'1083975',724,,308,,,0
14001409,'1083996',1224,,309,,,0
14001409,'1083997',1725,,310,,,0
14001409,'1084002',1724,,311,,,0
14001409,'1084035',1155,,312,,,0
14001409,'1084081',624,,313,,,0
14001409,'1084095',1324,,314,,,0
14001409,'1084114',1425,,316,,,0
14001409,'1084134',1424,,317,,,0
14001409,'1084143',1325,,318,,,0
14001409,'1084149',755,,319,,,0
14001409,'1084161',924,,320,,,0
14001409,'1084166',2125,,321,,,0
14001409,'1084175',2024,,322,,,0
14001409,'1084192',1925,,323,,,0
14001409,'1084194',2225,,324,,,0
14001409,'1084212',1455,,325,,,0
14001409,'1084214',725,,326,,,0
14001409,'1084230',1355,,327,,,0
14001409,'1084248',1755,,328,,,0
14001409,'1084250',625,,329,,,0
14001409,'1084252',1524,,330,,,0
14001409,'1084256',1125,,331,,,0
14001409,'1084258',1124,,332,,,0
14001409,'1084269',2224,,333,,,0
14001409,'1084304',855,,334,,,0
14001409,'1084306',1055,,335,,,0
14001409,'1084326',1555,,336,,,0
14001409,'1084330',1024,,337,,,0
14001409,'1084354',1255,,338,,,0
14001409,'1084355',1825,,339,,,0
14001409,'1084374',1624,,340,,,0
