15009,'1175719',1704,,1569,10,0,20 15,0
15009,'1175730',1504,,1570,10,0,20 15,0
15009,'1175737',1304,,1571,10,0,20 15,0
15009,'1175828',1404,,1572,10,0,20 15,0
15009,'1175835',1004,,1573,10,0,20 15,0
15009,'1176048',1204,,1578,10,0,20 15,0
15009,'1176230',1604,,1580,10,0,20 15,0
15009,'1176301',904,,1582,10,0,20 15,0
15009,'1176568',1104,,1584,10,0,20 15,0
19001509,'1175715',2121,,2024,35,,,0
19001509,'1175729',1021,,2025,35,,,0
19001509,'1175740',821,,2027,35,,,0
19001509,'1175741',1321,,2028,35,,,0
19001509,'1175778',1751,,2031,35,,,0
19001509,'1175793',1821,,2032,35,,,0
19001509,'1175801',821,,2033,35,,,0
19001509,'1175845',1351,,2034,35,,,0
19001509,'1175897',1451,,2035,35,,,0
19001509,'1175899',1221,,2036,35,,,0
19001509,'1175907',951,,2037,35,,,0
19001509,'1175925',1621,,2038,35,,,0
19001509,'1175932',1521,,2039,35,,,0
19001509,'1175953',1551,,2040,35,,,0
19001509,'1175965',651,,2041,10,,,0
19001509,'1175967',1051,,2042,35,,,0
19001509,'1175996',1651,,2043,35,,,0
19001509,'1176000',921,,2044,35,,,0
19001509,'1176049',1721,,2045,35,,,0
19001509,'1176055',1921,,2046,35,,,0
19001509,'1176057',1021,,2047,35,,,0
19001509,'1176073',751,,2048,35,,,0
19001509,'1176074',721,,2049,35,,,0
19001509,'1176085',1921,,2050,35,,,0
19001509,'1176090',2121,,2051,35,,,0
19001509,'1176092',1121,,2052,35,,,0
19001509,'1176093',921,,2053,35,,,0
19001509,'1176105',2021,,2054,35,,,0
19001509,'1176238',1521,,2055,35,,,0
19001509,'1176266',1151,,2056,35,,,0
19001509,'1176293',1421,,2057,35,,,0
19001509,'1176328',1251,,2058,35,,,0
19001509,'1176335',2021,,2059,35,,,0
19001509,'1176355',1621,,2061,35,,,0
19001509,'1176358',1321,,2062,35,,,0
19001509,'1176362',1821,,2063,35,,,0
19001509,'1176426',1121,,2064,35,,,0
19001509,'1176450',621,,2066,10,,,0
19001509,'1176496',1421,,2067,35,,,0
19001509,'1176536',721,,2068,35,,,0
19001509,'1176537',851,,2069,35,,,0
19001509,'1176684',1721,,2070,35,,,0
19001509,'1176689',1221,,2071,35,,,0
