14009,'1142164',1127,,765,20,0,5 6 7,0
14009,'1142187',1427,,767,20,0,5 6 7,0
14009,'1142323',1627,,768,20,0,5 6 7,0
14009,'1142325',1727,,769,20,0,5 6 7,0
14009,'1142341',1227,,770,20,0,5 6 7,0
14009,'1142386',927,,773,20,0,5 6 7,0
14009,'1142559',1527,,776,20,0,5 6 7,0
14009,'1142645',1327,,778,20,0,5 6 7,0
14009,'1142708',1027,,780,20,0,5 6 7,0
19001309,'1142849',1827,,1152,24,0,8 21,0
19001309,'1175725',657,,1374,24,,,0
19001309,'1175746',1257,,1375,24,,,0
19001309,'1175750',2157,,1376,24,,,0
19001309,'1175772',2057,,1378,24,,,0
19001309,'1175824',1957,,1379,24,,,0
19001309,'1175844',657,,1380,24,,,0
19001309,'1175930',1757,,1381,24,,,0
19001309,'1175941',1457,,1382,24,,,0
19001309,'1175974',1627,,1383,24,,,0
19001309,'1176027',1157,,1384,24,,,0
19001309,'1176051',1327,,1385,24,,,0
19001309,'1176056',1527,,1386,24,,,0
19001309,'1176072',857,,1387,24,,,0
19001309,'1176088',827,,1388,24,,,0
19001309,'1176113',957,,1389,24,,,0
19001309,'1176123',1457,,1390,24,,,0
19001309,'1176150',1657,,1391,24,,,0
19001309,'1176155',1727,,1392,24,,,0
19001309,'1176191',1857,,1393,24,,,0
19001309,'1176203',1957,,1394,24,,,0
19001309,'1176205',757,,1395,24,,,0
19001309,'1176216',727,,1396,24,,,0
19001309,'1176219',1557,,1397,24,,,0
19001309,'1176231',1257,,1398,24,,,0
19001309,'1176237',1157,,1399,24,,,0
19001309,'1176251',857,,1400,24,,,0
19001309,'1176267',1857,,1401,24,,,0
19001309,'1176327',2157,,1403,24,,,0
19001309,'1176330',1057,,1404,24,,,0
19001309,'1176347',1357,,1405,24,,,0
19001309,'1176350',1357,,1406,24,,,0
19001309,'1176372',927,,1407,24,,,0
19001309,'1176377',2057,,1408,24,,,0
19001309,'1176385',957,,1409,24,,,0
19001309,'1176484',1557,,1410,24,,,0
19001309,'1176487',1227,,1411,24,,,0
19001309,'1176502',1427,,1412,24,,,0
19001309,'1176565',1057,,1413,24,,,0
19001309,'1176609',1657,,1414,24,,,0
19001309,'1176622',1757,,1415,24,,,0
19001309,'1176667',757,,1416,24,,,0
19001309,'1176691',1127,,1417,24,,,0
19001309,'1176694',1027,,1418,24,,,0
