13009,'1175753',1000,,1270,9,0,19 15,0
13009,'1175782',1200,,1271,9,0,19 15,0
13009,'1175783',900,,1272,9,0,19 15,0
13009,'1176089',1100,,1273,9,0,19 15,0
13009,'1176177',1300,,1274,9,0,19 15,0
13009,'1176441',1700,,1275,9,0,19 15,0
13009,'1176507',1500,,1276,9,0,19 15,0
13009,'1176529',1600,,1277,9,0,19 15,0
13009,'1176679',1400,,1278,9,0,19 15,0
19001309,'1175725',721,,1374,41,,,0
19001309,'1175746',1321,,1375,41,,,0
19001309,'1175750',2221,,1376,41,,,0
19001309,'1175754',621,,1377,9,,,0
19001309,'1175772',2121,,1378,41,,,0
19001309,'1175824',2021,,1379,41,,,0
19001309,'1175844',721,,1380,41,,,0
19001309,'1175930',1821,,1381,41,,,0
19001309,'1175941',1521,,1382,41,,,0
19001309,'1175974',1651,,1383,41,,,0
19001309,'1176027',1221,,1384,41,,,0
19001309,'1176051',1351,,1385,41,,,0
19001309,'1176056',1551,,1386,41,,,0
19001309,'1176072',921,,1387,41,,,0
19001309,'1176088',851,,1388,41,,,0
19001309,'1176113',1021,,1389,41,,,0
19001309,'1176123',1521,,1390,41,,,0
19001309,'1176150',1721,,1391,41,,,0
19001309,'1176155',1751,,1392,41,,,0
19001309,'1176191',1921,,1393,41,,,0
19001309,'1176203',2021,,1394,41,,,0
19001309,'1176205',821,,1395,41,,,0
19001309,'1176216',751,,1396,41,,,0
19001309,'1176219',1621,,1397,41,,,0
19001309,'1176231',1321,,1398,41,,,0
19001309,'1176237',1221,,1399,41,,,0
19001309,'1176251',921,,1400,41,,,0
19001309,'1176267',1921,,1401,41,,,0
19001309,'1176294',651,,1402,9,,,0
19001309,'1176327',2221,,1403,41,,,0
19001309,'1176330',1121,,1404,41,,,0
19001309,'1176347',1421,,1405,41,,,0
19001309,'1176350',1421,,1406,41,,,0
19001309,'1176372',951,,1407,41,,,0
19001309,'1176377',2121,,1408,41,,,0
19001309,'1176385',1021,,1409,41,,,0
19001309,'1176484',1621,,1410,41,,,0
19001309,'1176487',1251,,1411,41,,,0
19001309,'1176502',1451,,1412,41,,,0
19001309,'1176565',1121,,1413,41,,,0
19001309,'1176609',1721,,1414,41,,,0
19001309,'1176622',1821,,1415,41,,,0
19001309,'1176667',821,,1416,41,,,0
19001309,'1176691',1151,,1417,41,,,0
19001309,'1176694',1051,,1418,41,,,0
