16009,'1175864',1412,,1282,28,,,0
16009,'1175957',1712,,1283,28,,,0
16009,'1175969',1112,,1284,28,,,0
16009,'1176053',1212,,1285,28,,,0
16009,'1176095',1612,,1286,28,,,0
16009,'1176194',1312,,1291,28,,,0
16009,'1176519',912,,1293,28,,,0
16009,'1176596',1512,,1295,28,,,0
16009,'1176648',1012,,1296,28,,,0
21609,'1142134',902,,838,30,,,0
21609,'1142173',1432,,839,30,,,0
21609,'1142220',1232,,840,30,,,0
21609,'1142255',1632,,841,30,,,0
21609,'1142260',632,,842,30,,,0
21609,'1142266',1332,,843,30,,,0
21609,'1142277',1732,,844,30,,,0
21609,'1142281',832,,845,30,,,0
21609,'1142305',1132,,846,30,,,0
21609,'1142347',2132,,847,30,,,0
21609,'1142348',1032,,848,30,,,0
21609,'1142363',1132,,849,30,,,0
21609,'1142398',735,,850,31,,,0
21609,'1142432',832,,851,30,,,0
21609,'1142489',705,,852,31,,,0
21609,'1142528',2132,,853,30,,,0
21609,'1142549',2032,,854,30,,,0
21609,'1142551',1032,,855,30,,,0
21609,'1142557',1432,,856,30,,,0
21609,'1142574',1332,,857,30,,,0
21609,'1142584',1602,,858,30,,,0
21609,'1142623',1232,,859,30,,,0
21609,'1142647',1532,,860,30,,,0
21609,'1142662',2032,,861,30,,,0
21609,'1142678',932,,862,30,,,0
21609,'1142730',1635,,863,31,,,0
21609,'1142732',932,,864,30,,,0
21609,'1142740',802,,865,30,,,0
21609,'1142753',732,,866,30,,,0
21609,'1142754',1705,,867,31,,,0
21609,'1142762',1932,,868,30,,,0
21609,'1142784',1932,,869,30,,,0
21609,'1142801',1802,,870,30,,,0
21609,'1142822',1532,,871,30,,,0
21609,'1142856',1735,,872,31,,,0
21609,'1142867',1832,,873,30,,,0
21609,'1142890',1832,,874,30,,,0
