15009,'1142326',1203,,785,8,0,20 15,0
15009,'1142391',1003,,786,8,0,20 15,0
15009,'1142463',1603,,789,8,0,20 15,0
15009,'1142521',903,,791,8,0,20 15,0
15009,'1142575',1503,,792,8,0,20 15,0
15009,'1142681',1303,,794,8,0,20 15,0
15009,'1142872',1103,,798,8,0,20 15,0
15009,'1142884',1403,,799,8,0,20 15,0
15009,'1142889',1703,,800,8,0,20 15,0
19001509,'1142133',1720,,1156,33,,,0
19001509,'1142140',620,,1157,8,,,0
19001509,'1142153',720,,1158,33,,,0
19001509,'1142160',1020,,1159,33,,,0
19001509,'1142170',1520,,1160,33,,,0
19001509,'1142181',720,,1161,33,,,0
19001509,'1142183',1620,,1162,33,,,0
19001509,'1142185',1520,,1163,33,,,0
19001509,'1142201',850,,1164,33,,,0
19001509,'1142204',1320,,1165,33,,,0
19001509,'1142217',1120,,1167,33,,,0
19001509,'1142250',2120,,1168,33,,,0
19001509,'1142261',1250,,1169,33,,,0
19001509,'1142284',1050,,1170,33,,,0
19001509,'1142302',1820,,1172,33,,,0
19001509,'1142318',950,,1174,33,,,0
19001509,'1142351',2020,,1175,33,,,0
19001509,'1142376',1820,,1176,33,,,0
19001509,'1142422',1220,,1177,33,,,0
19001509,'1142427',820,,1178,33,,,0
19001509,'1142428',1650,,1179,33,,,0
19001509,'1142440',1320,,1180,33,,,0
19001509,'1142443',2020,,1181,33,,,0
19001509,'1142474',750,,1182,33,,,0
19001509,'1142476',1350,,1183,33,,,0
19001509,'1142512',1150,,1184,33,,,0
19001509,'1142514',1620,,1185,33,,,0
19001509,'1142587',1750,,1187,33,,,0
19001509,'1142615',1920,,1188,33,,,0
19001509,'1142630',1920,,1189,33,,,0
19001509,'1142653',1720,,1190,33,,,0
19001509,'1142655',920,,1191,33,,,0
19001509,'1142675',820,,1192,33,,,0
19001509,'1142725',1550,,1194,33,,,0
19001509,'1142736',1420,,1195,33,,,0
19001509,'1142755',1120,,1196,33,,,0
19001509,'1142769',650,,1197,8,,,0
19001509,'1142799',1450,,1198,33,,,0
19001509,'1142808',2120,,1199,33,,,0
19001509,'1142818',1220,,1200,33,,,0
19001509,'1142823',1420,,1201,33,,,0
19001509,'1142868',920,,1202,33,,,0
19001509,'1142879',1020,,1203,33,,,0
