19001309,'1175725',726,,1374,46,,,0
19001309,'1175746',1326,,1375,46,,,0
19001309,'1175750',2226,,1376,46,,,0
19001309,'1175754',626,,1377,14,,,0
19001309,'1175772',2126,,1378,46,,,0
19001309,'1175824',2026,,1379,46,,,0
19001309,'1175844',726,,1380,46,,,0
19001309,'1175930',1826,,1381,46,,,0
19001309,'1175941',1526,,1382,46,,,0
19001309,'1175974',1656,,1383,46,,,0
19001309,'1176027',1226,,1384,46,,,0
19001309,'1176051',1356,,1385,46,,,0
19001309,'1176056',1556,,1386,46,,,0
19001309,'1176072',926,,1387,46,,,0
19001309,'1176088',856,,1388,46,,,0
19001309,'1176113',1026,,1389,46,,,0
19001309,'1176123',1526,,1390,46,,,0
19001309,'1176150',1726,,1391,46,,,0
19001309,'1176155',1756,,1392,46,,,0
19001309,'1176191',1926,,1393,46,,,0
19001309,'1176203',2026,,1394,46,,,0
19001309,'1176205',826,,1395,46,,,0
19001309,'1176216',756,,1396,46,,,0
19001309,'1176219',1626,,1397,46,,,0
19001309,'1176231',1326,,1398,46,,,0
19001309,'1176237',1226,,1399,46,,,0
19001309,'1176251',926,,1400,46,,,0
19001309,'1176267',1926,,1401,46,,,0
19001309,'1176294',656,,1402,14,,,0
19001309,'1176327',2226,,1403,46,,,0
19001309,'1176330',1126,,1404,46,,,0
19001309,'1176347',1426,,1405,46,,,0
19001309,'1176350',1426,,1406,46,,,0
19001309,'1176372',956,,1407,46,,,0
19001309,'1176377',2126,,1408,46,,,0
19001309,'1176385',1026,,1409,46,,,0
19001309,'1176484',1626,,1410,46,,,0
19001309,'1176487',1256,,1411,46,,,0
19001309,'1176502',1456,,1412,46,,,0
19001309,'1176565',1126,,1413,46,,,0
19001309,'1176609',1726,,1414,46,,,0
19001309,'1176622',1826,,1415,46,,,0
19001309,'1176667',826,,1416,46,,,0
19001309,'1176691',1156,,1417,46,,,0
19001309,'1176694',1056,,1418,46,,,0
