13009,'1176096',1122,,1537,2,,,0
13009,'1176190',1522,,1540,2,,,0
13009,'1176224',1022,,1542,2,,,0
13009,'1176248',1722,,1543,2,,,0
13009,'1176271',1622,,1544,2,,,0
13009,'1176360',922,,1545,2,,,0
13009,'1176371',1222,,1546,2,,,0
13009,'1176623',1322,,1549,2,,,0
13009,'1176644',1422,,1550,2,,,0
30009,'1178822',1349,,2122,5,0,23 24 2 26,0
30009,'1178823',749,,2123,5,0,23 24 2 26,0
30009,'1178824',849,,2124,5,0,23 24 2 26,0
30009,'1178825',1449,,2125,5,0,23 24 2 26,0
30009,'1178832',1019,,2132,5,0,8 9 2 26,0
30009,'1178833',949,,2133,5,0,23 24 2 26,0
30009,'1178834',819,,2134,5,0,23 24 2 26,0
30009,'1178837',1749,,2137,5,0,23 24 2 26,0
30009,'1178839',1149,,2139,5,0,23 24 2 26,0
30009,'1178842',1249,,2142,5,0,23 24 2 26,0
30009,'1178844',719,,2144,5,0,23 24 2 26,0
30009,'1178849',1719,,2149,5,0,23 24 2 26,0
30009,'1178850',949,,2150,5,0,23 24 2 26,0
30009,'1178851',849,,2151,5,0,23 24 2 26,0
30009,'1178853',1949,,2153,5,0,23 24 2 26,0
30009,'1178855',1449,,2155,5,0,23 24 2 26,0
30009,'1178856',2049,,2156,5,0,23 24 2 26,0
30009,'1178858',1849,,2158,5,0,23 24 2 26,0
30009,'1178859',1549,,2159,5,0,23 24 2 26,0
30009,'1178862',1749,,2162,5,0,23 24 2 26,0
30009,'1178864',1049,,2164,5,0,23 24 2 26,0
30009,'1178866',2149,,2166,5,0,8 9 2 26,0
30009,'1178867',2049,,2167,5,0,23 24 2 26,0
30009,'1178870',1849,,2170,5,0,23 24 2 26,0
30009,'1178872',1349,,2172,5,0,23 24 2 26,0
30009,'1178875',1149,,2175,5,0,23 24 2 26,0
30009,'1178877',1949,,2177,5,0,23 24 2 26,0
30009,'1178878',1619,,2178,5,0,23 24 2 26,0
30009,'1178879',1549,,2179,5,0,23 24 2 26,0
30009,'1178888',1049,,2188,5,0,23 24 2 26,0
30009,'1178889',1249,,2189,5,0,23 24 2 26,0
30009,'1178890',919,,2190,5,0,23 24 2 26,0
30009,'1178891',2149,,2191,5,0,8 9 2 26,0
30009,'1178892',1649,,2192,5,0,23 24 2 26,0
30009,'1178894',749,,2194,5,0,23 24 2 26,0
30009,'1178900',1819,,2200,5,0,8 9 2 26,0
30009,'1178901',1649,,2201,5,0,23 24 2 26,0
14001209,'1175718',1615,,1789,2,,,0
14001209,'1175861',1845,,1790,2,,,0
14001209,'1175900',1715,,1791,2,,,0
14001209,'1175913',2245,,1792,2,0,8 21,0
14001209,'1175915',2045,,1793,2,,,0
14001209,'1175917',1415,,1794,2,,,0
14001209,'1175919',1945,,1795,2,,,0
14001209,'1175938',745,,1796,2,,,0
14001209,'1175939',1745,,1797,2,,,0
14001209,'1175983',2145,,1798,2,,,0
14001209,'1176007',1245,,1799,2,,,0
14001209,'1176012',1045,,1800,2,,,0
14001209,'1176069',845,,1801,2,,,0
14001209,'1176070',1145,,1802,2,,,0
14001209,'1176091',945,,1803,2,,,0
14001209,'1176103',945,,1805,2,,,0
14001209,'1176117',1145,,1806,2,,,0
14001209,'1176122',2245,,1807,2,0,8 21,0
14001209,'1176163',1845,,1808,2,,,0
14001209,'1176213',1045,,1809,2,,,0
14001209,'1176217',1545,,1810,2,,,0
14001209,'1176245',1745,,1811,2,,,0
14001209,'1176255',845,,1812,2,,,0
14001209,'1176275',1645,,1813,2,,,0
14001209,'1176323',1115,,1814,2,,,0
14001209,'1176336',1815,,1815,2,0,8 21,0
14001209,'1176343',1345,,1816,2,,,0
14001209,'1176354',1445,,1817,2,,,0
14001209,'1176378',1245,,1818,2,,,0
14001209,'1176401',715,,1819,2,,,0
14001209,'1176411',2045,,1820,2,,,0
14001209,'1176440',1445,,1821,2,,,0
14001209,'1176458',645,,1822,2,,,0
14001209,'1176470',1545,,1823,2,,,0
14001209,'1176472',1015,,1824,2,,,0
14001209,'1176483',1315,,1825,2,,,0
14001209,'1176488',1645,,1826,2,,,0
14001209,'1176515',1945,,1827,2,,,0
14001209,'1176526',915,,1828,2,,,0
14001209,'1176532',1215,,1829,2,,,0
14001209,'1176546',2145,,1830,2,,,0
14001209,'1176594',815,,1831,2,,,0
14001209,'1176599',1515,,1832,2,,,0
14001209,'1176626',745,,1833,2,,,0
14001209,'1176676',1345,,1834,2,,,0
