14001009,'1083711',1756,,202,29,,,0
14001009,'1083714',1956,,203,29,,,0
14001009,'1083727',1956,,204,29,,,0
14001009,'1083739',1026,,205,29,0,8 9,0
14001009,'1083743',2156,,206,29,,,0
14001009,'1083763',2056,,207,29,,,0
14001009,'1083809',1826,,209,29,0,8 9,0
14001009,'1083841',1357,,210,29,,,0
14001009,'1083897',1856,,212,29,,,0
14001009,'1083901',1656,,213,29,,,0
14001009,'1083953',1556,,215,29,,,0
14001009,'1083971',1226,,216,29,0,8 9,0
14001009,'1083977',1426,,217,29,0,8 9,0
14001009,'1084005',1856,,218,29,,,0
14001009,'1084014',1057,,219,29,,,0
14001009,'1084040',1656,,221,29,,,0
14001009,'1084045',1257,,222,29,,,0
14001009,'1084052',2056,,224,29,,,0
14001009,'1084056',856,,225,29,,,0
14001009,'1084072',1057,,226,29,,,0
14001009,'1084104',1257,,228,29,,,0
14001009,'1084118',1326,,229,29,0,8 9,0
14001009,'1084126',1626,,230,29,,,0
14001009,'1084128',826,,231,29,,,0
14001009,'1084133',756,,233,29,,,0
14001009,'1084154',2156,,234,29,,,0
14001009,'1084167',1756,,235,29,,,0
14001009,'1084176',856,,236,29,,,0
14001009,'1084187',1556,,237,29,,,0
14001009,'1084190',2256,,238,29,0,8 9,0
14001009,'1084219',756,,239,29,,,0
14001009,'1084221',1357,,240,29,,,0
14001009,'1084288',1526,,241,29,0,8 9,0
14001009,'1084291',1126,,242,29,0,8 9,0
14001009,'1084349',726,,246,29,,,0
14001009,'1084363',1726,,247,29,,,0
14001009,'1142404',1457,,625,29,,,0
14001009,'1142405',926,,626,29,0,8 9,0
14001009,'1142495',957,,627,29,,,0
14001009,'1142534',1457,,628,29,,,0
14001009,'1142603',957,,629,29,,,0
14001009,'1142604',1157,,630,29,,,0
14001009,'1142640',2256,,631,29,0,8 9,0
14001009,'1142648',656,,632,29,,,0
14001009,'1142722',1157,,633,29,,,0
