20009,'1175886',1431,,1606,3,,,0
20009,'1176006',931,,1608,3,,,0
20009,'1176032',1231,,1609,3,,,0
20009,'1176110',1531,,1610,3,,,0
20009,'1176195',1715,,1611,3,,,0
20009,'1176370',1131,,1614,3,,,0
20009,'1176412',1031,,1617,3,,,0
20009,'1176469',1331,,1619,3,,,0
20009,'1176512',1631,,1620,3,,,0
14001409,'1175733',1924,,1835,31,,,0
14001409,'1175775',1224,,1836,31,,,0
14001409,'1175776',2124,,1837,31,,,0
14001409,'1175786',2024,,1838,31,,,0
14001409,'1175790',1624,,1839,31,,,0
14001409,'1175803',1424,,1840,31,,,0
14001409,'1175809',954,,1841,31,,,0
14001409,'1175820',1524,,1842,31,,,0
14001409,'1175821',1224,,1843,31,,,0
14001409,'1175838',1154,,1844,31,,,0
14001409,'1175856',1124,,1845,31,,,0
14001409,'1175876',1624,,1846,31,,,0
14001409,'1175893',1924,,1847,31,,,0
14001409,'1175894',1754,,1848,31,,,0
14001409,'1175902',1654,,1849,31,,,0
14001409,'1175961',1324,,1850,31,,,0
14001409,'1175973',924,,1851,31,,,0
14001409,'1175975',1824,,1852,31,,,0
14001409,'1175999',854,,1854,31,,,0
14001409,'1176001',1054,,1855,31,,,0
14001409,'1176014',1124,,1856,31,,,0
14001409,'1176036',754,,1857,31,,,0
14001409,'1176047',1424,,1858,31,,,0
14001409,'1176050',2124,,1859,31,,,0
14001409,'1176071',1254,,1860,31,,,0
14001409,'1176160',1724,,1861,31,,,0
14001409,'1176250',824,,1862,31,,,0
14001409,'1176268',2224,,1863,31,,,0
14001409,'1176283',1354,,1864,31,,,0
14001409,'1176287',624,,1865,3,,,0
14001409,'1176308',2224,,1866,31,,,0
14001409,'1176314',724,,1867,31,,,0
14001409,'1176357',624,,1868,3,,,0
14001409,'1176393',1024,,1869,31,,,0
14001409,'1176423',824,,1870,31,,,0
14001409,'1176464',654,,1871,10,,,0
14001409,'1176476',1554,,1872,31,,,0
14001409,'1176485',1024,,1873,31,,,0
14001409,'1176522',924,,1874,31,,,0
14001409,'1176530',724,,1875,10,,,0
14001409,'1176556',1724,,1876,31,,,0
14001409,'1176558',1524,,1877,31,,,0
14001409,'1176598',2024,,1878,31,,,0
14001409,'1176631',1324,,1879,31,,,0
14001409,'1176643',1454,,1880,31,,,0
14001409,'1176681',1824,,1881,31,,,0
