14001409,'1083698',1457,,294,16,,,0
14001409,'1083768',1857,,295,16,,,0
14001409,'1083799',1757,,296,16,,,0
14001409,'1083819',757,,297,16,,,0
14001409,'1083823',857,,298,16,,,0
14001409,'1083831',757,,299,16,,,0
14001409,'1083885',2057,,300,16,,,0
14001409,'1083889',957,,301,16,,,0
14001409,'1083899',1957,,302,16,,,0
14001409,'1083923',1557,,303,16,,,0
14001409,'1083934',927,,304,16,,,0
14001409,'1083938',1627,,305,16,,,0
14001409,'1083968',1157,,307,16,,,0
14001409,'1083996',1157,,309,16,,,0
14001409,'1083997',1657,,310,16,,,0
14001409,'1084002',1657,,311,16,,,0
14001409,'1084035',1127,,312,16,,,0
14001409,'1084095',1257,,314,16,,,0
14001409,'1084113',1827,,315,16,0,8 9,0
14001409,'1084114',1357,,316,16,,,0
14001409,'1084134',1357,,317,16,,,0
14001409,'1084143',1257,,318,16,,,0
14001409,'1084149',727,,319,16,,,0
14001409,'1084161',857,,320,16,,,0
14001409,'1084166',2057,,321,16,,,0
14001409,'1084175',1957,,322,16,,,0
14001409,'1084192',1857,,323,16,,,0
14001409,'1084194',2157,,324,16,,,0
14001409,'1084212',1427,,325,16,,,0
14001409,'1084214',657,,326,16,,,0
14001409,'1084230',1327,,327,16,,,0
14001409,'1084248',1727,,328,16,,,0
14001409,'1084252',1457,,330,16,,,0
14001409,'1084256',1057,,331,16,,,0
14001409,'1084258',1057,,332,16,,,0
14001409,'1084269',2157,,333,16,,,0
14001409,'1084304',827,,334,16,,,0
14001409,'1084306',1027,,335,16,,,0
14001409,'1084326',1527,,336,16,,,0
14001409,'1084330',957,,337,16,,,0
14001409,'1084354',1227,,338,16,,,0
14001409,'1084355',1757,,339,16,,,0
14001409,'1084374',1557,,340,16,,,0
