14009,'1142177',1058,,766,33,,,0
14009,'1142342',1558,,771,33,,,0
14009,'1142362',1358,,772,33,,,0
14009,'1142406',958,,774,33,,,0
14009,'1142444',1258,,775,33,,,0
14009,'1142613',1811,,777,33,,,0
14009,'1142687',1658,,779,33,,,0
14009,'1142827',1458,,781,33,,,0
14009,'1142830',1158,,782,33,,,0
14001009,'1142143',1425,,875,49,,,0
14001009,'1142178',728,,876,48,,,0
14001009,'1142189',928,,877,48,,,0
14001009,'1142190',758,,878,48,,,0
14001009,'1142194',1525,,879,49,,,0
14001009,'1142216',1025,,880,49,,,0
14001009,'1142231',858,,881,48,,,0
14001009,'1142237',1427,,882,49,,,0
14001009,'1142279',1728,,883,48,,,0
14001009,'1142282',1325,,884,49,,,0
14001009,'1142286',928,,885,48,,,0
14001009,'1142290',2028,,886,48,,,0
14001009,'1142344',2128,,888,48,,,0
14001009,'1142360',1225,,889,49,,,0
14001009,'1142375',1125,,891,49,,,0
14001009,'1142459',1027,,894,49,,,0
14001009,'1142462',1628,,896,48,,,0
14001009,'1142479',1928,,897,48,,,0
14001009,'1142483',1527,,898,49,,,0
14001009,'1142508',1928,,900,48,,,0
14001009,'1142510',1628,,901,48,,,0
14001009,'1142538',1127,,903,49,,,0
14001009,'1142580',1828,,905,48,,,0
14001009,'1142619',2128,,906,48,,,0
14001009,'1142660',1658,,908,48,,,0
14001009,'1142682',828,,909,48,,,0
14001009,'1142715',2028,,910,48,,,0
14001009,'1142724',728,,911,15,,,0
14001009,'1142781',2228,,912,48,,,0
14001009,'1142787',1828,,913,48,,,0
14001009,'1142811',1227,,915,49,,,0
14001009,'1142812',1758,,916,48,,,0
14001009,'1142840',828,,917,48,,,0
14001009,'1142842',2228,,918,48,,,0
14001009,'1142843',1327,,919,49,,,0
14001009,'1142861',1728,,920,48,,,0
