12009,'1175745',1605,,1515,46,,,0
12009,'1175747',1505,,1516,46,,,0
12009,'1175827',1205,,1517,46,,,0
12009,'1175839',1818,,1518,46,,,0
12009,'1176031',1105,,1523,46,,,0
12009,'1176149',1305,,1525,46,,,0
12009,'1176417',1405,,1527,46,,,0
12009,'1176471',1705,,1529,46,,,0
12009,'1176692',1005,,1532,46,,,0
14001209,'1175718',1705,,1789,52,,,0
14001209,'1175861',1935,,1790,52,,,0
14001209,'1175900',1805,,1791,52,,,0
14001209,'1175915',2135,,1793,52,,,0
14001209,'1175917',1505,,1794,52,,,0
14001209,'1175919',2035,,1795,52,,,0
14001209,'1175938',835,,1796,52,,,0
14001209,'1175939',1835,,1797,52,,,0
14001209,'1175983',2235,,1798,52,,,0
14001209,'1176007',1335,,1799,52,,,0
14001209,'1176012',1135,,1800,52,,,0
14001209,'1176069',935,,1801,52,,,0
14001209,'1176070',1235,,1802,52,,,0
14001209,'1176091',1035,,1803,52,,,0
14001209,'1176100',735,,1804,30,,,0
14001209,'1176103',1035,,1805,52,,,0
14001209,'1176117',1235,,1806,52,,,0
14001209,'1176163',1935,,1808,52,,,0
14001209,'1176213',1135,,1809,52,,,0
14001209,'1176217',1635,,1810,52,,,0
14001209,'1176245',1835,,1811,52,,,0
14001209,'1176255',935,,1812,52,,,0
14001209,'1176275',1735,,1813,52,,,0
14001209,'1176323',1205,,1814,52,,,0
14001209,'1176343',1435,,1816,52,,,0
14001209,'1176354',1535,,1817,52,,,0
14001209,'1176378',1335,,1818,52,,,0
14001209,'1176401',805,,1819,52,,,0
14001209,'1176411',2135,,1820,52,,,0
14001209,'1176440',1535,,1821,52,,,0
14001209,'1176458',735,,1822,52,,,0
14001209,'1176470',1635,,1823,52,,,0
14001209,'1176472',1105,,1824,52,,,0
14001209,'1176483',1405,,1825,52,,,0
14001209,'1176488',1735,,1826,52,,,0
14001209,'1176515',2035,,1827,52,,,0
14001209,'1176526',1005,,1828,52,,,0
14001209,'1176532',1305,,1829,52,,,0
14001209,'1176546',2235,,1830,52,,,0
14001209,'1176594',905,,1831,52,,,0
14001209,'1176599',1605,,1832,52,,,0
14001209,'1176626',835,,1833,52,,,0
14001209,'1176676',1435,,1834,52,,,0
