20009,'1142156',1301,,819,18,,,0
20009,'1142172',1001,,820,18,,,0
20009,'1142208',1201,,821,18,,,0
20009,'1142218',901,,822,8,,,0
20009,'1142244',1701,,823,18,,,0
20009,'1142378',1401,,825,18,,,0
20009,'1142609',1501,,831,18,,,0
20009,'1142761',1101,,834,18,,,0
20009,'1142875',1601,,837,18,,,0
19001709,'1142303',1351,,1211,7,,,0
19001709,'1142346',1551,,1214,7,,,0
19001709,'1142490',1151,,1221,7,,,0
19001709,'1142572',1051,,1231,7,,,0
19001709,'1142636',621,,1236,7,,,0
19001709,'1142727',1451,,1242,7,,,0
19001709,'1142751',1251,,1245,7,,,0
19001709,'1175723',921,,1419,40,,,0
19001709,'1175748',951,,1420,40,,,0
19001709,'1175763',1121,,1421,40,,,0
19001709,'1175781',1021,,1422,40,,,0
19001709,'1175795',751,,1423,40,,,0
19001709,'1175819',2121,,1424,40,,,0
19001709,'1175858',1921,,1425,40,,,0
19001709,'1175912',1821,,1427,40,,,0
19001709,'1175946',2121,,1428,40,,,0
19001709,'1176002',1421,,1429,40,,,0
19001709,'1176147',2021,,1431,40,,,0
19001709,'1176151',1521,,1432,40,,,0
19001709,'1176162',1221,,1433,40,,,0
19001709,'1176204',1621,,1434,40,,,0
19001709,'1176288',821,,1435,40,,,0
19001709,'1176339',1721,,1436,40,,,0
19001709,'1176366',721,,1437,40,,,0
19001709,'1176369',1621,,1438,40,,,0
19001709,'1176400',1121,,1439,40,,,0
19001709,'1176416',1921,,1440,40,,,0
19001709,'1176419',921,,1441,40,,,0
19001709,'1176422',1521,,1442,40,,,0
19001709,'1176428',1651,,1443,40,,,0
19001709,'1176461',1751,,1444,40,,,0
19001709,'1176465',2021,,1445,40,,,0
19001709,'1176481',1421,,1447,40,,,0
19001709,'1176493',651,,1448,40,,,0
19001709,'1176540',1021,,1449,40,,,0
19001709,'1176561',1721,,1450,40,,,0
19001709,'1176587',821,,1451,40,,,0
19001709,'1176600',1321,,1452,40,,,0
19001709,'1176606',1321,,1453,40,,,0
19001709,'1176634',721,,1454,40,,,0
19001709,'1176635',851,,1455,40,,,0
19001709,'1176664',1221,,1457,40,,,0
19001709,'1176670',1821,,1458,40,,,0
