12009,'1175841',1026,,1252,12,0,18 7,0
12009,'1175914',1426,,1254,12,0,18 7,0
12009,'1176038',1126,,1255,12,0,18 7,0
12009,'1176142',1226,,1256,12,0,18 7,0
12009,'1176291',1326,,1260,12,0,18 7,0
12009,'1176342',1526,,1261,12,0,18 7,0
12009,'1176399',1726,,1262,12,0,18 7,0
12009,'1176575',926,,1268,12,0,18 7,0
12009,'1176589',1626,,1269,12,0,18 7,0
19001309,'1142849',1818,,1152,12,0,8 21,0
19001309,'1175725',648,,1374,12,,,0
19001309,'1175746',1248,,1375,12,,,0
19001309,'1175750',2148,,1376,12,,,0
19001309,'1175772',2048,,1378,12,,,0
19001309,'1175824',1948,,1379,12,,,0
19001309,'1175844',648,,1380,12,,,0
19001309,'1175930',1748,,1381,12,,,0
19001309,'1175941',1448,,1382,12,,,0
19001309,'1175974',1618,,1383,12,,,0
19001309,'1176027',1148,,1384,12,,,0
19001309,'1176051',1318,,1385,12,,,0
19001309,'1176056',1518,,1386,12,,,0
19001309,'1176072',848,,1387,12,,,0
19001309,'1176088',818,,1388,12,,,0
19001309,'1176113',948,,1389,12,,,0
19001309,'1176123',1448,,1390,12,,,0
19001309,'1176150',1648,,1391,12,,,0
19001309,'1176155',1718,,1392,12,,,0
19001309,'1176191',1848,,1393,12,,,0
19001309,'1176203',1948,,1394,12,,,0
19001309,'1176205',748,,1395,12,,,0
19001309,'1176216',718,,1396,12,,,0
19001309,'1176219',1548,,1397,12,,,0
19001309,'1176231',1248,,1398,12,,,0
19001309,'1176237',1148,,1399,12,,,0
19001309,'1176251',848,,1400,12,,,0
19001309,'1176267',1848,,1401,12,,,0
19001309,'1176327',2148,,1403,12,,,0
19001309,'1176330',1048,,1404,12,,,0
19001309,'1176347',1348,,1405,12,,,0
19001309,'1176350',1348,,1406,12,,,0
19001309,'1176372',918,,1407,12,,,0
19001309,'1176377',2048,,1408,12,,,0
19001309,'1176385',948,,1409,12,,,0
19001309,'1176484',1548,,1410,12,,,0
19001309,'1176487',1218,,1411,12,,,0
19001309,'1176502',1418,,1412,12,,,0
19001309,'1176565',1048,,1413,12,,,0
19001309,'1176609',1648,,1414,12,,,0
19001309,'1176622',1748,,1415,12,,,0
19001309,'1176667',748,,1416,12,,,0
19001309,'1176691',1118,,1417,12,,,0
19001309,'1176694',1018,,1418,12,,,0
