11609,'1142182',1145,,587,12,,,0
11609,'1142188',845,,588,12,,,0
11609,'1142280',1445,,589,12,,,0
11609,'1142330',1245,,590,12,,,0
11609,'1142357',1645,,591,12,,,0
11609,'1142358',1645,,592,12,,,0
11609,'1142359',945,,593,12,,,0
11609,'1142385',1445,,594,12,,,0
11609,'1142397',1615,,595,12,,,0
11609,'1142403',1945,,596,12,,,0
11609,'1142411',1345,,597,12,,,0
11609,'1142426',715,,598,12,,,0
11609,'1142442',745,,599,12,,,0
11609,'1142461',2045,,600,12,,,0
11609,'1142466',1245,,601,12,,,0
11609,'1142491',1845,,602,12,,,0
11609,'1142518',645,,603,12,,,0
11609,'1142531',1045,,604,12,,,0
11609,'1142535',2145,,605,12,,,0
11609,'1142546',945,,606,12,,,0
11609,'1142555',1945,,607,12,,,0
11609,'1142578',2045,,608,12,,,0
11609,'1142601',1845,,609,12,,,0
11609,'1142621',1745,,610,12,,,0
11609,'1142652',1545,,611,12,,,0
11609,'1142663',1715,,612,12,,,0
11609,'1142686',845,,613,12,,,0
11609,'1142709',1815,,614,12,,,0
11609,'1142746',1545,,615,12,,,0
11609,'1142763',815,,616,12,,,0
11609,'1142770',2145,,617,12,,,0
11609,'1142774',1145,,618,12,,,0
11609,'1142789',1345,,619,12,,,0
11609,'1142816',1745,,620,12,,,0
11609,'1142826',1045,,621,12,,,0
11609,'1142853',745,,622,12,,,0
11609,'1142863',915,,623,12,,,0
14001009,'1083711',1750,,202,18,,,0
14001009,'1083714',1950,,203,18,,,0
14001009,'1083727',1950,,204,18,,,0
14001009,'1083739',1020,,205,18,0,8 9,0
14001009,'1083743',2150,,206,18,,,0
14001009,'1083763',2050,,207,18,,,0
14001009,'1083809',1820,,209,18,0,8 9,0
14001009,'1083841',1350,,210,18,,,0
14001009,'1083897',1850,,212,18,,,0
14001009,'1083901',1650,,213,18,,,0
14001009,'1083953',1550,,215,18,,,0
14001009,'1083971',1220,,216,18,0,8 9,0
14001009,'1083977',1420,,217,18,0,8 9,0
14001009,'1084005',1850,,218,18,,,0
14001009,'1084014',1050,,219,18,,,0
14001009,'1084040',1650,,221,18,,,0
14001009,'1084045',1250,,222,18,,,0
14001009,'1084052',2050,,224,18,,,0
14001009,'1084056',850,,225,18,,,0
14001009,'1084072',1050,,226,18,,,0
14001009,'1084104',1250,,228,18,,,0
14001009,'1084118',1320,,229,18,0,8 9,0
14001009,'1084126',1620,,230,18,,,0
14001009,'1084128',820,,231,18,,,0
14001009,'1084133',750,,233,18,,,0
14001009,'1084154',2150,,234,18,,,0
14001009,'1084167',1750,,235,18,,,0
14001009,'1084176',850,,236,18,,,0
14001009,'1084187',1550,,237,18,,,0
14001009,'1084190',2250,,238,18,0,8 9,0
14001009,'1084219',750,,239,18,,,0
14001009,'1084221',1350,,240,18,,,0
14001009,'1084288',1520,,241,18,0,8 9,0
14001009,'1084291',1120,,242,18,0,8 9,0
14001009,'1084349',720,,246,18,,,0
14001009,'1084363',1720,,247,18,,,0
14001009,'1142404',1450,,625,18,,,0
14001009,'1142405',920,,626,18,0,8 9,0
14001009,'1142495',950,,627,18,,,0
14001009,'1142534',1450,,628,18,,,0
14001009,'1142603',950,,629,18,,,0
14001009,'1142604',1150,,630,18,,,0
14001009,'1142640',2250,,631,18,0,8 9,0
14001009,'1142648',650,,632,18,,,0
14001009,'1142722',1150,,633,18,,,0
