20009,'1175879',1512,,1605,31,4,,0
20009,'1175886',1430,,1606,1,,,0
20009,'1175940',1112,,1607,31,4,,0
20009,'1176006',930,,1608,1,,,0
20009,'1176032',1230,,1609,1,,,0
20009,'1176110',1530,,1610,1,,,0
20009,'1176195',1714,,1611,1,,,0
20009,'1176265',1612,,1612,31,4,,0
20009,'1176319',1804,,1613,31,4,,0
20009,'1176370',1130,,1614,1,,,0
20009,'1176398',1412,,1615,31,4,,0
20009,'1176408',1012,,1616,31,4,,0
20009,'1176412',1030,,1617,1,,,0
20009,'1176425',1212,,1618,31,4,,0
20009,'1176469',1330,,1619,1,,,0
20009,'1176512',1630,,1620,1,,,0
20009,'1176552',1312,,1622,31,4,,0
20009,'1176647',1712,,1623,31,4,,0
14001409,'1175733',1923,,1835,29,,,0
14001409,'1175775',1223,,1836,29,,,0
14001409,'1175776',2123,,1837,29,,,0
14001409,'1175786',2023,,1838,29,,,0
14001409,'1175790',1623,,1839,29,,,0
14001409,'1175803',1423,,1840,29,,,0
14001409,'1175809',953,,1841,29,,,0
14001409,'1175820',1523,,1842,29,,,0
14001409,'1175821',1223,,1843,29,,,0
14001409,'1175838',1153,,1844,29,,,0
14001409,'1175856',1123,,1845,29,,,0
14001409,'1175876',1623,,1846,29,,,0
14001409,'1175893',1923,,1847,29,,,0
14001409,'1175894',1753,,1848,29,,,0
14001409,'1175902',1653,,1849,29,,,0
14001409,'1175961',1323,,1850,29,,,0
14001409,'1175973',923,,1851,29,,,0
14001409,'1175975',1823,,1852,29,,,0
14001409,'1175999',853,,1854,29,,,0
14001409,'1176001',1053,,1855,29,,,0
14001409,'1176014',1123,,1856,29,,,0
14001409,'1176036',753,,1857,29,,,0
14001409,'1176047',1423,,1858,29,,,0
14001409,'1176050',2123,,1859,29,,,0
14001409,'1176071',1253,,1860,29,,,0
14001409,'1176160',1723,,1861,29,,,0
14001409,'1176250',823,,1862,29,,,0
14001409,'1176268',2223,,1863,29,,,0
14001409,'1176283',1353,,1864,29,,,0
14001409,'1176287',623,,1865,1,,,0
14001409,'1176308',2223,,1866,29,,,0
14001409,'1176314',723,,1867,29,,,0
14001409,'1176357',623,,1868,1,,,0
14001409,'1176393',1023,,1869,29,,,0
14001409,'1176423',823,,1870,29,,,0
14001409,'1176464',653,,1871,8,,,0
14001409,'1176476',1553,,1872,29,,,0
14001409,'1176485',1023,,1873,29,,,0
14001409,'1176522',923,,1874,29,,,0
14001409,'1176530',723,,1875,8,,,0
14001409,'1176556',1723,,1876,29,,,0
14001409,'1176558',1523,,1877,29,,,0
14001409,'1176598',2023,,1878,29,,,0
14001409,'1176631',1323,,1879,29,,,0
14001409,'1176643',1453,,1880,29,,,0
14001409,'1176681',1823,,1881,29,,,0
19001509,'1175715',2056,,2024,18,,,0
19001509,'1175729',956,,2025,18,,,0
19001509,'1175736',2156,,2026,18,0,12,0
19001509,'1175740',756,,2027,18,,,0
19001509,'1175741',1256,,2028,18,,,0
19001509,'1175769',2256,,2029,18,0,12,0
19001509,'1175774',2156,,2030,18,0,12,0
19001509,'1175778',1726,,2031,18,,,0
19001509,'1175793',1756,,2032,18,,,0
19001509,'1175801',756,,2033,18,,,0
19001509,'1175845',1326,,2034,18,,,0
19001509,'1175897',1426,,2035,18,,,0
19001509,'1175899',1156,,2036,18,,,0
19001509,'1175907',926,,2037,18,,,0
19001509,'1175925',1556,,2038,18,,,0
19001509,'1175932',1456,,2039,18,,,0
19001509,'1175953',1526,,2040,18,,,0
19001509,'1175967',1026,,2042,18,,,0
19001509,'1175996',1626,,2043,18,,,0
19001509,'1176000',856,,2044,18,,,0
19001509,'1176049',1656,,2045,18,,,0
19001509,'1176055',1856,,2046,18,,,0
19001509,'1176057',956,,2047,18,,,0
19001509,'1176073',726,,2048,18,,,0
19001509,'1176074',656,,2049,18,,,0
19001509,'1176085',1856,,2050,18,,,0
19001509,'1176090',2056,,2051,18,,,0
19001509,'1176092',1056,,2052,18,,,0
19001509,'1176093',856,,2053,18,,,0
19001509,'1176105',1956,,2054,18,,,0
19001509,'1176238',1456,,2055,18,,,0
19001509,'1176266',1126,,2056,18,,,0
19001509,'1176293',1356,,2057,18,,,0
19001509,'1176328',1226,,2058,18,,,0
19001509,'1176335',1956,,2059,18,,,0
19001509,'1176340',1826,,2060,18,0,12,0
19001509,'1176355',1556,,2061,18,,,0
19001509,'1176358',1256,,2062,18,,,0
19001509,'1176362',1756,,2063,18,,,0
19001509,'1176426',1056,,2064,18,,,0
19001509,'1176434',2256,,2065,18,0,12,0
19001509,'1176496',1356,,2067,18,,,0
19001509,'1176536',656,,2068,18,,,0
19001509,'1176537',826,,2069,18,,,0
19001509,'1176684',1656,,2070,18,,,0
19001509,'1176689',1156,,2071,18,,,0
