11009,'1142195',1622,,674,33,4,,0
11009,'1142199',922,,675,33,4,,0
11009,'1142242',1222,,676,33,4,,0
11009,'1142268',1422,,677,33,4,,0
11009,'1142289',1022,,678,33,4,,0
11009,'1142335',1530,,679,1,,,0
11009,'1142379',1030,,680,1,,,0
11009,'1142419',1430,,681,1,,,0
11009,'1142541',930,,682,1,,,0
11009,'1142564',1322,,683,33,4,,0
11009,'1142626',1722,,684,33,4,,0
11009,'1142667',1122,,685,33,4,,0
11009,'1142671',1330,,686,1,,,0
11009,'1142693',1730,,687,1,,,0
11009,'1142705',1130,,688,1,,,0
11009,'1142723',1230,,689,1,,,0
11009,'1142728',1522,,690,33,4,,0
11009,'1142862',1630,,691,1,,,0
16009,'1175738',1728,,1279,1,0,16 17 11,0
16009,'1175765',928,,1280,1,0,16 17 11,0
16009,'1175829',1628,,1281,1,0,16 17 11,0
16009,'1175864',1420,,1282,34,4,,0
16009,'1175957',1720,,1283,34,4,,0
16009,'1175969',1120,,1284,34,4,,0
16009,'1176053',1220,,1285,34,4,,0
16009,'1176095',1620,,1286,34,4,,0
16009,'1176127',1428,,1287,1,0,16 17 11,0
16009,'1176157',1528,,1288,1,0,16 17 11,0
16009,'1176159',1328,,1289,1,0,16 17 11,0
16009,'1176183',1128,,1290,1,0,16 17 11,0
16009,'1176194',1320,,1291,34,4,,0
16009,'1176302',1228,,1292,1,0,16 17 11,0
16009,'1176519',920,,1293,34,4,,0
16009,'1176523',1028,,1294,1,0,16 17 11,0
16009,'1176596',1520,,1295,34,4,,0
16009,'1176648',1020,,1296,34,4,,0
20009,'1142156',1327,,819,31,4,,0
20009,'1142172',1027,,820,31,4,,0
20009,'1142208',1227,,821,31,4,,0
20009,'1142218',927,,822,21,4,,0
20009,'1142244',1727,,823,31,4,,0
20009,'1142378',1427,,825,31,4,,0
20009,'1142609',1527,,831,31,4,,0
20009,'1142761',1127,,834,31,4,,0
20009,'1142875',1627,,837,31,4,,0
20009,'1175726',1130,,1297,1,0,10 11,0
20009,'1175784',1530,,1298,1,0,10 11,0
20009,'1175818',1330,,1299,1,0,10 11,0
20009,'1175944',1730,,1300,1,0,10 11,0
20009,'1175945',1030,,1301,1,0,10 11,0
20009,'1176098',1430,,1302,1,0,10 11,0
20009,'1176169',1630,,1303,1,0,10 11,0
20009,'1176242',930,,1304,1,0,10 11,0
20009,'1176491',1230,,1305,1,0,10 11,0
21609,'1142134',910,,838,36,4,,0
21609,'1142173',1440,,839,36,4,,0
21609,'1142220',1240,,840,36,4,,0
21609,'1142255',1640,,841,36,4,,0
21609,'1142260',640,,842,36,4,,0
21609,'1142266',1340,,843,36,4,,0
21609,'1142277',1740,,844,36,4,,0
21609,'1142281',840,,845,36,4,,0
21609,'1142305',1140,,846,36,4,,0
21609,'1142347',2140,,847,36,4,,0
21609,'1142348',1040,,848,36,4,,0
21609,'1142363',1140,,849,36,4,,0
21609,'1142398',740,,850,37,4,,0
21609,'1142432',840,,851,36,4,,0
21609,'1142489',710,,852,37,4,,0
21609,'1142528',2140,,853,36,4,,0
21609,'1142549',2040,,854,36,4,,0
21609,'1142551',1040,,855,36,4,,0
21609,'1142557',1440,,856,36,4,,0
21609,'1142574',1340,,857,36,4,,0
21609,'1142584',1610,,858,36,4,,0
21609,'1142623',1240,,859,36,4,,0
21609,'1142647',1540,,860,36,4,,0
21609,'1142662',2040,,861,36,4,,0
21609,'1142678',940,,862,36,4,,0
21609,'1142730',1640,,863,37,4,,0
21609,'1142732',940,,864,36,4,,0
21609,'1142740',810,,865,36,4,,0
21609,'1142753',740,,866,36,4,,0
21609,'1142754',1710,,867,37,4,,0
21609,'1142762',1940,,868,36,4,,0
21609,'1142784',1940,,869,36,4,,0
21609,'1142801',1810,,870,36,4,,0
21609,'1142822',1540,,871,36,4,,0
21609,'1142856',1740,,872,37,4,,0
21609,'1142867',1840,,873,36,4,,0
21609,'1142890',1840,,874,36,4,,0
14001009,'1142143',1340,,875,3,,,0
14001009,'1142178',640,,876,3,,,0
14001009,'1142189',840,,877,3,,,0
14001009,'1142190',710,,878,3,,,0
14001009,'1142194',1440,,879,3,,,0
14001009,'1142216',940,,880,3,,,0
14001009,'1142231',810,,881,3,,,0
14001009,'1142237',1340,,882,3,,,0
14001009,'1142279',1640,,883,3,,,0
14001009,'1142282',1240,,884,3,,,0
14001009,'1142286',840,,885,3,,,0
14001009,'1142290',1940,,886,3,,,0
14001009,'1142306',1010,,887,3,0,8 21,0
14001009,'1142344',2040,,888,3,,,0
14001009,'1142360',1140,,889,3,,,0
14001009,'1142369',2240,,890,3,0,8 21,0
14001009,'1142375',1040,,891,3,,,0
14001009,'1142407',1510,,892,3,0,8 21,0
14001009,'1142438',910,,893,3,0,8 21,0
14001009,'1142459',940,,894,3,,,0
14001009,'1142460',1110,,895,3,0,8 21,0
14001009,'1142462',1540,,896,3,,,0
14001009,'1142479',1840,,897,3,,,0
14001009,'1142483',1440,,898,3,,,0
14001009,'1142505',2240,,899,3,0,8 21,0
14001009,'1142508',1840,,900,3,,,0
14001009,'1142510',1540,,901,3,,,0
14001009,'1142517',1210,,902,3,0,8 21,0
14001009,'1142538',1040,,903,3,,,0
14001009,'1142556',1410,,904,3,0,8 21,0
14001009,'1142580',1740,,905,3,,,0
14001009,'1142619',2040,,906,3,,,0
14001009,'1142627',1810,,907,3,0,8 21,0
14001009,'1142660',1610,,908,3,,,0
14001009,'1142682',740,,909,3,,,0
14001009,'1142715',1940,,910,3,,,0
14001009,'1142781',2140,,912,3,,,0
14001009,'1142787',1740,,913,3,,,0
14001009,'1142798',1310,,914,3,0,8 21,0
14001009,'1142811',1140,,915,3,,,0
14001009,'1142812',1710,,916,3,,,0
14001009,'1142840',740,,917,3,,,0
14001009,'1142842',2140,,918,3,,,0
14001009,'1142843',1240,,919,3,,,0
14001009,'1142861',1640,,920,3,,,0
14001609,'1142224',1314,,1020,1,0,8 21,0
14001609,'1142239',1014,,1022,1,0,8 21,0
14001609,'1142308',1814,,1028,1,0,8 21,0
14001609,'1142473',1114,,1035,1,0,8 21,0
14001609,'1142717',1214,,1051,1,0,8 21,0
14001609,'1142803',914,,1054,1,0,8 21,0
14001609,'1142886',1414,,1060,1,0,8 21,0
14001609,'1175743',644,,1306,1,,,0
14001609,'1175762',744,,1307,1,,,0
14001609,'1175785',944,,1308,1,,,0
14001609,'1175815',714,,1309,1,,,0
14001609,'1175849',844,,1310,1,,,0
14001609,'1175881',844,,1311,1,,,0
14001609,'1175901',1244,,1313,1,,,0
14001609,'1175909',814,,1314,1,,,0
14001609,'1175926',1144,,1315,1,,,0
14001609,'1175981',1714,,1316,1,,,0
14001609,'1176005',2144,,1317,1,,,0
14001609,'1176019',1844,,1318,1,,,0
14001609,'1176030',1344,,1319,1,,,0
14001609,'1176078',1644,,1321,1,,,0
14001609,'1176081',1944,,1322,1,,,0
14001609,'1176129',1444,,1323,1,,,0
14001609,'1176134',2044,,1325,1,,,0
14001609,'1176154',2044,,1326,1,,,0
14001609,'1176172',1544,,1327,1,,,0
14001609,'1176186',1614,,1328,1,,,0
14001609,'1176192',2144,,1329,1,,,0
14001609,'1176206',1244,,1330,1,,,0
14001609,'1176260',1344,,1331,1,,,0
14001609,'1176285',1744,,1332,1,,,0
14001609,'1176332',1744,,1334,1,,,0
14001609,'1176457',1044,,1335,1,,,0
14001609,'1176506',1844,,1336,1,,,0
14001609,'1176531',1944,,1337,1,,,0
14001609,'1176542',1514,,1338,1,,,0
14001609,'1176555',1144,,1339,1,,,0
14001609,'1176566',1044,,1340,1,,,0
14001609,'1176590',944,,1341,1,,,0
14001609,'1176615',1444,,1342,1,,,0
14001609,'1176650',1544,,1343,1,,,0
14001609,'1176683',1644,,1344,1,,,0
14001609,'1176688',744,,1345,1,,,0
