13009,'1175768',1411,,1533,24,0,19 15,0
13009,'1175851',1211,,1534,24,0,19 15,0
13009,'1175875',1311,,1535,24,0,19 15,0
13009,'1175888',1111,,1536,24,0,19 15,0
13009,'1176171',1511,,1538,24,0,19 15,0
13009,'1176184',911,,1539,24,0,19 15,0
13009,'1176223',1611,,1541,24,0,19 15,0
13009,'1176463',1011,,1547,24,0,19 15,0
13009,'1176497',1711,,1548,24,0,19 15,0
15009,'1175719',1729,,1569,35,0,20 15,0
15009,'1175730',1529,,1570,35,0,20 15,0
15009,'1175737',1329,,1571,35,0,20 15,0
15009,'1175828',1429,,1572,35,0,20 15,0
15009,'1175835',1029,,1573,35,0,20 15,0
15009,'1176048',1229,,1578,35,0,20 15,0
15009,'1176230',1629,,1580,35,0,20 15,0
15009,'1176301',929,,1582,35,0,20 15,0
15009,'1176568',1129,,1584,35,0,20 15,0
30009,'1178820',1709,,2120,18,0,23 24 2 25,0
30009,'1178826',1539,,2126,18,0,23 24 2 25,0
30009,'1178827',1039,,2127,18,0,23 24 2 25,0
30009,'1178828',1039,,2128,18,0,23 24 2 25,0
30009,'1178829',709,,2129,17,0,23 24 2 25,0
30009,'1178830',1009,,2130,18,0,23 24 2 25,0
30009,'1178831',739,,2131,17,0,23 24 2 25,0
30009,'1178835',939,,2135,18,0,23 24 2 25,0
30009,'1178836',1839,,2136,18,0,23 24 2 25,0
30009,'1178840',2039,,2140,18,0,23 24 2 25,0
30009,'1178841',1139,,2141,18,0,23 24 2 25,0
30009,'1178843',1639,,2143,18,0,23 24 2 25,0
30009,'1178845',839,,2145,18,0,23 24 2 25,0
30009,'1178846',1439,,2146,18,0,23 24 2 25,0
30009,'1178847',1809,,2147,18,0,23 24 2 25,0
30009,'1178852',2139,,2152,18,0,23 24 2 25,0
30009,'1178854',1939,,2154,18,0,23 24 2 25,0
30009,'1178857',809,,2157,18,0,23 24 2 25,0
30009,'1178860',839,,2160,18,0,23 24 2 25,0
30009,'1178861',1239,,2161,18,0,23 24 2 25,0
30009,'1178863',1339,,2163,18,0,23 24 2 25,0
30009,'1178865',1539,,2165,18,0,23 24 2 25,0
30009,'1178868',1739,,2168,18,0,23 24 2 25,0
30009,'1178869',1739,,2169,18,0,23 24 2 25,0
30009,'1178873',1339,,2173,18,0,23 24 2 25,0
30009,'1178880',1139,,2180,18,0,23 24 2 25,0
30009,'1178881',1239,,2181,18,0,23 24 2 25,0
30009,'1178882',1839,,2182,18,0,23 24 2 25,0
30009,'1178883',1439,,2183,18,0,23 24 2 25,0
30009,'1178884',909,,2184,18,0,23 24 2 25,0
30009,'1178885',1939,,2185,18,0,23 24 2 25,0
30009,'1178886',939,,2186,18,0,23 24 2 25,0
30009,'1178887',2039,,2187,18,0,23 24 2 25,0
30009,'1178896',739,,2196,18,0,23 24 2 25,0
30009,'1178897',2139,,2197,18,0,23 24 2 25,0
30009,'1178898',1639,,2198,18,0,23 24 2 25,0
30009,'1178899',1609,,2199,18,0,23 24 2 25,0
14001409,'1175733',1851,,1835,11,,,0
14001409,'1175775',1151,,1836,11,,,0
14001409,'1175776',2051,,1837,11,,,0
14001409,'1175786',1951,,1838,11,,,0
14001409,'1175790',1551,,1839,11,,,0
14001409,'1175803',1351,,1840,11,,,0
14001409,'1175809',921,,1841,11,,,0
14001409,'1175820',1451,,1842,11,,,0
14001409,'1175821',1151,,1843,11,,,0
14001409,'1175838',1121,,1844,11,,,0
14001409,'1175856',1051,,1845,11,,,0
14001409,'1175876',1551,,1846,11,,,0
14001409,'1175893',1851,,1847,11,,,0
14001409,'1175894',1721,,1848,11,,,0
14001409,'1175902',1621,,1849,11,,,0
14001409,'1175961',1251,,1850,11,,,0
14001409,'1175973',851,,1851,11,,,0
14001409,'1175975',1751,,1852,11,,,0
14001409,'1175979',1821,,1853,11,0,8 21,0
14001409,'1175999',821,,1854,11,,,0
14001409,'1176001',1021,,1855,11,,,0
14001409,'1176014',1051,,1856,11,,,0
14001409,'1176036',721,,1857,11,,,0
14001409,'1176047',1351,,1858,11,,,0
14001409,'1176050',2051,,1859,11,,,0
14001409,'1176071',1221,,1860,11,,,0
14001409,'1176160',1651,,1861,11,,,0
14001409,'1176250',751,,1862,11,,,0
14001409,'1176268',2151,,1863,11,,,0
14001409,'1176283',1321,,1864,11,,,0
14001409,'1176308',2151,,1866,11,,,0
14001409,'1176314',651,,1867,11,,,0
14001409,'1176393',951,,1869,11,,,0
14001409,'1176423',751,,1870,11,,,0
14001409,'1176476',1521,,1872,11,,,0
14001409,'1176485',951,,1873,11,,,0
14001409,'1176522',851,,1874,11,,,0
14001409,'1176556',1651,,1876,11,,,0
14001409,'1176558',1451,,1877,11,,,0
14001409,'1176598',1951,,1878,11,,,0
14001409,'1176631',1251,,1879,11,,,0
14001409,'1176643',1421,,1880,11,,,0
14001409,'1176681',1751,,1881,11,,,0
19001309,'1175728',902,,1978,56,,,0
19001309,'1175734',1532,,1979,56,,,0
19001309,'1175770',2032,,1980,56,,,0
19001309,'1175816',1832,,1982,56,,,0
19001309,'1175833',1732,,1983,56,,,0
19001309,'1175860',1402,,1984,56,,,0
19001309,'1175862',1132,,1985,56,,,0
19001309,'1175891',1202,,1986,56,,,0
19001309,'1175892',1002,,1987,56,,,0
19001309,'1175985',702,,1988,24,,,0
19001309,'1175994',932,,1989,56,,,0
19001309,'1176023',832,,1990,56,,,0
19001309,'1176034',1132,,1991,56,,,0
19001309,'1176044',1432,,1992,56,,,0
19001309,'1176064',1102,,1993,56,,,0
19001309,'1176125',1732,,1994,56,,,0
19001309,'1176139',1232,,1995,56,,,0
19001309,'1176167',2232,,1996,56,,,0
19001309,'1176182',1332,,1997,56,,,0
19001309,'1176185',802,,1998,56,,,0
19001309,'1176187',1332,,1999,56,,,0
19001309,'1176196',1232,,2000,56,,,0
19001309,'1176261',1032,,2001,56,,,0
19001309,'1176277',2132,,2002,56,,,0
19001309,'1176318',1432,,2003,56,,,0
19001309,'1176331',2032,,2004,56,,,0
19001309,'1176338',1932,,2005,56,,,0
19001309,'1176348',1602,,2006,56,,,0
19001309,'1176367',1632,,2007,56,,,0
19001309,'1176387',2232,,2008,56,,,0
19001309,'1176389',832,,2009,56,,,0
19001309,'1176392',732,,2010,56,,,0
19001309,'1176394',1632,,2011,56,,,0
19001309,'1176446',1832,,2012,56,,,0
19001309,'1176462',2132,,2013,56,,,0
19001309,'1176473',1932,,2014,56,,,0
19001309,'1176527',1032,,2015,56,,,0
19001309,'1176539',1702,,2016,56,,,0
19001309,'1176543',1502,,2017,56,,,0
19001309,'1176550',632,,2018,24,,,0
19001309,'1176567',932,,2019,56,,,0
19001309,'1176597',1532,,2020,56,,,0
19001309,'1176614',1302,,2021,56,,,0
19001309,'1176638',1802,,2022,56,,,0
19001309,'1176660',732,,2023,56,,,0
