13009,'1083747',1230,,74,13,,,0
13009,'1083932',1530,,77,13,,,0
13009,'1084039',930,,78,13,,,0
13009,'1084059',1030,,81,13,,,0
13009,'1084138',1430,,84,13,,,0
13009,'1084264',1630,,86,13,,,0
13009,'1084281',1130,,87,13,,,0
13009,'1084282',1730,,88,13,,,0
13009,'1084299',1330,,89,13,,,0
14001209,'1083697',1724,,248,13,,,0
14001209,'1083719',2254,,249,13,0,8 9,0
14001209,'1083724',824,,250,13,,,0
14001209,'1083738',2154,,251,13,,,0
14001209,'1083756',1154,,252,13,,,0
14001209,'1083770',1454,,253,13,,,0
14001209,'1083781',1454,,254,13,,,0
14001209,'1083804',954,,255,13,,,0
14001209,'1083812',1524,,256,13,,,0
14001209,'1083825',1354,,257,13,,,0
14001209,'1083828',854,,258,13,,,0
14001209,'1083832',1754,,259,13,,,0
14001209,'1083836',1624,,260,13,,,0
14001209,'1083837',1654,,261,13,,,0
14001209,'1083842',1024,,262,13,,,0
14001209,'1083858',1854,,263,13,,,0
14001209,'1083876',1054,,264,13,,,0
14001209,'1083895',2154,,265,13,,,0
14001209,'1083906',1424,,266,13,,,0
14001209,'1083907',1154,,267,13,,,0
14001209,'1083916',2054,,268,13,,,0
14001209,'1083935',1354,,269,13,,,0
14001209,'1083976',1054,,270,13,,,0
14001209,'1083988',1254,,271,13,,,0
14001209,'1083993',1124,,272,13,,,0
14001209,'1084000',954,,273,13,,,0
14001209,'1084008',2254,,274,13,0,8 9,0
14001209,'1084037',1754,,275,13,,,0
14001209,'1084075',1324,,276,13,,,0
14001209,'1084086',654,,277,13,,,0
14001209,'1084089',1954,,278,13,,,0
14001209,'1084099',1854,,279,13,,,0
14001209,'1084106',1824,,280,13,0,8 9,0
14001209,'1084198',1554,,281,13,,,0
14001209,'1084227',1224,,282,13,,,0
14001209,'1084231',924,,283,13,,,0
14001209,'1084254',754,,284,13,,,0
14001209,'1084265',724,,285,13,,,0
14001209,'1084270',2054,,286,13,,,0
14001209,'1084287',1654,,287,13,,,0
14001209,'1084310',1554,,289,13,,,0
14001209,'1084331',754,,290,13,,,0
14001209,'1084345',854,,291,13,,,0
14001209,'1084350',1254,,292,13,,,0
14001209,'1084370',1954,,293,13,,,0
