'1142131',20260617,1,20260618,1,20260619,1
'1142132',20260617,1,20260618,1,20260619,1
'1142133',20260620,1
'1142134',20260617,1,20260618,1,20260619,1
'1142139',20260617,1,20260618,1,20260619,1
'1142140',20260617,1,20260618,1,20260619,1
'1142141',20260617,1,20260618,1,20260619,1
'1142143',20260617,1,20260618,1,20260619,1
'1142149',20260617,1,20260618,1,20260619,1
'1142151',20260617,1,20260618,1,20260619,1
'1142153',20260620,1
'1142155',20260620,1
'1142158',20260617,1,20260618,1,20260619,1
'1142160',20260617,1,20260618,1,20260619,1
'1142167',20260620,1
'1142168',20260617,1,20260618,1,20260619,1
'1142170',20260620,1
'1142173',20260617,1,20260618,1,20260619,1
'1142175',20260620,1
'1142178',20260617,1,20260618,1,20260619,1
'1142179',20260617,1,20260618,1,20260619,1
'1142181',20260617,1,20260618,1,20260619,1
'1142183',20260617,1,20260618,1,20260619,1
'1142185',20260617,1,20260618,1,20260619,1
'1142189',20260620,1
'1142190',20260617,1,20260618,1,20260619,1
'1142194',20260617,1,20260618,1,20260619,1
'1142200',20260617,1,20260618,1,20260619,1
'1142201',20260617,1,20260618,1,20260619,1
'1142203',20260620,1
'1142204',20260617,1,20260618,1,20260619,1
'1142206',20260620,1
'1142207',20260620,1
'1142211',20260617,1,20260618,1,20260619,1
'1142212',20260617,1,20260618,1,20260619,1
'1142216',20260617,1,20260618,1,20260619,1
'1142217',20260620,1
'1142220',20260620,1
'1142222',20260620,1
'1142224',20260617,1,20260618,1,20260619,1
'1142226',20260617,1,20260618,1,20260619,1
'1142228',20260620,1
'1142231',20260617,1,20260618,1,20260619,1
'1142235',20260620,1
'1142237',20260620,1
'1142239',20260617,1,20260618,1,20260619,1
'1142241',20260617,1,20260618,1,20260619,1
'1142248',20260617,1,20260618,1,20260619,1
'1142250',20260617,1,20260618,1,20260619,1
'1142253',20260617,1,20260618,1,20260619,1
'1142255',20260620,1
'1142256',20260617,1,20260618,1,20260619,1
'1142257',20260620,1
'1142260',20260617,1,20260618,1,20260619,1
'1142261',20260617,1,20260618,1,20260619,1
'1142263',20260617,1,20260618,1,20260619,1
'1142266',20260617,1,20260618,1,20260619,1
'1142272',20260617,1,20260618,1,20260619,1
'1142277',20260620,1
'1142279',20260617,1,20260618,1,20260619,1
'1142281',20260617,1,20260618,1,20260619,1
'1142282',20260617,1,20260618,1,20260619,1
'1142284',20260617,1,20260618,1,20260619,1
'1142286',20260617,1,20260618,1,20260619,1
'1142290',20260617,1,20260618,1,20260619,1
'1142291',20260620,1
'1142293',20260617,1,20260618,1,20260619,1
'1142295',20260617,1,20260618,1,20260619,1
'1142297',20260617,1,20260618,1,20260619,1
'1142298',20260620,1
'1142299',20260620,1
'1142302',20260620,1
'1142303',20260617,1,20260618,1,20260619,1
'1142304',20260617,1,20260618,1,20260619,1
'1142305',20260617,1,20260618,1,20260619,1
'1142306',20260617,1,20260618,1,20260619,1
'1142308',20260617,1,20260618,1,20260619,1
'1142309',20260617,1,20260618,1,20260619,1
'1142318',20260617,1,20260618,1,20260619,1
'1142329',20260617,1,20260618,1,20260619,1
'1142334',20260617,1,20260618,1,20260619,1
'1142336',20260620,1
'1142338',20260620,1
'1142344',20260620,1
'1142345',20260620,1
'1142346',20260617,1,20260618,1,20260619,1
'1142347',20260620,1
'1142348',20260620,1
'1142351',20260617,1,20260618,1,20260619,1
'1142360',20260617,1,20260618,1,20260619,1
'1142361',20260620,1
'1142363',20260620,1
'1142364',20260617,1,20260618,1,20260619,1
'1142369',20260620,1
'1142370',20260620,1
'1142371',20260617,1,20260618,1,20260619,1
'1142372',20260620,1
'1142373',20260617,1,20260618,1,20260619,1
'1142374',20260617,1,20260618,1,20260619,1
'1142375',20260617,1,20260618,1,20260619,1
'1142376',20260617,1,20260618,1,20260619,1
'1142381',20260617,1,20260618,1,20260619,1
'1142388',20260620,1
'1142390',20260617,1,20260618,1,20260619,1
'1142392',20260617,1,20260618,1,20260619,1
'1142398',20260617,1,20260618,1,20260619,1
'1142399',20260620,1
'1142407',20260617,1,20260618,1,20260619,1
'1142412',20260617,1,20260618,1,20260619,1
'1142416',20260617,1,20260618,1,20260619,1
'1142418',20260617,1,20260618,1,20260619,1
'1142421',20260617,1,20260618,1,20260619,1
'1142422',20260617,1,20260618,1,20260619,1
'1142423',20260617,1,20260618,1,20260619,1
'1142427',20260620,1
'1142428',20260617,1,20260618,1,20260619,1
'1142429',20260617,1,20260618,1,20260619,1
'1142432',20260620,1
'1142436',20260617,1,20260618,1,20260619,1
'1142438',20260617,1,20260618,1,20260619,1
'1142439',20260617,1,20260618,1,20260619,1
'1142440',20260620,1
'1142441',20260617,1,20260618,1,20260619,1
'1142443',20260620,1
'1142450',20260617,1,20260618,1,20260619,1
'1142454',20260620,1
'1142456',20260620,1
'1142459',20260620,1
'1142460',20260617,1,20260618,1,20260619,1
'1142462',20260617,1,20260618,1,20260619,1
'1142465',20260617,1,20260618,1,20260619,1
'1142473',20260617,1,20260618,1,20260619,1
'1142474',20260617,1,20260618,1,20260619,1
'1142475',20260620,1
'1142476',20260617,1,20260618,1,20260619,1
'1142477',20260617,1,20260618,1,20260619,1
'1142479',20260620,1
'1142481',20260617,1,20260618,1,20260619,1
'1142483',20260620,1
'1142486',20260617,1,20260618,1,20260619,1
'1142488',20260617,1,20260618,1,20260619,1
'1142489',20260617,1,20260618,1,20260619,1
'1142490',20260617,1,20260618,1,20260619,1
'1142493',20260617,1,20260618,1,20260619,1
'1142497',20260617,1,20260618,1,20260619,1
'1142503',20260620,1
'1142504',20260617,1,20260618,1,20260619,1
'1142505',20260617,1,20260618,1,20260619,1
'1142508',20260617,1,20260618,1,20260619,1
'1142509',20260620,1
'1142510',20260620,1
'1142512',20260617,1,20260618,1,20260619,1
'1142514',20260620,1
'1142517',20260617,1,20260618,1,20260619,1
'1142519',20260617,1,20260618,1,20260619,1
'1142524',20260617,1,20260618,1,20260619,1
'1142526',20260617,1,20260618,1,20260619,1
'1142528',20260617,1,20260618,1,20260619,1
'1142530',20260620,1
'1142532',20260617,1,20260618,1,20260619,1
'1142533',20260617,1,20260618,1,20260619,1
'1142538',20260620,1
'1142542',20260620,1
'1142544',20260620,1
'1142545',20260617,1,20260618,1,20260619,1
'1142549',20260617,1,20260618,1,20260619,1
'1142551',20260617,1,20260618,1,20260619,1
'1142554',20260617,1,20260618,1,20260619,1
'1142556',20260617,1,20260618,1,20260619,1
'1142557',20260620,1
'1142560',20260620,1
'1142561',20260617,1,20260618,1,20260619,1
'1142562',20260620,1
'1142567',20260617,1,20260618,1,20260619,1
'1142571',20260617,1,20260618,1,20260619,1
'1142572',20260617,1,20260618,1,20260619,1
'1142573',20260617,1,20260618,1,20260619,1
'1142574',20260620,1
'1142579',20260617,1,20260618,1,20260619,1
'1142580',20260617,1,20260618,1,20260619,1
'1142582',20260617,1,20260618,1,20260619,1
'1142583',20260617,1,20260618,1,20260619,1
'1142584',20260617,1,20260618,1,20260619,1
'1142586',20260620,1
'1142587',20260617,1,20260618,1,20260619,1
'1142588',20260617,1,20260618,1,20260619,1
'1142591',20260617,1,20260618,1,20260619,1
'1142593',20260620,1
'1142598',20260617,1,20260618,1,20260619,1
'1142599',20260620,1
'1142600',20260617,1,20260618,1,20260619,1
'1142606',20260617,1,20260618,1,20260619,1
'1142608',20260617,1,20260618,1,20260619,1
'1142611',20260617,1,20260618,1,20260619,1
'1142615',20260617,1,20260618,1,20260619,1
'1142619',20260617,1,20260618,1,20260619,1
'1142623',20260617,1,20260618,1,20260619,1
'1142624',20260620,1
'1142627',20260617,1,20260618,1,20260619,1
'1142629',20260617,1,20260618,1,20260619,1
'1142630',20260620,1
'1142636',20260617,1,20260618,1,20260619,1
'1142639',20260620,1
'1142647',20260617,1,20260618,1,20260619,1
'1142649',20260620,1
'1142650',20260617,1,20260618,1,20260619,1
'1142653',20260617,1,20260618,1,20260619,1
'1142654',20260617,1,20260618,1,20260619,1
'1142655',20260620,1
'1142656',20260617,1,20260618,1,20260619,1
'1142660',20260617,1,20260618,1,20260619,1
'1142662',20260620,1
'1142664',20260620,1
'1142675',20260617,1,20260618,1,20260619,1
'1142676',20260620,1
'1142678',20260620,1
'1142682',20260617,1,20260618,1,20260619,1
'1142691',20260620,1
'1142694',20260620,1
'1142697',20260617,1,20260618,1,20260619,1
'1142699',20260620,1
'1142701',20260617,1,20260618,1,20260619,1
'1142702',20260617,1,20260618,1,20260619,1
'1142710',20260620,1
'1142714',20260620,1
'1142715',20260620,1
'1142717',20260617,1,20260618,1,20260619,1
'1142719',20260617,1,20260618,1,20260619,1
'1142724',20260620,1
'1142725',20260617,1,20260618,1,20260619,1
'1142727',20260617,1,20260618,1,20260619,1
'1142729',20260617,1,20260618,1,20260619,1
'1142730',20260617,1,20260618,1,20260619,1
'1142732',20260617,1,20260618,1,20260619,1
'1142733',20260620,1
'1142736',20260620,1
'1142737',20260617,1,20260618,1,20260619,1
'1142740',20260617,1,20260618,1,20260619,1
'1142742',20260617,1,20260618,1,20260619,1
'1142751',20260617,1,20260618,1,20260619,1
'1142752',20260617,1,20260618,1,20260619,1
'1142753',20260620,1
'1142754',20260617,1,20260618,1,20260619,1
'1142755',20260617,1,20260618,1,20260619,1
'1142756',20260617,1,20260618,1,20260619,1
'1142757',20260620,1
'1142760',20260617,1,20260618,1,20260619,1
'1142762',20260620,1
'1142766',20260620,1
'1142769',20260617,1,20260618,1,20260619,1
'1142771',20260617,1,20260618,1,20260619,1
'1142778',20260620,1
'1142781',20260617,1,20260618,1,20260619,1
'1142784',20260617,1,20260618,1,20260619,1
'1142786',20260617,1,20260618,1,20260619,1
'1142787',20260620,1
'1142797',20260620,1
'1142798',20260617,1,20260618,1,20260619,1
'1142799',20260617,1,20260618,1,20260619,1
'1142801',20260617,1,20260618,1,20260619,1
'1142803',20260617,1,20260618,1,20260619,1
'1142806',20260617,1,20260618,1,20260619,1
'1142808',20260620,1
'1142811',20260620,1
'1142812',20260617,1,20260618,1,20260619,1
'1142815',20260620,1
'1142817',20260617,1,20260618,1,20260619,1
'1142818',20260620,1
'1142820',20260617,1,20260618,1,20260619,1
'1142821',20260617,1,20260618,1,20260619,1
'1142822',20260620,1
'1142823',20260617,1,20260618,1,20260619,1
'1142837',20260620,1
'1142840',20260620,1
'1142842',20260620,1
'1142843',20260620,1
'1142845',20260620,1
'1142849',20260617,1,20260618,1,20260619,1
'1142851',20260617,1,20260618,1,20260619,1
'1142854',20260620,1
'1142855',20260620,1
'1142856',20260617,1,20260618,1,20260619,1
'1142857',20260617,1,20260618,1,20260619,1
'1142858',20260617,1,20260618,1,20260619,1
'1142860',20260620,1
'1142861',20260620,1
'1142867',20260620,1
'1142868',20260617,1,20260618,1,20260619,1
'1142869',20260617,1,20260618,1,20260619,1
'1142870',20260617,1,20260618,1,20260619,1
'1142874',20260617,1,20260618,1,20260619,1
'1142878',20260620,1
'1142879',20260620,1
'1142880',20260620,1
'1142883',20260617,1,20260618,1,20260619,1
'1142886',20260617,1,20260618,1,20260619,1
'1142890',20260617,1,20260618,1,20260619,1
'1175723',20260617,1,20260618,1,20260619,1
'1175725',20260617,1,20260618,1,20260619,1
'1175743',20260617,1,20260618,1,20260619,1
'1175746',20260617,1,20260618,1,20260619,1
'1175748',20260617,1,20260618,1,20260619,1
'1175750',20260617,1,20260618,1,20260619,1
'1175754',20260617,1,20260618,1,20260619,1
'1175762',20260617,1,20260618,1,20260619,1
'1175763',20260620,1
'1175772',20260617,1,20260618,1,20260619,1
'1175781',20260620,1
'1175785',20260620,1
'1175791',20260617,1,20260618,1,20260619,1
'1175792',20260617,1,20260618,1,20260619,1
'1175795',20260617,1,20260618,1,20260619,1
'1175815',20260617,1,20260618,1,20260619,1
'1175819',20260617,1,20260618,1,20260619,1
'1175824',20260617,1,20260618,1,20260619,1
'1175844',20260620,1
'1175849',20260617,1,20260618,1,20260619,1
'1175853',20260620,1
'1175858',20260617,1,20260618,1,20260619,1
'1175872',20260620,1
'1175881',20260620,1
'1175882',20260620,1
'1175887',20260617,1,20260618,1,20260619,1
'1175901',20260617,1,20260618,1,20260619,1
'1175909',20260617,1,20260618,1,20260619,1
'1175912',20260620,1
'1175926',20260617,1,20260618,1,20260619,1
'1175930',20260620,1
'1175941',20260617,1,20260618,1,20260619,1
'1175946',20260620,1
'1175950',20260617,1,20260618,1,20260619,1
'1175974',20260617,1,20260618,1,20260619,1
'1175981',20260617,1,20260618,1,20260619,1
'1175987',20260617,1,20260618,1,20260619,1
'1175992',20260620,1
'1176002',20260617,1,20260618,1,20260619,1
'1176005',20260620,1
'1176019',20260620,1
'1176020',20260620,1
'1176024',20260617,1,20260618,1,20260619,1
'1176027',20260620,1
'1176030',20260620,1
'1176040',20260620,1
'1176051',20260617,1,20260618,1,20260619,1
'1176056',20260617,1,20260618,1,20260619,1
'1176072',20260620,1
'1176078',20260617,1,20260618,1,20260619,1
'1176081',20260620,1
'1176088',20260617,1,20260618,1,20260619,1
'1176113',20260617,1,20260618,1,20260619,1
'1176123',20260620,1
'1176129',20260617,1,20260618,1,20260619,1
'1176132',20260617,1,20260618,1,20260619,1
'1176134',20260620,1
'1176147',20260620,1
'1176150',20260617,1,20260618,1,20260619,1
'1176151',20260617,1,20260618,1,20260619,1
'1176154',20260617,1,20260618,1,20260619,1
'1176155',20260617,1,20260618,1,20260619,1
'1176162',20260617,1,20260618,1,20260619,1
'1176172',20260620,1
'1176179',20260617,1,20260618,1,20260619,1
'1176186',20260617,1,20260618,1,20260619,1
'1176191',20260620,1
'1176192',20260617,1,20260618,1,20260619,1
'1176193',20260617,1,20260618,1,20260619,1
'1176203',20260620,1
'1176204',20260620,1
'1176205',20260617,1,20260618,1,20260619,1
'1176206',20260620,1
'1176216',20260617,1,20260618,1,20260619,1
'1176219',20260617,1,20260618,1,20260619,1
'1176227',20260620,1
'1176231',20260620,1
'1176237',20260617,1,20260618,1,20260619,1
'1176244',20260620,1
'1176251',20260617,1,20260618,1,20260619,1
'1176256',20260617,1,20260618,1,20260619,1
'1176260',20260617,1,20260618,1,20260619,1
'1176267',20260617,1,20260618,1,20260619,1
'1176285',20260620,1
'1176288',20260617,1,20260618,1,20260619,1
'1176294',20260617,1,20260618,1,20260619,1
'1176295',20260617,1,20260618,1,20260619,1
'1176310',20260620,1
'1176327',20260620,1
'1176330',20260620,1
'1176332',20260617,1,20260618,1,20260619,1
'1176339',20260620,1
'1176347',20260620,1
'1176350',20260617,1,20260618,1,20260619,1
'1176359',20260620,1
'1176366',20260620,1
'1176369',20260617,1,20260618,1,20260619,1
'1176372',20260617,1,20260618,1,20260619,1
'1176377',20260620,1
'1176385',20260620,1
'1176400',20260617,1,20260618,1,20260619,1
'1176409',20260617,1,20260618,1,20260619,1
'1176413',20260617,1,20260618,1,20260619,1
'1176416',20260620,1
'1176419',20260620,1
'1176422',20260620,1
'1176424',20260620,1
'1176428',20260617,1,20260618,1,20260619,1
'1176436',20260617,1,20260618,1,20260619,1
'1176437',20260617,1,20260618,1,20260619,1
'1176447',20260620,1
'1176457',20260617,1,20260618,1,20260619,1
'1176461',20260617,1,20260618,1,20260619,1
'1176465',20260617,1,20260618,1,20260619,1
'1176466',20260620,1
'1176477',20260617,1,20260618,1,20260619,1
'1176481',20260620,1
'1176484',20260620,1
'1176487',20260617,1,20260618,1,20260619,1
'1176493',20260617,1,20260618,1,20260619,1
'1176498',20260617,1,20260618,1,20260619,1
'1176502',20260617,1,20260618,1,20260619,1
'1176505',20260617,1,20260618,1,20260619,1
'1176506',20260617,1,20260618,1,20260619,1
'1176514',20260620,1
'1176531',20260617,1,20260618,1,20260619,1
'1176540',20260617,1,20260618,1,20260619,1
'1176542',20260617,1,20260618,1,20260619,1
'1176555',20260620,1
'1176561',20260617,1,20260618,1,20260619,1
'1176565',20260617,1,20260618,1,20260619,1
'1176566',20260620,1
'1176571',20260620,1
'1176587',20260620,1
'1176590',20260617,1,20260618,1,20260619,1
'1176600',20260617,1,20260618,1,20260619,1
'1176606',20260620,1
'1176609',20260620,1
'1176615',20260620,1
'1176619',20260617,1,20260618,1,20260619,1
'1176622',20260617,1,20260618,1,20260619,1
'1176634',20260617,1,20260618,1,20260619,1
'1176635',20260617,1,20260618,1,20260619,1
'1176650',20260617,1,20260618,1,20260619,1
'1176654',20260617,1,20260618,1,20260619,1
'1176664',20260620,1
'1176667',20260620,1
'1176670',20260617,1,20260618,1,20260619,1
'1176677',20260617,1,20260618,1,20260619,1
'1176683',20260620,1
'1176688',20260620,1
'1176691',20260617,1,20260618,1,20260619,1
'1176693',20260617,1,20260618,1,20260619,1
'1176694',20260617,1,20260618,1,20260619,1
