16009,'1175864',1406,,1282,16,,,0
16009,'1175957',1706,,1283,16,,,0
16009,'1175969',1106,,1284,16,,,0
16009,'1176053',1206,,1285,16,,,0
16009,'1176095',1606,,1286,16,,,0
16009,'1176194',1306,,1291,16,,,0
16009,'1176519',906,,1293,16,,,0
16009,'1176596',1506,,1295,16,,,0
16009,'1176648',1006,,1296,16,,,0
21609,'1142134',857,,838,18,,,0
21609,'1142173',1427,,839,18,,,0
21609,'1142220',1227,,840,18,,,0
21609,'1142255',1627,,841,18,,,0
21609,'1142260',627,,842,18,,,0
21609,'1142266',1327,,843,18,,,0
21609,'1142277',1727,,844,18,,,0
21609,'1142281',827,,845,18,,,0
21609,'1142305',1127,,846,18,,,0
21609,'1142347',2127,,847,18,,,0
21609,'1142348',1027,,848,18,,,0
21609,'1142363',1127,,849,18,,,0
21609,'1142398',730,,850,19,,,0
21609,'1142432',827,,851,18,,,0
21609,'1142489',700,,852,19,,,0
21609,'1142528',2127,,853,18,,,0
21609,'1142549',2027,,854,18,,,0
21609,'1142551',1027,,855,18,,,0
21609,'1142557',1427,,856,18,,,0
21609,'1142574',1327,,857,18,,,0
21609,'1142584',1557,,858,18,,,0
21609,'1142623',1227,,859,18,,,0
21609,'1142647',1527,,860,18,,,0
21609,'1142662',2027,,861,18,,,0
21609,'1142678',927,,862,18,,,0
21609,'1142730',1630,,863,19,,,0
21609,'1142732',927,,864,18,,,0
21609,'1142740',757,,865,18,,,0
21609,'1142753',727,,866,18,,,0
21609,'1142754',1700,,867,19,,,0
21609,'1142762',1927,,868,18,,,0
21609,'1142784',1927,,869,18,,,0
21609,'1142801',1757,,870,18,,,0
21609,'1142822',1527,,871,18,,,0
21609,'1142856',1730,,872,19,,,0
21609,'1142867',1827,,873,18,,,0
21609,'1142890',1827,,874,18,,,0
