14009,'1083726',1628,,92,8,,,0
14009,'1083733',1228,,93,8,,,0
14009,'1083894',928,,95,8,,,0
14009,'1083982',1428,,98,8,,,0
14009,'1084115',1528,,100,8,,,0
14009,'1084147',1128,,101,8,,,0
14009,'1084174',1028,,104,8,,,0
14009,'1084272',1728,,105,8,,,0
14009,'1084375',1328,,109,8,,,0
19001509,'1083702',1418,,487,7,,,0
19001509,'1083710',1548,,488,7,,,0
19001509,'1083729',1148,,489,7,,,0
19001509,'1083731',818,,490,7,,,0
19001509,'1083760',1948,,491,7,,,0
19001509,'1083772',748,,492,7,,,0
19001509,'1083789',1518,,493,7,,,0
19001509,'1083800',2048,,494,7,,,0
19001509,'1083805',1218,,495,7,,,0
19001509,'1083822',1318,,496,7,,,0
19001509,'1083829',1748,,497,7,,,0
19001509,'1083830',1348,,498,7,,,0
19001509,'1083852',2148,,499,7,0,12,0
19001509,'1083856',1848,,500,7,,,0
19001509,'1083862',1548,,501,7,,,0
19001509,'1083872',1048,,502,7,,,0
19001509,'1083875',2248,,503,7,0,12,0
19001509,'1083878',918,,504,7,,,0
19001509,'1083886',948,,505,7,,,0
19001509,'1083890',1148,,506,7,,,0
19001509,'1083898',1648,,507,7,,,0
19001509,'1083964',1718,,509,7,,,0
19001509,'1084023',648,,510,7,,,0
19001509,'1084031',648,,511,7,,,0
19001509,'1084038',1018,,512,7,,,0
19001509,'1084062',1748,,513,7,,,0
19001509,'1084080',1948,,514,7,,,0
19001509,'1084094',2048,,515,7,,,0
19001509,'1084116',1348,,516,7,,,0
19001509,'1084135',718,,517,7,,,0
19001509,'1084184',1248,,518,7,,,0
19001509,'1084188',1048,,519,7,,,0
19001509,'1084197',1848,,520,7,,,0
19001509,'1084202',1448,,521,7,,,0
19001509,'1084225',748,,522,7,,,0
19001509,'1084228',1448,,523,7,,,0
19001509,'1084234',1818,,524,7,0,12,0
19001509,'1084246',1118,,525,7,,,0
19001509,'1084266',848,,526,7,,,0
19001509,'1084275',2148,,527,7,0,12,0
19001509,'1084278',2248,,528,7,0,12,0
19001509,'1084332',1618,,530,7,,,0
19001509,'1084358',1648,,531,7,,,0
19001509,'1084364',848,,532,7,,,0
19001509,'1084377',948,,533,7,,,0
19001509,'1084382',1248,,534,7,,,0
