14009,'1175724',1429,,1551,9,0,5 6 22,0
14009,'1175759',1229,,1552,9,0,5 6 22,0
14009,'1175767',1329,,1553,9,0,5 6 22,0
14009,'1175834',1529,,1557,9,0,5 6 22,0
14009,'1176178',1029,,1560,9,0,5 6 22,0
14009,'1176234',1729,,1561,9,0,5 6 22,0
14009,'1176418',1129,,1564,9,0,5 6 22,0
14009,'1176613',1629,,1566,9,0,5 6 22,0
14009,'1176636',929,,1567,9,0,5 6 22,0
19001509,'1175715',2049,,2024,8,,,0
19001509,'1175729',949,,2025,8,,,0
19001509,'1175736',2149,,2026,8,0,12,0
19001509,'1175740',749,,2027,8,,,0
19001509,'1175741',1249,,2028,8,,,0
19001509,'1175769',2249,,2029,8,0,12,0
19001509,'1175774',2149,,2030,8,0,12,0
19001509,'1175778',1719,,2031,8,,,0
19001509,'1175793',1749,,2032,8,,,0
19001509,'1175801',749,,2033,8,,,0
19001509,'1175845',1319,,2034,8,,,0
19001509,'1175897',1419,,2035,8,,,0
19001509,'1175899',1149,,2036,8,,,0
19001509,'1175907',919,,2037,8,,,0
19001509,'1175925',1549,,2038,8,,,0
19001509,'1175932',1449,,2039,8,,,0
19001509,'1175953',1519,,2040,8,,,0
19001509,'1175967',1019,,2042,8,,,0
19001509,'1175996',1619,,2043,8,,,0
19001509,'1176000',849,,2044,8,,,0
19001509,'1176049',1649,,2045,8,,,0
19001509,'1176055',1849,,2046,8,,,0
19001509,'1176057',949,,2047,8,,,0
19001509,'1176073',719,,2048,8,,,0
19001509,'1176074',649,,2049,8,,,0
19001509,'1176085',1849,,2050,8,,,0
19001509,'1176090',2049,,2051,8,,,0
19001509,'1176092',1049,,2052,8,,,0
19001509,'1176093',849,,2053,8,,,0
19001509,'1176105',1949,,2054,8,,,0
19001509,'1176238',1449,,2055,8,,,0
19001509,'1176266',1119,,2056,8,,,0
19001509,'1176293',1349,,2057,8,,,0
19001509,'1176328',1219,,2058,8,,,0
19001509,'1176335',1949,,2059,8,,,0
19001509,'1176340',1819,,2060,8,0,12,0
19001509,'1176355',1549,,2061,8,,,0
19001509,'1176358',1249,,2062,8,,,0
19001509,'1176362',1749,,2063,8,,,0
19001509,'1176426',1049,,2064,8,,,0
19001509,'1176434',2249,,2065,8,0,12,0
19001509,'1176496',1349,,2067,8,,,0
19001509,'1176536',649,,2068,8,,,0
19001509,'1176537',819,,2069,8,,,0
19001509,'1176684',1649,,2070,8,,,0
19001509,'1176689',1149,,2071,8,,,0
