14001609,'1175743',728,,1306,41,,,0
14001609,'1175762',828,,1307,41,,,0
14001609,'1175785',1028,,1308,41,,,0
14001609,'1175815',758,,1309,41,,,0
14001609,'1175849',928,,1310,41,,,0
14001609,'1175881',928,,1311,41,,,0
14001609,'1175882',728,,1312,21,,,0
14001609,'1175901',1328,,1313,41,,,0
14001609,'1175909',858,,1314,41,,,0
14001609,'1175926',1228,,1315,41,,,0
14001609,'1175981',1758,,1316,41,,,0
14001609,'1176005',2228,,1317,41,,,0
14001609,'1176019',1928,,1318,41,,,0
14001609,'1176030',1428,,1319,41,,,0
14001609,'1176078',1728,,1321,41,,,0
14001609,'1176081',2028,,1322,41,,,0
14001609,'1176129',1528,,1323,41,,,0
14001609,'1176134',2128,,1325,41,,,0
14001609,'1176154',2128,,1326,41,,,0
14001609,'1176172',1628,,1327,41,,,0
14001609,'1176186',1658,,1328,41,,,0
14001609,'1176192',2228,,1329,41,,,0
14001609,'1176206',1328,,1330,41,,,0
14001609,'1176260',1428,,1331,41,,,0
14001609,'1176285',1828,,1332,41,,,0
14001609,'1176332',1828,,1334,41,,,0
14001609,'1176457',1128,,1335,41,,,0
14001609,'1176506',1928,,1336,41,,,0
14001609,'1176531',2028,,1337,41,,,0
14001609,'1176542',1558,,1338,41,,,0
14001609,'1176555',1228,,1339,41,,,0
14001609,'1176566',1128,,1340,41,,,0
14001609,'1176590',1028,,1341,41,,,0
14001609,'1176615',1528,,1342,41,,,0
14001609,'1176650',1628,,1343,41,,,0
14001609,'1176683',1728,,1344,41,,,0
14001609,'1176688',828,,1345,41,,,0
