12009,'1175745',1600,,1515,40,,,0
12009,'1175747',1500,,1516,40,,,0
12009,'1175827',1200,,1517,40,,,0
12009,'1175839',1813,,1518,40,,,0
12009,'1176031',1100,,1523,40,,,0
12009,'1176149',1300,,1525,40,,,0
12009,'1176417',1400,,1527,40,,,0
12009,'1176471',1700,,1529,40,,,0
12009,'1176692',1000,,1532,40,,,0
14001209,'1175718',1700,,1789,44,,,0
14001209,'1175861',1930,,1790,44,,,0
14001209,'1175900',1800,,1791,44,,,0
14001209,'1175915',2130,,1793,44,,,0
14001209,'1175917',1500,,1794,44,,,0
14001209,'1175919',2030,,1795,44,,,0
14001209,'1175938',830,,1796,44,,,0
14001209,'1175939',1830,,1797,44,,,0
14001209,'1175983',2230,,1798,44,,,0
14001209,'1176007',1330,,1799,44,,,0
14001209,'1176012',1130,,1800,44,,,0
14001209,'1176069',930,,1801,44,,,0
14001209,'1176070',1230,,1802,44,,,0
14001209,'1176091',1030,,1803,44,,,0
14001209,'1176100',730,,1804,22,,,0
14001209,'1176103',1030,,1805,44,,,0
14001209,'1176117',1230,,1806,44,,,0
14001209,'1176163',1930,,1808,44,,,0
14001209,'1176213',1130,,1809,44,,,0
14001209,'1176217',1630,,1810,44,,,0
14001209,'1176245',1830,,1811,44,,,0
14001209,'1176255',930,,1812,44,,,0
14001209,'1176275',1730,,1813,44,,,0
14001209,'1176323',1200,,1814,44,,,0
14001209,'1176343',1430,,1816,44,,,0
14001209,'1176354',1530,,1817,44,,,0
14001209,'1176378',1330,,1818,44,,,0
14001209,'1176401',800,,1819,44,,,0
14001209,'1176411',2130,,1820,44,,,0
14001209,'1176440',1530,,1821,44,,,0
14001209,'1176458',730,,1822,44,,,0
14001209,'1176470',1630,,1823,44,,,0
14001209,'1176472',1100,,1824,44,,,0
14001209,'1176483',1400,,1825,44,,,0
14001209,'1176488',1730,,1826,44,,,0
14001209,'1176515',2030,,1827,44,,,0
14001209,'1176526',1000,,1828,44,,,0
14001209,'1176532',1300,,1829,44,,,0
14001209,'1176546',2230,,1830,44,,,0
14001209,'1176594',900,,1831,44,,,0
14001209,'1176599',1600,,1832,44,,,0
14001209,'1176626',830,,1833,44,,,0
14001209,'1176676',1430,,1834,44,,,0
