14001609,'1175743',736,,1306,51,,,0
14001609,'1175762',836,,1307,51,,,0
14001609,'1175785',1036,,1308,51,,,0
14001609,'1175815',806,,1309,51,,,0
14001609,'1175849',936,,1310,51,,,0
14001609,'1175881',936,,1311,51,,,0
14001609,'1175882',736,,1312,31,,,0
14001609,'1175901',1336,,1313,51,,,0
14001609,'1175909',906,,1314,51,,,0
14001609,'1175926',1236,,1315,51,,,0
14001609,'1175981',1806,,1316,51,,,0
14001609,'1176005',2236,,1317,51,,,0
14001609,'1176019',1936,,1318,51,,,0
14001609,'1176030',1436,,1319,51,,,0
14001609,'1176040',636,,1320,8,,,0
14001609,'1176078',1736,,1321,51,,,0
14001609,'1176081',2036,,1322,51,,,0
14001609,'1176129',1536,,1323,51,,,0
14001609,'1176132',636,,1324,8,,,0
14001609,'1176134',2136,,1325,51,,,0
14001609,'1176154',2136,,1326,51,,,0
14001609,'1176172',1636,,1327,51,,,0
14001609,'1176186',1706,,1328,51,,,0
14001609,'1176192',2236,,1329,51,,,0
14001609,'1176206',1336,,1330,51,,,0
14001609,'1176260',1436,,1331,51,,,0
14001609,'1176285',1836,,1332,51,,,0
14001609,'1176295',706,,1333,8,,,0
14001609,'1176332',1836,,1334,51,,,0
14001609,'1176457',1136,,1335,51,,,0
14001609,'1176506',1936,,1336,51,,,0
14001609,'1176531',2036,,1337,51,,,0
14001609,'1176542',1606,,1338,51,,,0
14001609,'1176555',1236,,1339,51,,,0
14001609,'1176566',1136,,1340,51,,,0
14001609,'1176590',1036,,1341,51,,,0
14001609,'1176615',1536,,1342,51,,,0
14001609,'1176650',1636,,1343,51,,,0
14001609,'1176683',1736,,1344,51,,,0
14001609,'1176688',836,,1345,51,,,0
14001609,'1176693',609,,1346,8,,,0
