14009,'1175812',1718,,1554,5,,,0
14009,'1175822',1018,,1555,5,,,0
14009,'1175823',1618,,1556,5,,,0
14009,'1175927',1318,,1558,5,,,0
14009,'1176135',918,,1559,5,,,0
14009,'1176326',1118,,1562,5,,,0
14009,'1176364',1418,,1563,5,,,0
14009,'1176520',1518,,1565,5,,,0
14009,'1176678',1218,,1568,5,,,0
19001109,'1175757',2148,,1930,5,,,0
19001109,'1175788',1748,,1931,5,,,0
19001109,'1175797',1348,,1932,5,,,0
19001109,'1175800',948,,1933,5,,,0
19001109,'1175846',1848,,1935,5,,,0
19001109,'1175866',1718,,1937,5,,,0
19001109,'1175873',1818,,1938,5,0,8 21,0
19001109,'1175889',1248,,1939,5,,,0
19001109,'1175976',2243,,1941,5,0,12,0
19001109,'1175990',1148,,1942,5,,,0
19001109,'1176026',1248,,1944,5,,,0
19001109,'1176086',948,,1946,5,,,0
19001109,'1176114',848,,1947,5,,,0
19001109,'1176152',718,,1948,5,,,0
19001109,'1176229',2148,,1949,5,,,0
19001109,'1176246',748,,1950,5,,,0
19001109,'1176315',648,,1951,5,,,0
19001109,'1176316',1148,,1952,5,,,0
19001109,'1176317',1648,,1953,5,,,0
19001109,'1176322',918,,1954,5,,,0
19001109,'1176337',1948,,1955,5,,,0
19001109,'1176344',1548,,1956,5,,,0
19001109,'1176353',1548,,1957,5,,,0
19001109,'1176386',648,,1958,5,,,0
19001109,'1176444',1848,,1961,5,,,0
19001109,'1176445',2048,,1962,5,,,0
19001109,'1176478',1748,,1963,5,,,0
19001109,'1176509',2243,,1964,5,0,12,0
19001109,'1176517',1448,,1965,5,,,0
19001109,'1176557',848,,1966,5,,,0
19001109,'1176559',1948,,1967,5,,,0
19001109,'1176563',818,,1968,5,,,0
19001109,'1176570',1448,,1969,5,,,0
19001109,'1176595',1648,,1972,5,,,0
19001109,'1176605',1048,,1973,5,,,0
19001109,'1176616',1048,,1974,5,,,0
19001109,'1176620',748,,1975,5,,,0
19001109,'1176668',2048,,1976,5,,,0
19001109,'1176674',1348,,1977,5,,,0
