14001609,'1142224',1327,,1020,15,0,8 21,0
14001609,'1142239',1027,,1022,15,0,8 21,0
14001609,'1142308',1827,,1028,15,0,8 21,0
14001609,'1142473',1127,,1035,15,0,8 21,0
14001609,'1142717',1227,,1051,15,0,8 21,0
14001609,'1142803',927,,1054,15,0,8 21,0
14001609,'1142886',1427,,1060,15,0,8 21,0
14001609,'1175743',657,,1306,15,,,0
14001609,'1175762',757,,1307,15,,,0
14001609,'1175785',957,,1308,15,,,0
14001609,'1175815',727,,1309,15,,,0
14001609,'1175849',857,,1310,15,,,0
14001609,'1175881',857,,1311,15,,,0
14001609,'1175901',1257,,1313,15,,,0
14001609,'1175909',827,,1314,15,,,0
14001609,'1175926',1157,,1315,15,,,0
14001609,'1175981',1727,,1316,15,,,0
14001609,'1176005',2157,,1317,15,,,0
14001609,'1176019',1857,,1318,15,,,0
14001609,'1176030',1357,,1319,15,,,0
14001609,'1176078',1657,,1321,15,,,0
14001609,'1176081',1957,,1322,15,,,0
14001609,'1176129',1457,,1323,15,,,0
14001609,'1176134',2057,,1325,15,,,0
14001609,'1176154',2057,,1326,15,,,0
14001609,'1176172',1557,,1327,15,,,0
14001609,'1176186',1627,,1328,15,,,0
14001609,'1176192',2157,,1329,15,,,0
14001609,'1176206',1257,,1330,15,,,0
14001609,'1176260',1357,,1331,15,,,0
14001609,'1176285',1757,,1332,15,,,0
14001609,'1176332',1757,,1334,15,,,0
14001609,'1176457',1057,,1335,15,,,0
14001609,'1176506',1857,,1336,15,,,0
14001609,'1176531',1957,,1337,15,,,0
14001609,'1176542',1527,,1338,15,,,0
14001609,'1176555',1157,,1339,15,,,0
14001609,'1176566',1057,,1340,15,,,0
14001609,'1176590',957,,1341,15,,,0
14001609,'1176615',1457,,1342,15,,,0
14001609,'1176650',1557,,1343,15,,,0
14001609,'1176683',1657,,1344,15,,,0
14001609,'1176688',757,,1345,15,,,0
