13009,'1176096',1124,,1537,4,,,0
13009,'1176190',1524,,1540,4,,,0
13009,'1176224',1024,,1542,4,,,0
13009,'1176248',1724,,1543,4,,,0
13009,'1176271',1624,,1544,4,,,0
13009,'1176360',924,,1545,4,,,0
13009,'1176371',1224,,1546,4,,,0
13009,'1176623',1324,,1549,4,,,0
13009,'1176644',1424,,1550,4,,,0
30009,'1175731',1652,,1663,7,,,0
30009,'1175895',1752,,1675,7,,,0
30009,'1175903',1452,,1676,7,,,0
30009,'1175906',1352,,1677,7,,,0
30009,'1175920',852,,1679,7,,,0
30009,'1175956',1152,,1681,7,,,0
30009,'1175968',952,,1684,7,,,0
30009,'1176011',1452,,1687,7,,,0
30009,'1176018',922,,1688,7,,,0
30009,'1176021',1252,,1689,7,,,0
30009,'1176022',722,,1690,7,,,0
30009,'1176029',952,,1691,7,,,0
30009,'1176062',1052,,1694,7,,,0
30009,'1176077',1052,,1695,7,,,0
30009,'1176102',1152,,1696,7,,,0
30009,'1176164',1952,,1700,7,,,0
30009,'1176165',2052,,1701,7,,,0
30009,'1176189',1752,,1704,7,,,0
30009,'1176197',822,,1705,7,,,0
30009,'1176210',2152,,1706,7,0,8 21,0
30009,'1176212',1352,,1707,7,,,0
30009,'1176214',1652,,1708,7,,,0
30009,'1176220',1022,,1709,7,0,8 21,0
30009,'1176253',1552,,1712,7,,,0
30009,'1176298',1552,,1714,7,,,0
30009,'1176304',1252,,1715,7,,,0
30009,'1176325',1622,,1716,7,,,0
30009,'1176329',1822,,1717,7,0,8 21,0
30009,'1176363',852,,1719,7,,,0
30009,'1176397',2152,,1721,7,0,8 21,0
30009,'1176439',2052,,1725,7,,,0
30009,'1176451',752,,1726,7,,,0
30009,'1176455',752,,1727,7,,,0
30009,'1176560',1852,,1737,7,,,0
30009,'1176569',1722,,1738,7,,,0
30009,'1176582',1952,,1739,7,,,0
30009,'1176588',1852,,1740,7,,,0
14001209,'1175718',1617,,1789,4,,,0
14001209,'1175861',1847,,1790,4,,,0
14001209,'1175900',1717,,1791,4,,,0
14001209,'1175913',2247,,1792,4,0,8 21,0
14001209,'1175915',2047,,1793,4,,,0
14001209,'1175917',1417,,1794,4,,,0
14001209,'1175919',1947,,1795,4,,,0
14001209,'1175938',747,,1796,4,,,0
14001209,'1175939',1747,,1797,4,,,0
14001209,'1175983',2147,,1798,4,,,0
14001209,'1176007',1247,,1799,4,,,0
14001209,'1176012',1047,,1800,4,,,0
14001209,'1176069',847,,1801,4,,,0
14001209,'1176070',1147,,1802,4,,,0
14001209,'1176091',947,,1803,4,,,0
14001209,'1176103',947,,1805,4,,,0
14001209,'1176117',1147,,1806,4,,,0
14001209,'1176122',2247,,1807,4,0,8 21,0
14001209,'1176163',1847,,1808,4,,,0
14001209,'1176213',1047,,1809,4,,,0
14001209,'1176217',1547,,1810,4,,,0
14001209,'1176245',1747,,1811,4,,,0
14001209,'1176255',847,,1812,4,,,0
14001209,'1176275',1647,,1813,4,,,0
14001209,'1176323',1117,,1814,4,,,0
14001209,'1176336',1817,,1815,4,0,8 21,0
14001209,'1176343',1347,,1816,4,,,0
14001209,'1176354',1447,,1817,4,,,0
14001209,'1176378',1247,,1818,4,,,0
14001209,'1176401',717,,1819,4,,,0
14001209,'1176411',2047,,1820,4,,,0
14001209,'1176440',1447,,1821,4,,,0
14001209,'1176458',647,,1822,4,,,0
14001209,'1176470',1547,,1823,4,,,0
14001209,'1176472',1017,,1824,4,,,0
14001209,'1176483',1317,,1825,4,,,0
14001209,'1176488',1647,,1826,4,,,0
14001209,'1176515',1947,,1827,4,,,0
14001209,'1176526',917,,1828,4,,,0
14001209,'1176532',1217,,1829,4,,,0
14001209,'1176546',2147,,1830,4,,,0
14001209,'1176594',817,,1831,4,,,0
14001209,'1176599',1517,,1832,4,,,0
14001209,'1176626',747,,1833,4,,,0
14001209,'1176676',1347,,1834,4,,,0
