13009,'1142144',1026,,747,7,,,0
13009,'1142247',1426,,748,7,,,0
13009,'1142389',1626,,749,7,,,0
13009,'1142437',1226,,753,7,,,0
13009,'1142616',926,,755,7,,,0
13009,'1142716',1726,,758,7,,,0
13009,'1142721',1326,,760,7,,,0
13009,'1142852',1126,,763,7,,,0
13009,'1142885',1526,,764,7,,,0
14001209,'1142139',1320,,921,7,,,0
14001209,'1142151',1150,,922,7,,,0
14001209,'1142158',1520,,923,7,,,0
14001209,'1142168',1420,,924,7,,,0
14001209,'1142228',1350,,925,7,,,0
14001209,'1142235',1050,,926,7,,,0
14001209,'1142256',1220,,927,7,,,0
14001209,'1142291',1650,,928,7,,,0
14001209,'1142293',1620,,929,7,,,0
14001209,'1142309',1020,,930,7,,,0
14001209,'1142370',750,,931,7,,,0
14001209,'1142374',2250,,932,7,0,8 9,0
14001209,'1142423',1120,,933,7,,,0
14001209,'1142439',750,,934,7,,,0
14001209,'1142486',820,,935,7,,,0
14001209,'1142509',1450,,936,7,,,0
14001209,'1142542',1850,,937,7,,,0
14001209,'1142545',1050,,938,7,,,0
14001209,'1142567',950,,939,7,,,0
14001209,'1142571',1650,,940,7,,,0
14001209,'1142573',1250,,941,7,,,0
14001209,'1142591',1750,,942,7,,,0
14001209,'1142598',850,,943,7,,,0
14001209,'1142600',720,,944,7,,,0
14001209,'1142650',2150,,945,7,,,0
14001209,'1142656',1820,,946,7,0,8 9,0
14001209,'1142691',1750,,947,7,,,0
14001209,'1142694',1250,,948,7,,,0
14001209,'1142710',2150,,949,7,,,0
14001209,'1142742',650,,951,7,,,0
14001209,'1142760',920,,952,7,,,0
14001209,'1142766',1150,,953,7,,,0
14001209,'1142771',1720,,954,7,,,0
14001209,'1142778',1550,,955,7,,,0
14001209,'1142786',2050,,956,7,,,0
14001209,'1142797',1950,,957,7,,,0
14001209,'1142806',1350,,958,7,,,0
14001209,'1142815',2250,,959,7,0,8 9,0
14001209,'1142817',1550,,960,7,,,0
14001209,'1142820',1850,,961,7,,,0
14001209,'1142837',850,,962,7,,,0
14001209,'1142854',950,,963,7,,,0
14001209,'1142855',2050,,964,7,,,0
14001209,'1142858',1450,,965,7,,,0
14001209,'1142869',1950,,966,7,,,0
