12009,'1175885',1729,,1519,15,0,18 7,0
12009,'1175923',1529,,1520,15,0,18 7,0
12009,'1175952',1329,,1521,15,0,18 7,0
12009,'1175971',1029,,1522,15,0,18 7,0
12009,'1176115',1129,,1524,15,0,18 7,0
12009,'1176305',1629,,1526,15,0,18 7,0
12009,'1176431',1429,,1528,15,0,18 7,0
12009,'1176538',929,,1530,15,0,18 7,0
12009,'1176625',1229,,1531,15,0,18 7,0
19001309,'1175728',820,,1978,15,,,0
19001309,'1175734',1450,,1979,15,,,0
19001309,'1175770',1950,,1980,15,,,0
19001309,'1175814',1820,,1981,15,0,8 21,0
19001309,'1175816',1750,,1982,15,,,0
19001309,'1175833',1650,,1983,15,,,0
19001309,'1175860',1320,,1984,15,,,0
19001309,'1175862',1050,,1985,15,,,0
19001309,'1175891',1120,,1986,15,,,0
19001309,'1175892',920,,1987,15,,,0
19001309,'1175994',850,,1989,15,,,0
19001309,'1176023',750,,1990,15,,,0
19001309,'1176034',1050,,1991,15,,,0
19001309,'1176044',1350,,1992,15,,,0
19001309,'1176064',1020,,1993,15,,,0
19001309,'1176125',1650,,1994,15,,,0
19001309,'1176139',1150,,1995,15,,,0
19001309,'1176167',2150,,1996,15,,,0
19001309,'1176182',1250,,1997,15,,,0
19001309,'1176185',720,,1998,15,,,0
19001309,'1176187',1250,,1999,15,,,0
19001309,'1176196',1150,,2000,15,,,0
19001309,'1176261',950,,2001,15,,,0
19001309,'1176277',2050,,2002,15,,,0
19001309,'1176318',1350,,2003,15,,,0
19001309,'1176331',1950,,2004,15,,,0
19001309,'1176338',1850,,2005,15,,,0
19001309,'1176348',1520,,2006,15,,,0
19001309,'1176367',1550,,2007,15,,,0
19001309,'1176387',2150,,2008,15,,,0
19001309,'1176389',750,,2009,15,,,0
19001309,'1176392',650,,2010,15,,,0
19001309,'1176394',1550,,2011,15,,,0
19001309,'1176446',1750,,2012,15,,,0
19001309,'1176462',2050,,2013,15,,,0
19001309,'1176473',1850,,2014,15,,,0
19001309,'1176527',950,,2015,15,,,0
19001309,'1176539',1620,,2016,15,,,0
19001309,'1176543',1420,,2017,15,,,0
19001309,'1176567',850,,2019,15,,,0
19001309,'1176597',1450,,2020,15,,,0
19001309,'1176614',1220,,2021,15,,,0
19001309,'1176638',1720,,2022,15,,,0
19001309,'1176660',650,,2023,15,,,0
