20009,'1175726',1140,,1297,10,0,10 11,0
20009,'1175784',1540,,1298,10,0,10 11,0
20009,'1175818',1340,,1299,10,0,10 11,0
20009,'1175944',1740,,1300,10,0,10 11,0
20009,'1175945',1040,,1301,10,0,10 11,0
20009,'1176098',1440,,1302,10,0,10 11,0
20009,'1176169',1640,,1303,10,0,10 11,0
20009,'1176242',940,,1304,10,0,10 11,0
20009,'1176491',1240,,1305,10,0,10 11,0
14001609,'1142224',1324,,1020,12,0,8 21,0
14001609,'1142239',1024,,1022,12,0,8 21,0
14001609,'1142308',1824,,1028,12,0,8 21,0
14001609,'1142473',1124,,1035,12,0,8 21,0
14001609,'1142717',1224,,1051,12,0,8 21,0
14001609,'1142803',924,,1054,12,0,8 21,0
14001609,'1142886',1424,,1060,12,0,8 21,0
14001609,'1175743',654,,1306,12,,,0
14001609,'1175762',754,,1307,12,,,0
14001609,'1175785',954,,1308,12,,,0
14001609,'1175815',724,,1309,12,,,0
14001609,'1175849',854,,1310,12,,,0
14001609,'1175881',854,,1311,12,,,0
14001609,'1175901',1254,,1313,12,,,0
14001609,'1175909',824,,1314,12,,,0
14001609,'1175926',1154,,1315,12,,,0
14001609,'1175981',1724,,1316,12,,,0
14001609,'1176005',2154,,1317,12,,,0
14001609,'1176019',1854,,1318,12,,,0
14001609,'1176030',1354,,1319,12,,,0
14001609,'1176078',1654,,1321,12,,,0
14001609,'1176081',1954,,1322,12,,,0
14001609,'1176129',1454,,1323,12,,,0
14001609,'1176134',2054,,1325,12,,,0
14001609,'1176154',2054,,1326,12,,,0
14001609,'1176172',1554,,1327,12,,,0
14001609,'1176186',1624,,1328,12,,,0
14001609,'1176192',2154,,1329,12,,,0
14001609,'1176206',1254,,1330,12,,,0
14001609,'1176260',1354,,1331,12,,,0
14001609,'1176285',1754,,1332,12,,,0
14001609,'1176332',1754,,1334,12,,,0
14001609,'1176457',1054,,1335,12,,,0
14001609,'1176506',1854,,1336,12,,,0
14001609,'1176531',1954,,1337,12,,,0
14001609,'1176542',1524,,1338,12,,,0
14001609,'1176555',1154,,1339,12,,,0
14001609,'1176566',1054,,1340,12,,,0
14001609,'1176590',954,,1341,12,,,0
14001609,'1176615',1454,,1342,12,,,0
14001609,'1176650',1554,,1343,12,,,0
14001609,'1176683',1654,,1344,12,,,0
14001609,'1176688',754,,1345,12,,,0
