11009,'1142195',1600,,674,8,0,13 14 15,0
11009,'1142199',900,,675,8,0,13 14 15,0
11009,'1142242',1200,,676,8,0,13 14 15,0
11009,'1142268',1400,,677,8,0,13 14 15,0
11009,'1142289',1000,,678,8,0,13 14 15,0
11009,'1142564',1300,,683,8,0,13 14 15,0
11009,'1142626',1700,,684,8,0,13 14 15,0
11009,'1142667',1100,,685,8,0,13 14 15,0
11009,'1142728',1500,,690,8,0,13 14 15,0
19001109,'1142212',1320,,1065,32,,,0
19001109,'1142241',1650,,1066,8,,,0
19001109,'1142263',620,,1072,11,,,0
19001109,'1142345',1220,,1078,32,,,0
19001109,'1142412',1420,,1081,32,,,0
19001109,'1142429',650,,1082,8,,,0
19001109,'1142436',1150,,1083,8,,,0
19001109,'1142503',1420,,1086,32,,,0
19001109,'1142533',1250,,1088,8,,,0
19001109,'1142554',1520,,1091,32,,,0
19001109,'1142579',1550,,1092,8,,,0
19001109,'1142582',1350,,1093,8,,,0
19001109,'1142583',1120,,1094,32,,,0
19001109,'1142588',1220,,1095,32,,,0
19001109,'1142606',1050,,1096,8,,,0
19001109,'1142664',1520,,1098,32,,,0
19001109,'1142729',1450,,1100,8,,,0
19001109,'1142756',1620,,1101,32,,,0
19001109,'1142845',1120,,1106,32,,,0
19001109,'1142860',1320,,1107,32,,,0
19001109,'1142880',1620,,1108,32,,,0
19001109,'1175791',2120,,1347,32,,,0
19001109,'1175792',1920,,1348,32,,,0
19001109,'1175853',1920,,1349,32,,,0
19001109,'1175887',1750,,1350,32,,,0
19001109,'1175950',720,,1351,32,,,0
19001109,'1175987',820,,1352,32,,,0
19001109,'1175992',1820,,1353,32,,,0
19001109,'1176020',720,,1354,32,,,0
19001109,'1176179',1820,,1355,32,,,0
19001109,'1176193',2020,,1356,32,,,0
19001109,'1176227',2120,,1357,32,,,0
19001109,'1176244',1720,,1358,32,,,0
19001109,'1176256',850,,1359,32,,,0
19001109,'1176310',920,,1360,32,,,0
19001109,'1176359',2020,,1361,32,,,0
19001109,'1176413',950,,1363,32,,,0
19001109,'1176424',1020,,1364,32,,,0
19001109,'1176436',1020,,1365,32,,,0
19001109,'1176437',920,,1366,32,,,0
19001109,'1176477',1720,,1368,32,,,0
19001109,'1176498',750,,1369,32,,,0
19001109,'1176505',2220,,1370,32,,,0
19001109,'1176514',820,,1371,32,,,0
19001109,'1176571',2220,,1372,32,,,0
