20009,'1175879',1512,,1605,30,0,10 11,0
20009,'1175940',1112,,1607,30,0,10 11,0
20009,'1176265',1612,,1612,30,0,10 11,0
20009,'1176319',1804,,1613,30,0,10 11,0
20009,'1176398',1412,,1615,30,0,10 11,0
20009,'1176408',1012,,1616,30,0,10 11,0
20009,'1176425',1212,,1618,30,0,10 11,0
20009,'1176552',1312,,1622,30,0,10 11,0
20009,'1176647',1712,,1623,30,0,10 11,0
19001509,'1175715',2056,,2024,17,,,0
19001509,'1175729',956,,2025,17,,,0
19001509,'1175736',2156,,2026,17,0,12,0
19001509,'1175740',756,,2027,17,,,0
19001509,'1175741',1256,,2028,17,,,0
19001509,'1175769',2256,,2029,17,0,12,0
19001509,'1175774',2156,,2030,17,0,12,0
19001509,'1175778',1726,,2031,17,,,0
19001509,'1175793',1756,,2032,17,,,0
19001509,'1175801',756,,2033,17,,,0
19001509,'1175845',1326,,2034,17,,,0
19001509,'1175897',1426,,2035,17,,,0
19001509,'1175899',1156,,2036,17,,,0
19001509,'1175907',926,,2037,17,,,0
19001509,'1175925',1556,,2038,17,,,0
19001509,'1175932',1456,,2039,17,,,0
19001509,'1175953',1526,,2040,17,,,0
19001509,'1175967',1026,,2042,17,,,0
19001509,'1175996',1626,,2043,17,,,0
19001509,'1176000',856,,2044,17,,,0
19001509,'1176049',1656,,2045,17,,,0
19001509,'1176055',1856,,2046,17,,,0
19001509,'1176057',956,,2047,17,,,0
19001509,'1176073',726,,2048,17,,,0
19001509,'1176074',656,,2049,17,,,0
19001509,'1176085',1856,,2050,17,,,0
19001509,'1176090',2056,,2051,17,,,0
19001509,'1176092',1056,,2052,17,,,0
19001509,'1176093',856,,2053,17,,,0
19001509,'1176105',1956,,2054,17,,,0
19001509,'1176238',1456,,2055,17,,,0
19001509,'1176266',1126,,2056,17,,,0
19001509,'1176293',1356,,2057,17,,,0
19001509,'1176328',1226,,2058,17,,,0
19001509,'1176335',1956,,2059,17,,,0
19001509,'1176340',1826,,2060,17,0,12,0
19001509,'1176355',1556,,2061,17,,,0
19001509,'1176358',1256,,2062,17,,,0
19001509,'1176362',1756,,2063,17,,,0
19001509,'1176426',1056,,2064,17,,,0
19001509,'1176434',2256,,2065,17,0,12,0
19001509,'1176496',1356,,2067,17,,,0
19001509,'1176536',656,,2068,17,,,0
19001509,'1176537',826,,2069,17,,,0
19001509,'1176684',1656,,2070,17,,,0
19001509,'1176689',1156,,2071,17,,,0
