19001309,'1175725',725,,1374,45,,,0
19001309,'1175746',1325,,1375,45,,,0
19001309,'1175750',2225,,1376,45,,,0
19001309,'1175754',625,,1377,13,,,0
19001309,'1175772',2125,,1378,45,,,0
19001309,'1175824',2025,,1379,45,,,0
19001309,'1175844',725,,1380,45,,,0
19001309,'1175930',1825,,1381,45,,,0
19001309,'1175941',1525,,1382,45,,,0
19001309,'1175974',1655,,1383,45,,,0
19001309,'1176027',1225,,1384,45,,,0
19001309,'1176051',1355,,1385,45,,,0
19001309,'1176056',1555,,1386,45,,,0
19001309,'1176072',925,,1387,45,,,0
19001309,'1176088',855,,1388,45,,,0
19001309,'1176113',1025,,1389,45,,,0
19001309,'1176123',1525,,1390,45,,,0
19001309,'1176150',1725,,1391,45,,,0
19001309,'1176155',1755,,1392,45,,,0
19001309,'1176191',1925,,1393,45,,,0
19001309,'1176203',2025,,1394,45,,,0
19001309,'1176205',825,,1395,45,,,0
19001309,'1176216',755,,1396,45,,,0
19001309,'1176219',1625,,1397,45,,,0
19001309,'1176231',1325,,1398,45,,,0
19001309,'1176237',1225,,1399,45,,,0
19001309,'1176251',925,,1400,45,,,0
19001309,'1176267',1925,,1401,45,,,0
19001309,'1176294',655,,1402,13,,,0
19001309,'1176327',2225,,1403,45,,,0
19001309,'1176330',1125,,1404,45,,,0
19001309,'1176347',1425,,1405,45,,,0
19001309,'1176350',1425,,1406,45,,,0
19001309,'1176372',955,,1407,45,,,0
19001309,'1176377',2125,,1408,45,,,0
19001309,'1176385',1025,,1409,45,,,0
19001309,'1176484',1625,,1410,45,,,0
19001309,'1176487',1255,,1411,45,,,0
19001309,'1176502',1455,,1412,45,,,0
19001309,'1176565',1125,,1413,45,,,0
19001309,'1176609',1725,,1414,45,,,0
19001309,'1176622',1825,,1415,45,,,0
19001309,'1176667',825,,1416,45,,,0
19001309,'1176691',1155,,1417,45,,,0
19001309,'1176694',1055,,1418,45,,,0
