15009,'1083765',909,,111,15,0,20 15,0
15009,'1083808',1109,,114,15,0,20 15,0
15009,'1083882',1309,,117,15,0,20 15,0
15009,'1083893',1509,,118,15,0,20 15,0
15009,'1083914',1209,,119,15,0,20 15,0
15009,'1084047',1709,,121,15,0,20 15,0
15009,'1084262',1409,,124,15,0,20 15,0
15009,'1084303',1009,,125,15,0,20 15,0
15009,'1084362',1609,,127,15,0,20 15,0
19001509,'1083702',1457,,487,40,,,0
19001509,'1083710',1627,,488,40,,,0
19001509,'1083729',1227,,489,40,,,0
19001509,'1083731',857,,490,40,,,0
19001509,'1083760',2027,,491,40,,,0
19001509,'1083772',827,,492,40,,,0
19001509,'1083789',1557,,493,40,,,0
19001509,'1083800',2127,,494,40,,,0
19001509,'1083805',1257,,495,40,,,0
19001509,'1083822',1357,,496,40,,,0
19001509,'1083829',1827,,497,40,,,0
19001509,'1083830',1427,,498,40,,,0
19001509,'1083856',1927,,500,40,,,0
19001509,'1083862',1627,,501,40,,,0
19001509,'1083872',1127,,502,40,,,0
19001509,'1083878',957,,504,40,,,0
19001509,'1083886',1027,,505,40,,,0
19001509,'1083890',1227,,506,40,,,0
19001509,'1083898',1727,,507,40,,,0
19001509,'1083913',657,,508,15,,,0
19001509,'1083964',1757,,509,40,,,0
19001509,'1084023',727,,510,40,,,0
19001509,'1084031',727,,511,40,,,0
19001509,'1084038',1057,,512,40,,,0
19001509,'1084062',1827,,513,40,,,0
19001509,'1084080',2027,,514,40,,,0
19001509,'1084094',2127,,515,40,,,0
19001509,'1084116',1427,,516,40,,,0
19001509,'1084135',757,,517,40,,,0
19001509,'1084184',1327,,518,40,,,0
19001509,'1084188',1127,,519,40,,,0
19001509,'1084197',1927,,520,40,,,0
19001509,'1084202',1527,,521,40,,,0
19001509,'1084225',827,,522,40,,,0
19001509,'1084228',1527,,523,40,,,0
19001509,'1084246',1157,,525,40,,,0
19001509,'1084266',927,,526,40,,,0
19001509,'1084293',627,,529,15,,,0
19001509,'1084332',1657,,530,40,,,0
19001509,'1084358',1727,,531,40,,,0
19001509,'1084364',927,,532,40,,,0
19001509,'1084377',1027,,533,40,,,0
19001509,'1084382',1327,,534,40,,,0
