11609,'1142131',1617,,692,16,,,0
11609,'1142167',947,,693,16,,,0
11609,'1142222',1247,,694,16,,,0
11609,'1142226',2047,,695,16,,,0
11609,'1142297',1247,,696,16,,,0
11609,'1142329',1047,,697,16,,,0
11609,'1142334',1817,,698,16,,,0
11609,'1142336',1747,,699,16,,,0
11609,'1142364',1747,,700,16,,,0
11609,'1142388',1347,,701,16,,,0
11609,'1142390',1147,,702,16,,,0
11609,'1142392',917,,703,16,,,0
11609,'1142399',2047,,704,16,,,0
11609,'1142441',2147,,705,16,,,0
11609,'1142450',1947,,706,16,,,0
11609,'1142454',1547,,707,16,,,0
11609,'1142465',717,,708,16,,,0
11609,'1142475',847,,709,16,,,0
11609,'1142493',1647,,710,16,,,0
11609,'1142497',1547,,711,16,,,0
11609,'1142504',1847,,712,16,,,0
11609,'1142519',647,,713,16,,,0
11609,'1142524',1347,,714,16,,,0
11609,'1142530',1147,,715,16,,,0
11609,'1142561',747,,716,16,,,0
11609,'1142586',1447,,717,16,,,0
11609,'1142593',1947,,718,16,,,0
11609,'1142599',1847,,719,16,,,0
11609,'1142608',1447,,720,16,,,0
11609,'1142624',747,,721,16,,,0
11609,'1142649',1047,,722,16,,,0
11609,'1142676',1647,,723,16,,,0
11609,'1142697',817,,724,16,,,0
11609,'1142702',947,,725,16,,,0
11609,'1142719',847,,726,16,,,0
11609,'1142857',1717,,727,16,,,0
11609,'1142878',2147,,728,16,,,0
