12009,'1175745',1531,,1515,28,,,0
12009,'1175747',1431,,1516,28,,,0
12009,'1175827',1131,,1517,28,,,0
12009,'1175839',1731,,1518,28,,,0
12009,'1176031',1031,,1523,28,,,0
12009,'1176149',1231,,1525,28,,,0
12009,'1176417',1331,,1527,28,,,0
12009,'1176471',1631,,1529,28,,,0
12009,'1176692',931,,1532,28,,,0
14009,'1175724',1431,,1551,13,0,5 6 22,0
14009,'1175759',1231,,1552,13,0,5 6 22,0
14009,'1175767',1331,,1553,13,0,5 6 22,0
14009,'1175834',1531,,1557,13,0,5 6 22,0
14009,'1176178',1031,,1560,13,0,5 6 22,0
14009,'1176234',1731,,1561,13,0,5 6 22,0
14009,'1176418',1131,,1564,13,0,5 6 22,0
14009,'1176613',1631,,1566,13,0,5 6 22,0
14009,'1176636',931,,1567,13,0,5 6 22,0
20009,'1175886',1434,,1606,9,,,0
20009,'1176006',934,,1608,9,,,0
20009,'1176032',1234,,1609,9,,,0
20009,'1176110',1534,,1610,9,,,0
20009,'1176195',1718,,1611,9,,,0
20009,'1176370',1134,,1614,9,,,0
20009,'1176412',1034,,1617,9,,,0
20009,'1176469',1334,,1619,9,,,0
20009,'1176512',1634,,1620,9,,,0
19001709,'1175717',1459,,2072,29,,,0
19001709,'1175742',1059,,2073,29,,,0
19001709,'1175751',1059,,2074,29,,,0
19001709,'1175789',659,,2076,29,,,0
19001709,'1175830',1959,,2077,29,,,0
19001709,'1175877',1159,,2078,29,,,0
19001709,'1175947',1659,,2079,29,,,0
19001709,'1175951',729,,2080,29,,,0
19001709,'1175978',759,,2081,29,,,0
19001709,'1176042',1659,,2082,29,,,0
19001709,'1176052',2159,,2083,29,0,8 21,0
19001709,'1176058',1459,,2084,29,,,0
19001709,'1176065',1559,,2085,29,,,0
19001709,'1176099',1359,,2086,29,,,0
19001709,'1176119',1759,,2088,29,,,0
19001709,'1176120',1859,,2089,29,,,0
19001709,'1176124',2259,,2090,29,0,8 21,0
19001709,'1176130',1259,,2091,29,,,0
19001709,'1176156',1959,,2092,29,,,0
19001709,'1176161',1359,,2093,29,,,0
19001709,'1176166',929,,2094,29,,,0
19001709,'1176201',859,,2095,29,,,0
19001709,'1176252',829,,2097,29,,,0
19001709,'1176273',959,,2099,29,,,0
19001709,'1176303',1629,,2101,29,,,0
19001709,'1176312',1729,,2102,29,,,0
19001709,'1176349',1859,,2103,29,,,0
19001709,'1176415',759,,2105,29,,,0
19001709,'1176420',1159,,2106,29,,,0
19001709,'1176468',2159,,2107,29,0,8 21,0
19001709,'1176482',1259,,2108,29,,,0
19001709,'1176513',659,,2109,29,,,0
19001709,'1176554',1759,,2111,29,,,0
19001709,'1176592',629,,2112,29,,,0
19001709,'1176601',1559,,2113,29,,,0
19001709,'1176617',2059,,2114,29,,,0
19001709,'1176629',959,,2115,29,,,0
19001709,'1176637',859,,2116,29,,,0
19001709,'1176640',1829,,2117,29,0,8 21,0
19001709,'1176655',2059,,2118,29,,,0
19001709,'1176661',2259,,2119,29,0,8 21,0
