12009,'1175745',1530,,1515,26,,,0
12009,'1175747',1430,,1516,26,,,0
12009,'1175827',1130,,1517,26,,,0
12009,'1175839',1730,,1518,26,,,0
12009,'1176031',1030,,1523,26,,,0
12009,'1176149',1230,,1525,26,,,0
12009,'1176417',1330,,1527,26,,,0
12009,'1176471',1630,,1529,26,,,0
12009,'1176692',930,,1532,26,,,0
19001709,'1175717',1457,,2072,27,,,0
19001709,'1175742',1057,,2073,27,,,0
19001709,'1175751',1057,,2074,27,,,0
19001709,'1175789',657,,2076,27,,,0
19001709,'1175830',1957,,2077,27,,,0
19001709,'1175877',1157,,2078,27,,,0
19001709,'1175947',1657,,2079,27,,,0
19001709,'1175951',727,,2080,27,,,0
19001709,'1175978',757,,2081,27,,,0
19001709,'1176042',1657,,2082,27,,,0
19001709,'1176052',2157,,2083,27,0,8 21,0
19001709,'1176058',1457,,2084,27,,,0
19001709,'1176065',1557,,2085,27,,,0
19001709,'1176099',1357,,2086,27,,,0
19001709,'1176119',1757,,2088,27,,,0
19001709,'1176120',1857,,2089,27,,,0
19001709,'1176124',2257,,2090,27,0,8 21,0
19001709,'1176130',1257,,2091,27,,,0
19001709,'1176156',1957,,2092,27,,,0
19001709,'1176161',1357,,2093,27,,,0
19001709,'1176166',927,,2094,27,,,0
19001709,'1176201',857,,2095,27,,,0
19001709,'1176252',827,,2097,27,,,0
19001709,'1176273',957,,2099,27,,,0
19001709,'1176303',1627,,2101,27,,,0
19001709,'1176312',1727,,2102,27,,,0
19001709,'1176349',1857,,2103,27,,,0
19001709,'1176415',757,,2105,27,,,0
19001709,'1176420',1157,,2106,27,,,0
19001709,'1176468',2157,,2107,27,0,8 21,0
19001709,'1176482',1257,,2108,27,,,0
19001709,'1176513',657,,2109,27,,,0
19001709,'1176554',1757,,2111,27,,,0
19001709,'1176592',627,,2112,27,,,0
19001709,'1176601',1557,,2113,27,,,0
19001709,'1176617',2057,,2114,27,,,0
19001709,'1176629',957,,2115,27,,,0
19001709,'1176637',857,,2116,27,,,0
19001709,'1176640',1827,,2117,27,0,8 21,0
19001709,'1176655',2057,,2118,27,,,0
19001709,'1176661',2257,,2119,27,0,8 21,0
