20009,'1175886',1508,6,1606,19,,,0
20009,'1176006',1008,6,1608,19,,,0
20009,'1176032',1308,6,1609,19,,,0
20009,'1176110',1608,6,1610,19,,,0
20009,'1176370',1208,6,1614,19,,,0
20009,'1176412',1108,6,1617,19,,,0
20009,'1176469',1408,6,1619,19,,,0
20009,'1176512',1708,6,1620,19,,,0
20009,'1176525',908,6,1621,9,,,0
30009,'1178821',1553,,2121,2,4,,0
30009,'1178822',1325,,2122,1,0,23 24 2 26,0,98,,2122,23,4,,0
30009,'1178823',725,,2123,1,0,23 24 2 26,0,98,,2123,23,4,,0
30009,'1178824',825,,2124,1,0,23 24 2 26,0,98,,2124,23,4,,0
30009,'1178825',1425,,2125,1,0,23 24 2 26,0,98,,2125,23,4,,0
30009,'1178832',955,,2132,1,0,8 9 2 26,0
30009,'1178833',925,,2133,1,0,23 24 2 26,0,98,,2133,23,4,,0
30009,'1178834',755,,2134,1,0,23 24 2 26,0,98,,2134,23,4,,0
30009,'1178837',1725,,2137,1,0,23 24 2 26,0,98,,2137,23,4,,0
30009,'1178839',1125,,2139,1,0,23 24 2 26,0,98,,2139,23,4,,0
30009,'1178842',1225,,2142,1,0,23 24 2 26,0,98,,2142,23,4,,0
30009,'1178844',655,,2144,1,0,23 24 2 26,0,98,,2144,23,4,,0
30009,'1178849',1655,,2149,1,0,23 24 2 26,0,98,,2149,23,4,,0
30009,'1178850',925,,2150,1,0,23 24 2 26,0,98,,2150,23,4,,0
30009,'1178851',825,,2151,1,0,23 24 2 26,0,98,,2151,23,4,,0
30009,'1178853',1925,,2153,1,0,23 24 2 26,0,98,,2153,23,4,,0
30009,'1178855',1425,,2155,1,0,23 24 2 26,0,98,,2155,23,4,,0
30009,'1178856',2025,,2156,1,0,23 24 2 26,0,98,,2156,23,4,,0
30009,'1178858',1825,,2158,1,0,23 24 2 26,0,98,,2158,23,4,,0
30009,'1178859',1525,,2159,1,0,23 24 2 26,0,98,,2159,23,4,,0
30009,'1178862',1725,,2162,1,0,23 24 2 26,0,98,,2162,23,4,,0
30009,'1178864',1025,,2164,1,0,23 24 2 26,0,98,,2164,23,4,,0
30009,'1178866',2125,,2166,1,0,8 9 2 26,0
30009,'1178867',2025,,2167,1,0,23 24 2 26,0,98,,2167,23,4,,0
30009,'1178870',1825,,2170,1,0,23 24 2 26,0,98,,2170,23,4,,0
30009,'1178871',723,,2171,2,4,,0
30009,'1178872',1325,,2172,1,0,23 24 2 26,0,98,,2172,23,4,,0
30009,'1178875',1125,,2175,1,0,23 24 2 26,0,98,,2175,23,4,,0
30009,'1178876',725,,2176,2,4,,0
30009,'1178877',1925,,2177,1,0,23 24 2 26,0,98,,2177,23,4,,0
30009,'1178878',1555,,2178,1,0,23 24 2 26,0,98,,2178,23,4,,0
30009,'1178879',1525,,2179,1,0,23 24 2 26,0,98,,2179,23,4,,0
30009,'1178888',1025,,2188,1,0,23 24 2 26,0,98,,2188,23,4,,0
30009,'1178889',1225,,2189,1,0,23 24 2 26,0,98,,2189,23,4,,0
30009,'1178890',855,,2190,1,0,23 24 2 26,0,98,,2190,23,4,,0
30009,'1178891',2125,,2191,1,0,8 9 2 26,0
30009,'1178892',1625,,2192,1,0,23 24 2 26,0,98,,2192,23,4,,0
30009,'1178894',725,,2194,1,0,23 24 2 26,0,98,,2194,23,4,,0
30009,'1178895',653,,2195,2,4,,0
30009,'1178900',1755,,2200,1,0,8 9 2 26,0
30009,'1178901',1625,,2201,1,0,23 24 2 26,0,98,,2201,23,4,,0
19001709,'1175717',1522,,2072,41,,,0
19001709,'1175742',1122,,2073,41,,,0
19001709,'1175751',1122,,2074,41,,,0
19001709,'1175777',1152,,2075,8,,,0
19001709,'1175789',722,,2076,41,,,0
19001709,'1175830',2022,,2077,41,,,0
19001709,'1175877',1222,,2078,41,,,0
19001709,'1175947',1722,,2079,41,,,0
19001709,'1175951',752,,2080,41,,,0
19001709,'1175978',822,,2081,41,,,0
19001709,'1176042',1722,,2082,41,,,0
19001709,'1176058',1522,,2084,41,,,0
19001709,'1176065',1622,,2085,41,,,0
19001709,'1176099',1422,,2086,41,,,0
19001709,'1176116',1552,,2087,8,,,0
19001709,'1176119',1822,,2088,41,,,0
19001709,'1176120',1922,,2089,41,,,0
19001709,'1176130',1322,,2091,41,,,0
19001709,'1176156',2022,,2092,41,,,0
19001709,'1176161',1422,,2093,41,,,0
19001709,'1176166',952,,2094,41,,,0
19001709,'1176201',922,,2095,41,,,0
19001709,'1176209',1352,,2096,8,,,0
19001709,'1176252',852,,2097,41,,,0
19001709,'1176264',1452,,2098,8,,,0
19001709,'1176273',1022,,2099,41,,,0
19001709,'1176297',1252,,2100,8,,,0
19001709,'1176303',1652,,2101,41,,,0
19001709,'1176312',1752,,2102,41,,,0
19001709,'1176349',1922,,2103,41,,,0
19001709,'1176380',1052,,2104,8,,,0
19001709,'1176415',822,,2105,41,,,0
19001709,'1176420',1222,,2106,41,,,0
19001709,'1176482',1322,,2108,41,,,0
19001709,'1176513',722,,2109,41,,,0
19001709,'1176547',622,,2110,8,,,0
19001709,'1176554',1822,,2111,41,,,0
19001709,'1176592',652,,2112,41,,,0
19001709,'1176601',1622,,2113,41,,,0
19001709,'1176617',2122,,2114,41,,,0
19001709,'1176629',1022,,2115,41,,,0
19001709,'1176637',922,,2116,41,,,0
19001709,'1176655',2122,,2118,41,,,0
