19001109,'1142212',1302,,1065,22,,,0
19001109,'1142263',607,,1072,1,,,0
19001109,'1142345',1202,,1078,22,,,0
19001109,'1142412',1402,,1081,22,,,0
19001109,'1142503',1402,,1086,22,,,0
19001109,'1142554',1502,,1091,22,,,0
19001109,'1142583',1102,,1094,22,,,0
19001109,'1142588',1202,,1095,22,,,0
19001109,'1142664',1502,,1098,22,,,0
19001109,'1142756',1602,,1101,22,,,0
19001109,'1142845',1102,,1106,22,,,0
19001109,'1142860',1302,,1107,22,,,0
19001109,'1142880',1602,,1108,22,,,0
19001109,'1175791',2100,,1347,22,,,0
19001109,'1175792',1900,,1348,22,,,0
19001109,'1175853',1900,,1349,22,,,0
19001109,'1175887',1730,,1350,22,,,0
19001109,'1175950',700,,1351,22,,,0
19001109,'1175987',800,,1352,22,,,0
19001109,'1175992',1800,,1353,22,,,0
19001109,'1176020',700,,1354,22,,,0
19001109,'1176179',1800,,1355,22,,,0
19001109,'1176193',2000,,1356,22,,,0
19001109,'1176227',2100,,1357,22,,,0
19001109,'1176244',1700,,1358,22,,,0
19001109,'1176256',830,,1359,22,,,0
19001109,'1176310',900,,1360,22,,,0
19001109,'1176359',2000,,1361,22,,,0
19001109,'1176409',2255,,1362,22,4,,0
19001109,'1176413',930,,1363,22,,,0
19001109,'1176424',1000,,1364,22,,,0
19001109,'1176436',1000,,1365,22,,,0
19001109,'1176437',900,,1366,22,,,0
19001109,'1176447',2255,,1367,22,4,,0
19001109,'1176477',1700,,1368,22,,,0
19001109,'1176498',730,,1369,22,,,0
19001109,'1176505',2200,,1370,22,,,0
19001109,'1176514',800,,1371,22,,,0
19001109,'1176571',2200,,1372,22,,,0
19001109,'1176619',1830,,1373,22,0,8 21,0
19001509,'1142133',1700,,1156,23,,,0
19001509,'1142153',700,,1158,23,,,0
19001509,'1142160',1000,,1159,23,,,0
19001509,'1142170',1500,,1160,23,,,0
19001509,'1142181',700,,1161,23,,,0
19001509,'1142183',1600,,1162,23,,,0
19001509,'1142185',1500,,1163,23,,,0
19001509,'1142201',830,,1164,23,,,0
19001509,'1142204',1300,,1165,23,,,0
19001509,'1142207',2200,,1166,23,4,,0
19001509,'1142217',1100,,1167,23,,,0
19001509,'1142250',2100,,1168,23,,,0
19001509,'1142261',1230,,1169,23,,,0
19001509,'1142284',1030,,1170,23,,,0
19001509,'1142295',2300,,1171,23,4,,0
19001509,'1142302',1800,,1172,23,,,0
19001509,'1142304',1830,,1173,23,0,12,0
19001509,'1142318',930,,1174,23,,,0
19001509,'1142351',2000,,1175,23,,,0
19001509,'1142376',1800,,1176,23,,,0
19001509,'1142422',1200,,1177,23,,,0
19001509,'1142427',800,,1178,23,,,0
19001509,'1142428',1630,,1179,23,,,0
19001509,'1142440',1300,,1180,23,,,0
19001509,'1142443',2000,,1181,23,,,0
19001509,'1142474',730,,1182,23,,,0
19001509,'1142476',1330,,1183,23,,,0
19001509,'1142512',1130,,1184,23,,,0
19001509,'1142514',1600,,1185,23,,,0
19001509,'1142532',2200,,1186,23,4,,0
19001509,'1142587',1730,,1187,23,,,0
19001509,'1142615',1900,,1188,23,,,0
19001509,'1142630',1900,,1189,23,,,0
19001509,'1142653',1700,,1190,23,,,0
19001509,'1142655',900,,1191,23,,,0
19001509,'1142675',800,,1192,23,,,0
19001509,'1142699',2300,,1193,23,4,,0
19001509,'1142725',1530,,1194,23,,,0
19001509,'1142736',1400,,1195,23,,,0
19001509,'1142755',1100,,1196,23,,,0
19001509,'1142799',1430,,1198,23,,,0
19001509,'1142808',2100,,1199,23,,,0
19001509,'1142818',1200,,1200,23,,,0
19001509,'1142823',1400,,1201,23,,,0
19001509,'1142868',900,,1202,23,,,0
19001509,'1142879',1000,,1203,23,,,0
19001709,'1175723',900,,1419,31,,,0
19001709,'1175748',930,,1420,31,,,0
19001709,'1175763',1100,,1421,31,,,0
19001709,'1175781',1000,,1422,31,,,0
19001709,'1175795',730,,1423,31,,,0
19001709,'1175819',2100,,1424,31,,,0
19001709,'1175858',1900,,1425,31,,,0
19001709,'1175872',2200,,1426,31,0,8 21,0
19001709,'1175912',1800,,1427,31,,,0
19001709,'1175946',2100,,1428,31,,,0
19001709,'1176002',1400,,1429,31,,,0
19001709,'1176024',2200,,1430,31,0,8 21,0
19001709,'1176147',2000,,1431,31,,,0
19001709,'1176151',1500,,1432,31,,,0
19001709,'1176162',1200,,1433,31,,,0
19001709,'1176204',1600,,1434,31,,,0
19001709,'1176288',800,,1435,31,,,0
19001709,'1176339',1700,,1436,31,,,0
19001709,'1176366',700,,1437,31,,,0
19001709,'1176369',1600,,1438,31,,,0
19001709,'1176400',1100,,1439,31,,,0
19001709,'1176416',1900,,1440,31,,,0
19001709,'1176419',900,,1441,31,,,0
19001709,'1176422',1500,,1442,31,,,0
19001709,'1176428',1630,,1443,31,,,0
19001709,'1176461',1730,,1444,31,,,0
19001709,'1176465',2000,,1445,31,,,0
19001709,'1176466',2300,,1446,31,0,8 21,0
19001709,'1176481',1400,,1447,31,,,0
19001709,'1176493',630,,1448,31,,,0
19001709,'1176540',1000,,1449,31,,,0
19001709,'1176561',1700,,1450,31,,,0
19001709,'1176587',800,,1451,31,,,0
19001709,'1176600',1300,,1452,31,,,0
19001709,'1176606',1300,,1453,31,,,0
19001709,'1176634',700,,1454,31,,,0
19001709,'1176635',830,,1455,31,,,0
19001709,'1176654',1830,,1456,31,0,8 21,0
19001709,'1176664',1200,,1457,31,,,0
19001709,'1176670',1800,,1458,31,,,0
19001709,'1176677',2300,,1459,31,0,8 21,0
