19001309,'1175725',729,,1374,50,,,0
19001309,'1175746',1329,,1375,50,,,0
19001309,'1175750',2229,,1376,50,,,0
19001309,'1175754',629,,1377,18,,,0
19001309,'1175772',2129,,1378,50,,,0
19001309,'1175824',2029,,1379,50,,,0
19001309,'1175844',729,,1380,50,,,0
19001309,'1175930',1829,,1381,50,,,0
19001309,'1175941',1529,,1382,50,,,0
19001309,'1175974',1659,,1383,50,,,0
19001309,'1176027',1229,,1384,50,,,0
19001309,'1176051',1359,,1385,50,,,0
19001309,'1176056',1559,,1386,50,,,0
19001309,'1176072',929,,1387,50,,,0
19001309,'1176088',859,,1388,50,,,0
19001309,'1176113',1029,,1389,50,,,0
19001309,'1176123',1529,,1390,50,,,0
19001309,'1176150',1729,,1391,50,,,0
19001309,'1176155',1759,,1392,50,,,0
19001309,'1176191',1929,,1393,50,,,0
19001309,'1176203',2029,,1394,50,,,0
19001309,'1176205',829,,1395,50,,,0
19001309,'1176216',759,,1396,50,,,0
19001309,'1176219',1629,,1397,50,,,0
19001309,'1176231',1329,,1398,50,,,0
19001309,'1176237',1229,,1399,50,,,0
19001309,'1176251',929,,1400,50,,,0
19001309,'1176267',1929,,1401,50,,,0
19001309,'1176294',659,,1402,18,,,0
19001309,'1176327',2229,,1403,50,,,0
19001309,'1176330',1129,,1404,50,,,0
19001309,'1176347',1429,,1405,50,,,0
19001309,'1176350',1429,,1406,50,,,0
19001309,'1176372',959,,1407,50,,,0
19001309,'1176377',2129,,1408,50,,,0
19001309,'1176385',1029,,1409,50,,,0
19001309,'1176484',1629,,1410,50,,,0
19001309,'1176487',1259,,1411,50,,,0
19001309,'1176502',1459,,1412,50,,,0
19001309,'1176565',1129,,1413,50,,,0
19001309,'1176609',1729,,1414,50,,,0
19001309,'1176622',1829,,1415,50,,,0
19001309,'1176667',829,,1416,50,,,0
19001309,'1176691',1159,,1417,50,,,0
19001309,'1176694',1059,,1418,50,,,0
