13009,'1083747',1226,,74,6,,,0
13009,'1083932',1526,,77,6,,,0
13009,'1084039',926,,78,6,,,0
13009,'1084059',1026,,81,6,,,0
13009,'1084138',1426,,84,6,,,0
13009,'1084264',1626,,86,6,,,0
13009,'1084281',1126,,87,6,,,0
13009,'1084282',1726,,88,6,,,0
13009,'1084299',1326,,89,6,,,0
14001209,'1083697',1720,,248,6,,,0
14001209,'1083719',2250,,249,6,0,8 9,0
14001209,'1083724',820,,250,6,,,0
14001209,'1083738',2150,,251,6,,,0
14001209,'1083756',1150,,252,6,,,0
14001209,'1083770',1450,,253,6,,,0
14001209,'1083781',1450,,254,6,,,0
14001209,'1083804',950,,255,6,,,0
14001209,'1083812',1520,,256,6,,,0
14001209,'1083825',1350,,257,6,,,0
14001209,'1083828',850,,258,6,,,0
14001209,'1083832',1750,,259,6,,,0
14001209,'1083836',1620,,260,6,,,0
14001209,'1083837',1650,,261,6,,,0
14001209,'1083842',1020,,262,6,,,0
14001209,'1083858',1850,,263,6,,,0
14001209,'1083876',1050,,264,6,,,0
14001209,'1083895',2150,,265,6,,,0
14001209,'1083906',1420,,266,6,,,0
14001209,'1083907',1150,,267,6,,,0
14001209,'1083916',2050,,268,6,,,0
14001209,'1083935',1350,,269,6,,,0
14001209,'1083976',1050,,270,6,,,0
14001209,'1083988',1250,,271,6,,,0
14001209,'1083993',1120,,272,6,,,0
14001209,'1084000',950,,273,6,,,0
14001209,'1084008',2250,,274,6,0,8 9,0
14001209,'1084037',1750,,275,6,,,0
14001209,'1084075',1320,,276,6,,,0
14001209,'1084086',650,,277,6,,,0
14001209,'1084089',1950,,278,6,,,0
14001209,'1084099',1850,,279,6,,,0
14001209,'1084106',1820,,280,6,0,8 9,0
14001209,'1084198',1550,,281,6,,,0
14001209,'1084227',1220,,282,6,,,0
14001209,'1084231',920,,283,6,,,0
14001209,'1084254',750,,284,6,,,0
14001209,'1084265',720,,285,6,,,0
14001209,'1084270',2050,,286,6,,,0
14001209,'1084287',1650,,287,6,,,0
14001209,'1084310',1550,,289,6,,,0
14001209,'1084331',750,,290,6,,,0
14001209,'1084345',850,,291,6,,,0
14001209,'1084350',1250,,292,6,,,0
14001209,'1084370',1950,,293,6,,,0
