15009,'1175924',1042,,1574,10,,,0
15009,'1175955',1642,,1575,10,,,0
15009,'1176009',1442,,1576,10,,,0
15009,'1176045',942,,1577,10,,,0
15009,'1176107',1542,,1579,10,,,0
15009,'1176262',1742,,1581,10,,,0
15009,'1176306',1142,,1583,10,,,0
15009,'1176632',1342,,1585,10,,,0
15009,'1176645',1242,,1586,10,,,0
14001409,'1175733',1900,,1835,20,,,0
14001409,'1175775',1200,,1836,20,,,0
14001409,'1175776',2100,,1837,20,,,0
14001409,'1175786',2000,,1838,20,,,0
14001409,'1175790',1600,,1839,20,,,0
14001409,'1175803',1400,,1840,20,,,0
14001409,'1175809',930,,1841,20,,,0
14001409,'1175820',1500,,1842,20,,,0
14001409,'1175821',1200,,1843,20,,,0
14001409,'1175838',1130,,1844,20,,,0
14001409,'1175856',1100,,1845,20,,,0
14001409,'1175876',1600,,1846,20,,,0
14001409,'1175893',1900,,1847,20,,,0
14001409,'1175894',1730,,1848,20,,,0
14001409,'1175902',1630,,1849,20,,,0
14001409,'1175961',1300,,1850,20,,,0
14001409,'1175973',900,,1851,20,,,0
14001409,'1175975',1800,,1852,20,,,0
14001409,'1175979',1830,,1853,20,0,8 21,0
14001409,'1175999',830,,1854,20,,,0
14001409,'1176001',1030,,1855,20,,,0
14001409,'1176014',1100,,1856,20,,,0
14001409,'1176036',730,,1857,20,,,0
14001409,'1176047',1400,,1858,20,,,0
14001409,'1176050',2100,,1859,20,,,0
14001409,'1176071',1230,,1860,20,,,0
14001409,'1176160',1700,,1861,20,,,0
14001409,'1176250',800,,1862,20,,,0
14001409,'1176268',2200,,1863,20,,,0
14001409,'1176283',1330,,1864,20,,,0
14001409,'1176308',2200,,1866,20,,,0
14001409,'1176314',700,,1867,20,,,0
14001409,'1176393',1000,,1869,20,,,0
14001409,'1176423',800,,1870,20,,,0
14001409,'1176476',1530,,1872,20,,,0
14001409,'1176485',1000,,1873,20,,,0
14001409,'1176522',900,,1874,20,,,0
14001409,'1176556',1700,,1876,20,,,0
14001409,'1176558',1500,,1877,20,,,0
14001409,'1176598',2000,,1878,20,,,0
14001409,'1176631',1300,,1879,20,,,0
14001409,'1176643',1430,,1880,20,,,0
14001409,'1176681',1800,,1881,20,,,0
