14001009,'1142143',1423,,875,44,,,0
14001009,'1142194',1523,,879,44,,,0
14001009,'1142216',1023,,880,44,,,0
14001009,'1142237',1423,,882,44,,,0
14001009,'1142282',1323,,884,44,,,0
14001009,'1142360',1223,,889,44,,,0
14001009,'1142375',1123,,891,44,,,0
14001009,'1142459',1023,,894,44,,,0
14001009,'1142483',1523,,898,44,,,0
14001009,'1142538',1123,,903,44,,,0
14001009,'1142811',1223,,915,44,,,0
14001009,'1142843',1323,,919,44,,,0
19001109,'1142212',1253,,1065,15,,,0
19001109,'1142345',1153,,1078,15,,,0
19001109,'1142412',1353,,1081,15,,,0
19001109,'1142503',1353,,1086,15,,,0
19001109,'1142554',1453,,1091,15,,,0
19001109,'1142583',1053,,1094,15,,,0
19001109,'1142588',1153,,1095,15,,,0
19001109,'1142664',1453,,1098,15,,,0
19001109,'1142756',1553,,1101,15,,,0
19001109,'1142845',1053,,1106,15,,,0
19001109,'1142860',1253,,1107,15,,,0
19001109,'1142880',1553,,1108,15,,,0
