19001109,'1142212',1300,,1065,19,,,0
19001109,'1142345',1200,,1078,19,,,0
19001109,'1142412',1400,,1081,19,,,0
19001109,'1142503',1400,,1086,19,,,0
19001109,'1142554',1500,,1091,19,,,0
19001109,'1142583',1100,,1094,19,,,0
19001109,'1142588',1200,,1095,19,,,0
19001109,'1142664',1500,,1098,19,,,0
19001109,'1142756',1600,,1101,19,,,0
19001109,'1142845',1100,,1106,19,,,0
19001109,'1142860',1300,,1107,19,,,0
19001109,'1142880',1600,,1108,19,,,0
19001109,'1175791',2058,,1347,19,,,0
19001109,'1175792',1858,,1348,19,,,0
19001109,'1175853',1858,,1349,19,,,0
19001109,'1175887',1728,,1350,19,,,0
19001109,'1175950',658,,1351,19,,,0
19001109,'1175987',758,,1352,19,,,0
19001109,'1175992',1758,,1353,19,,,0
19001109,'1176020',658,,1354,19,,,0
19001109,'1176179',1758,,1355,19,,,0
19001109,'1176193',1958,,1356,19,,,0
19001109,'1176227',2058,,1357,19,,,0
19001109,'1176244',1658,,1358,19,,,0
19001109,'1176256',828,,1359,19,,,0
19001109,'1176310',858,,1360,19,,,0
19001109,'1176359',1958,,1361,19,,,0
19001109,'1176409',2253,,1362,19,0,12,0
19001109,'1176413',928,,1363,19,,,0
19001109,'1176424',958,,1364,19,,,0
19001109,'1176436',958,,1365,19,,,0
19001109,'1176437',858,,1366,19,,,0
19001109,'1176447',2253,,1367,19,0,12,0
19001109,'1176477',1658,,1368,19,,,0
19001109,'1176498',728,,1369,19,,,0
19001109,'1176505',2158,,1370,19,,,0
19001109,'1176514',758,,1371,19,,,0
19001109,'1176571',2158,,1372,19,,,0
19001109,'1176619',1828,,1373,19,0,8 21,0
