14009,'1083726',1656,,92,31,,,0
14009,'1083733',1256,,93,31,,,0
14009,'1083894',956,,95,31,,,0
14009,'1083982',1456,,98,31,,,0
14009,'1084115',1556,,100,31,,,0
14009,'1084147',1156,,101,31,,,0
14009,'1084174',1056,,104,31,,,0
14009,'1084272',1809,,105,31,,,0
14009,'1084375',1356,,109,31,,,0
14001009,'1083711',1826,,202,46,,,0
14001009,'1083714',2026,,203,46,,,0
14001009,'1083727',2026,,204,46,,,0
14001009,'1083743',2226,,206,46,,,0
14001009,'1083763',2126,,207,46,,,0
14001009,'1083798',726,,208,13,,,0
14001009,'1083841',1424,,210,47,,,0
14001009,'1083888',1524,,211,47,,,0
14001009,'1083897',1926,,212,46,,,0
14001009,'1083901',1726,,213,46,,,0
14001009,'1083919',1225,,214,47,,,0
14001009,'1083953',1626,,215,46,,,0
14001009,'1084005',1926,,218,46,,,0
14001009,'1084014',1124,,219,47,,,0
14001009,'1084030',1024,,220,47,,,0
14001009,'1084040',1726,,221,46,,,0
14001009,'1084045',1325,,222,47,,,0
14001009,'1084046',1025,,223,47,,,0
14001009,'1084052',2126,,224,46,,,0
14001009,'1084056',926,,225,46,,,0
14001009,'1084072',1125,,226,47,,,0
14001009,'1084104',1324,,228,47,,,0
14001009,'1084126',1656,,230,46,,,0
14001009,'1084128',856,,231,46,,,0
14001009,'1084131',726,,232,46,,,0
14001009,'1084133',826,,233,46,,,0
14001009,'1084154',2226,,234,46,,,0
14001009,'1084167',1826,,235,46,,,0
14001009,'1084176',926,,236,46,,,0
14001009,'1084187',1626,,237,46,,,0
14001009,'1084219',826,,239,46,,,0
14001009,'1084221',1425,,240,47,,,0
14001009,'1084321',1224,,243,47,,,0
14001009,'1084338',1525,,245,47,,,0
14001009,'1084349',756,,246,46,,,0
14001009,'1084363',1756,,247,46,,,0
