14001009,'1083711',1752,,202,22,,,0
14001009,'1083714',1952,,203,22,,,0
14001009,'1083727',1952,,204,22,,,0
14001009,'1083739',1022,,205,22,0,8 9,0
14001009,'1083743',2152,,206,22,,,0
14001009,'1083763',2052,,207,22,,,0
14001009,'1083809',1822,,209,22,0,8 9,0
14001009,'1083841',1352,,210,22,,,0
14001009,'1083897',1852,,212,22,,,0
14001009,'1083901',1652,,213,22,,,0
14001009,'1083953',1552,,215,22,,,0
14001009,'1083971',1222,,216,22,0,8 9,0
14001009,'1083977',1422,,217,22,0,8 9,0
14001009,'1084005',1852,,218,22,,,0
14001009,'1084014',1052,,219,22,,,0
14001009,'1084040',1652,,221,22,,,0
14001009,'1084045',1252,,222,22,,,0
14001009,'1084052',2052,,224,22,,,0
14001009,'1084056',852,,225,22,,,0
14001009,'1084072',1052,,226,22,,,0
14001009,'1084104',1252,,228,22,,,0
14001009,'1084118',1322,,229,22,0,8 9,0
14001009,'1084126',1622,,230,22,,,0
14001009,'1084128',822,,231,22,,,0
14001009,'1084133',752,,233,22,,,0
14001009,'1084154',2152,,234,22,,,0
14001009,'1084167',1752,,235,22,,,0
14001009,'1084176',852,,236,22,,,0
14001009,'1084187',1552,,237,22,,,0
14001009,'1084190',2252,,238,22,0,8 9,0
14001009,'1084219',752,,239,22,,,0
14001009,'1084221',1352,,240,22,,,0
14001009,'1084288',1522,,241,22,0,8 9,0
14001009,'1084291',1122,,242,22,0,8 9,0
14001009,'1084349',722,,246,22,,,0
14001009,'1084363',1722,,247,22,,,0
14001009,'1142404',1452,,625,22,,,0
14001009,'1142405',922,,626,22,0,8 9,0
14001009,'1142495',952,,627,22,,,0
14001009,'1142534',1452,,628,22,,,0
14001009,'1142603',952,,629,22,,,0
14001009,'1142604',1152,,630,22,,,0
14001009,'1142640',2252,,631,22,0,8 9,0
14001009,'1142648',652,,632,22,,,0
14001009,'1142722',1152,,633,22,,,0
