20009,'1175886',1432,,1606,5,,,0
20009,'1176006',932,,1608,5,,,0
20009,'1176032',1232,,1609,5,,,0
20009,'1176110',1532,,1610,5,,,0
20009,'1176195',1716,,1611,5,,,0
20009,'1176370',1132,,1614,5,,,0
20009,'1176412',1032,,1617,5,,,0
20009,'1176469',1332,,1619,5,,,0
20009,'1176512',1632,,1620,5,,,0
14001409,'1175733',1926,,1835,33,,,0
14001409,'1175775',1226,,1836,33,,,0
14001409,'1175776',2125,,1837,33,,,0
14001409,'1175786',2025,,1838,33,,,0
14001409,'1175790',1626,,1839,33,,,0
14001409,'1175803',1426,,1840,33,,,0
14001409,'1175809',956,,1841,33,,,0
14001409,'1175820',1526,,1842,33,,,0
14001409,'1175821',1225,,1843,33,,,0
14001409,'1175838',1156,,1844,33,,,0
14001409,'1175856',1125,,1845,33,,,0
14001409,'1175876',1625,,1846,33,,,0
14001409,'1175893',1925,,1847,33,,,0
14001409,'1175894',1756,,1848,33,,,0
14001409,'1175902',1656,,1849,33,,,0
14001409,'1175961',1326,,1850,33,,,0
14001409,'1175973',925,,1851,33,,,0
14001409,'1175975',1826,,1852,33,,,0
14001409,'1175999',856,,1854,33,,,0
14001409,'1176001',1056,,1855,33,,,0
14001409,'1176014',1126,,1856,33,,,0
14001409,'1176036',756,,1857,33,,,0
14001409,'1176047',1425,,1858,33,,,0
14001409,'1176050',2126,,1859,33,,,0
14001409,'1176071',1256,,1860,33,,,0
14001409,'1176160',1726,,1861,33,,,0
14001409,'1176250',825,,1862,33,,,0
14001409,'1176268',2226,,1863,33,,,0
14001409,'1176283',1356,,1864,33,,,0
14001409,'1176287',625,,1865,5,,,0
14001409,'1176308',2225,,1866,33,,,0
14001409,'1176314',726,,1867,33,,,0
14001409,'1176357',626,,1868,5,,,0
14001409,'1176393',1025,,1869,33,,,0
14001409,'1176423',826,,1870,33,,,0
14001409,'1176464',656,,1871,12,,,0
14001409,'1176476',1556,,1872,33,,,0
14001409,'1176485',1026,,1873,33,,,0
14001409,'1176522',926,,1874,33,,,0
14001409,'1176530',725,,1875,12,,,0
14001409,'1176556',1725,,1876,33,,,0
14001409,'1176558',1525,,1877,33,,,0
14001409,'1176598',2026,,1878,33,,,0
14001409,'1176631',1325,,1879,33,,,0
14001409,'1176643',1456,,1880,33,,,0
14001409,'1176681',1825,,1881,33,,,0
