21609,'1083705',929,,165,22,,,0
21609,'1083713',1329,,166,22,,,0
21609,'1083740',702,,167,23,,,0
21609,'1083767',859,,168,22,,,0
21609,'1083813',729,,170,22,,,0
21609,'1083824',1129,,171,22,,,0
21609,'1083865',929,,172,22,,,0
21609,'1083868',2129,,173,22,,,0
21609,'1083869',1759,,174,22,,,0
21609,'1083929',1732,,175,23,,,0
21609,'1083944',2029,,176,22,,,0
21609,'1083952',759,,177,22,,,0
21609,'1083956',1559,,178,22,,,0
21609,'1083970',1429,,179,22,,,0
21609,'1083985',1729,,180,22,,,0
21609,'1083994',1229,,181,22,,,0
21609,'1083995',1829,,182,22,,,0
21609,'1084073',1029,,183,22,,,0
21609,'1084096',1829,,184,22,,,0
21609,'1084144',732,,185,23,,,0
21609,'1084182',2029,,186,22,,,0
21609,'1084211',1529,,187,22,,,0
21609,'1084216',1329,,188,22,,,0
21609,'1084222',829,,189,22,,,0
21609,'1084229',1529,,190,22,,,0
21609,'1084233',1629,,191,22,,,0
21609,'1084253',1029,,192,22,,,0
21609,'1084297',2129,,193,22,,,0
21609,'1084300',1229,,194,22,,,0
21609,'1084324',1429,,195,22,,,0
21609,'1084339',1702,,196,23,,,0
21609,'1084342',1129,,197,22,,,0
21609,'1084351',1929,,198,22,,,0
21609,'1084373',1929,,199,22,,,0
21609,'1084376',829,,200,22,,,0
21609,'1084380',1632,,201,23,,,0
21609,'1142315',629,,624,22,,,0
