13009,'1175768',1412,,1533,25,0,19 15,0
13009,'1175851',1212,,1534,25,0,19 15,0
13009,'1175875',1312,,1535,25,0,19 15,0
13009,'1175888',1112,,1536,25,0,19 15,0
13009,'1176171',1512,,1538,25,0,19 15,0
13009,'1176184',912,,1539,25,0,19 15,0
13009,'1176223',1612,,1541,25,0,19 15,0
13009,'1176463',1012,,1547,25,0,19 15,0
13009,'1176497',1712,,1548,25,0,19 15,0
15009,'1175719',1729,,1569,36,0,20 15,0
15009,'1175730',1529,,1570,36,0,20 15,0
15009,'1175737',1329,,1571,36,0,20 15,0
15009,'1175828',1429,,1572,36,0,20 15,0
15009,'1175835',1029,,1573,36,0,20 15,0
15009,'1176048',1229,,1578,36,0,20 15,0
15009,'1176230',1629,,1580,36,0,20 15,0
15009,'1176301',929,,1582,36,0,20 15,0
15009,'1176568',1129,,1584,36,0,20 15,0
30009,'1178820',1710,,2120,19,0,23 24 2 25,0
30009,'1178826',1540,,2126,19,0,23 24 2 25,0
30009,'1178827',1040,,2127,19,0,23 24 2 25,0
30009,'1178828',1040,,2128,19,0,23 24 2 25,0
30009,'1178829',710,,2129,18,0,23 24 2 25,0
30009,'1178830',1010,,2130,19,0,23 24 2 25,0
30009,'1178831',740,,2131,18,0,23 24 2 25,0
30009,'1178835',940,,2135,19,0,23 24 2 25,0
30009,'1178836',1840,,2136,19,0,23 24 2 25,0
30009,'1178840',2040,,2140,19,0,23 24 2 25,0
30009,'1178841',1140,,2141,19,0,23 24 2 25,0
30009,'1178843',1640,,2143,19,0,23 24 2 25,0
30009,'1178845',840,,2145,19,0,23 24 2 25,0
30009,'1178846',1440,,2146,19,0,23 24 2 25,0
30009,'1178847',1810,,2147,19,0,23 24 2 25,0
30009,'1178852',2140,,2152,19,0,23 24 2 25,0
30009,'1178854',1940,,2154,19,0,23 24 2 25,0
30009,'1178857',810,,2157,19,0,23 24 2 25,0
30009,'1178860',840,,2160,19,0,23 24 2 25,0
30009,'1178861',1240,,2161,19,0,23 24 2 25,0
30009,'1178863',1340,,2163,19,0,23 24 2 25,0
30009,'1178865',1540,,2165,19,0,23 24 2 25,0
30009,'1178868',1740,,2168,19,0,23 24 2 25,0
30009,'1178869',1740,,2169,19,0,23 24 2 25,0
30009,'1178873',1340,,2173,19,0,23 24 2 25,0
30009,'1178880',1140,,2180,19,0,23 24 2 25,0
30009,'1178881',1240,,2181,19,0,23 24 2 25,0
30009,'1178882',1840,,2182,19,0,23 24 2 25,0
30009,'1178883',1440,,2183,19,0,23 24 2 25,0
30009,'1178884',910,,2184,19,0,23 24 2 25,0
30009,'1178885',1940,,2185,19,0,23 24 2 25,0
30009,'1178886',940,,2186,19,0,23 24 2 25,0
30009,'1178887',2040,,2187,19,0,23 24 2 25,0
30009,'1178896',740,,2196,19,0,23 24 2 25,0
30009,'1178897',2140,,2197,19,0,23 24 2 25,0
30009,'1178898',1640,,2198,19,0,23 24 2 25,0
30009,'1178899',1610,,2199,19,0,23 24 2 25,0
14001409,'1175733',1852,,1835,12,,,0
14001409,'1175775',1152,,1836,12,,,0
14001409,'1175776',2052,,1837,12,,,0
14001409,'1175786',1952,,1838,12,,,0
14001409,'1175790',1552,,1839,12,,,0
14001409,'1175803',1352,,1840,12,,,0
14001409,'1175809',922,,1841,12,,,0
14001409,'1175820',1452,,1842,12,,,0
14001409,'1175821',1152,,1843,12,,,0
14001409,'1175838',1122,,1844,12,,,0
14001409,'1175856',1052,,1845,12,,,0
14001409,'1175876',1552,,1846,12,,,0
14001409,'1175893',1852,,1847,12,,,0
14001409,'1175894',1722,,1848,12,,,0
14001409,'1175902',1622,,1849,12,,,0
14001409,'1175961',1252,,1850,12,,,0
14001409,'1175973',852,,1851,12,,,0
14001409,'1175975',1752,,1852,12,,,0
14001409,'1175979',1822,,1853,12,0,8 21,0
14001409,'1175999',822,,1854,12,,,0
14001409,'1176001',1022,,1855,12,,,0
14001409,'1176014',1052,,1856,12,,,0
14001409,'1176036',722,,1857,12,,,0
14001409,'1176047',1352,,1858,12,,,0
14001409,'1176050',2052,,1859,12,,,0
14001409,'1176071',1222,,1860,12,,,0
14001409,'1176160',1652,,1861,12,,,0
14001409,'1176250',752,,1862,12,,,0
14001409,'1176268',2152,,1863,12,,,0
14001409,'1176283',1322,,1864,12,,,0
14001409,'1176308',2152,,1866,12,,,0
14001409,'1176314',652,,1867,12,,,0
14001409,'1176393',952,,1869,12,,,0
14001409,'1176423',752,,1870,12,,,0
14001409,'1176476',1522,,1872,12,,,0
14001409,'1176485',952,,1873,12,,,0
14001409,'1176522',852,,1874,12,,,0
14001409,'1176556',1652,,1876,12,,,0
14001409,'1176558',1452,,1877,12,,,0
14001409,'1176598',1952,,1878,12,,,0
14001409,'1176631',1252,,1879,12,,,0
14001409,'1176643',1422,,1880,12,,,0
14001409,'1176681',1752,,1881,12,,,0
19001309,'1175728',903,,1978,57,,,0
19001309,'1175734',1533,,1979,57,,,0
19001309,'1175770',2033,,1980,57,,,0
19001309,'1175816',1833,,1982,57,,,0
19001309,'1175833',1733,,1983,57,,,0
19001309,'1175860',1403,,1984,57,,,0
19001309,'1175862',1133,,1985,57,,,0
19001309,'1175891',1203,,1986,57,,,0
19001309,'1175892',1003,,1987,57,,,0
19001309,'1175985',703,,1988,25,,,0
19001309,'1175994',933,,1989,57,,,0
19001309,'1176023',833,,1990,57,,,0
19001309,'1176034',1133,,1991,57,,,0
19001309,'1176044',1433,,1992,57,,,0
19001309,'1176064',1103,,1993,57,,,0
19001309,'1176125',1733,,1994,57,,,0
19001309,'1176139',1233,,1995,57,,,0
19001309,'1176167',2233,,1996,57,,,0
19001309,'1176182',1333,,1997,57,,,0
19001309,'1176185',803,,1998,57,,,0
19001309,'1176187',1333,,1999,57,,,0
19001309,'1176196',1233,,2000,57,,,0
19001309,'1176261',1033,,2001,57,,,0
19001309,'1176277',2133,,2002,57,,,0
19001309,'1176318',1433,,2003,57,,,0
19001309,'1176331',2033,,2004,57,,,0
19001309,'1176338',1933,,2005,57,,,0
19001309,'1176348',1603,,2006,57,,,0
19001309,'1176367',1633,,2007,57,,,0
19001309,'1176387',2233,,2008,57,,,0
19001309,'1176389',833,,2009,57,,,0
19001309,'1176392',733,,2010,57,,,0
19001309,'1176394',1633,,2011,57,,,0
19001309,'1176446',1833,,2012,57,,,0
19001309,'1176462',2133,,2013,57,,,0
19001309,'1176473',1933,,2014,57,,,0
19001309,'1176527',1033,,2015,57,,,0
19001309,'1176539',1703,,2016,57,,,0
19001309,'1176543',1503,,2017,57,,,0
19001309,'1176550',633,,2018,25,,,0
19001309,'1176567',933,,2019,57,,,0
19001309,'1176597',1533,,2020,57,,,0
19001309,'1176614',1303,,2021,57,,,0
19001309,'1176638',1803,,2022,57,,,0
19001309,'1176660',733,,2023,57,,,0
