11609,'1142182',1149,,587,21,,,0
11609,'1142188',849,,588,21,,,0
11609,'1142280',1449,,589,21,,,0
11609,'1142330',1249,,590,21,,,0
11609,'1142357',1649,,591,21,,,0
11609,'1142358',1649,,592,21,,,0
11609,'1142359',949,,593,21,,,0
11609,'1142385',1449,,594,21,,,0
11609,'1142397',1619,,595,21,,,0
11609,'1142403',1949,,596,21,,,0
11609,'1142411',1349,,597,21,,,0
11609,'1142426',719,,598,21,,,0
11609,'1142442',749,,599,21,,,0
11609,'1142461',2049,,600,21,,,0
11609,'1142466',1249,,601,21,,,0
11609,'1142491',1849,,602,21,,,0
11609,'1142518',649,,603,21,,,0
11609,'1142531',1049,,604,21,,,0
11609,'1142535',2149,,605,21,,,0
11609,'1142546',949,,606,21,,,0
11609,'1142555',1949,,607,21,,,0
11609,'1142578',2049,,608,21,,,0
11609,'1142601',1849,,609,21,,,0
11609,'1142621',1749,,610,21,,,0
11609,'1142652',1549,,611,21,,,0
11609,'1142663',1719,,612,21,,,0
11609,'1142686',849,,613,21,,,0
11609,'1142709',1819,,614,21,,,0
11609,'1142746',1549,,615,21,,,0
11609,'1142763',819,,616,21,,,0
11609,'1142770',2149,,617,21,,,0
11609,'1142774',1149,,618,21,,,0
11609,'1142789',1349,,619,21,,,0
11609,'1142816',1749,,620,21,,,0
11609,'1142826',1049,,621,21,,,0
11609,'1142853',749,,622,21,,,0
11609,'1142863',919,,623,21,,,0
