11009,'1175771',1441,,1461,19,,,0
11009,'1175802',1741,,1462,19,,,0
11009,'1176133',1641,,1468,19,,,0
11009,'1176140',1041,,1469,19,,,0
11009,'1176188',1241,,1470,19,,,0
11009,'1176403',1141,,1472,19,,,0
11009,'1176448',941,,1473,19,,,0
11009,'1176583',1541,,1474,19,,,0
11009,'1176618',1341,,1475,19,,,0
16009,'1175859',1238,,1588,15,0,16 17 11,0
16009,'1176087',1338,,1589,15,0,16 17 11,0
16009,'1176112',1438,,1590,15,0,16 17 11,0
16009,'1176128',1738,,1591,15,0,16 17 11,0
16009,'1176235',1038,,1593,15,0,16 17 11,0
16009,'1176236',1638,,1594,15,0,16 17 11,0
16009,'1176410',1538,,1599,15,0,16 17 11,0
16009,'1176572',938,,1602,15,0,16 17 11,0
16009,'1176585',1138,,1603,15,0,16 17 11,0
14001009,'1175755',851,,1743,21,,,0
14001009,'1175787',1751,,1744,21,,,0
14001009,'1175798',1751,,1745,21,,,0
14001009,'1175806',1121,,1746,21,0,8 21,0
14001009,'1175825',1551,,1748,21,,,0
14001009,'1175826',1251,,1749,21,,,0
14001009,'1175836',1721,,1750,21,,,0
14001009,'1175840',1951,,1751,21,,,0
14001009,'1175865',1021,,1752,21,0,8 21,0
14001009,'1175890',1951,,1753,21,,,0
14001009,'1175905',2051,,1754,21,,,0
14001009,'1175937',1351,,1755,21,,,0
14001009,'1175943',1651,,1756,21,,,0
14001009,'1175962',2251,,1757,21,0,8 21,0
14001009,'1175995',1051,,1758,21,,,0
14001009,'1176008',721,,1759,21,,,0
14001009,'1176017',751,,1760,21,,,0
14001009,'1176075',1651,,1761,21,,,0
14001009,'1176104',2151,,1762,21,,,0
14001009,'1176141',1251,,1763,21,,,0
14001009,'1176158',1451,,1764,21,,,0
14001009,'1176181',921,,1765,21,0,8 21,0
14001009,'1176198',951,,1766,21,,,0
14001009,'1176208',2151,,1767,21,,,0
14001009,'1176215',1851,,1768,21,,,0
14001009,'1176225',1321,,1769,21,0,8 21,0
14001009,'1176249',1051,,1770,21,,,0
14001009,'1176269',2051,,1771,21,,,0
14001009,'1176278',2251,,1772,21,0,8 21,0
14001009,'1176300',1521,,1773,21,0,8 21,0
14001009,'1176311',951,,1774,21,,,0
14001009,'1176346',821,,1775,21,,,0
14001009,'1176365',851,,1776,21,,,0
14001009,'1176376',1551,,1777,21,,,0
14001009,'1176382',1151,,1778,21,,,0
14001009,'1176449',651,,1779,21,,,0
14001009,'1176452',1221,,1780,21,0,8 21,0
14001009,'1176545',751,,1781,21,,,0
14001009,'1176551',1351,,1782,21,,,0
14001009,'1176579',1621,,1783,21,,,0
14001009,'1176580',1151,,1784,21,,,0
14001009,'1176607',1851,,1785,21,,,0
14001009,'1176612',1821,,1786,21,0,8 21,0
14001009,'1176628',1421,,1787,21,0,8 21,0
14001009,'1176653',1451,,1788,21,,,0
