12009,'1175841',1022,,1252,6,0,18 7,0
12009,'1175914',1422,,1254,6,0,18 7,0
12009,'1176038',1122,,1255,6,0,18 7,0
12009,'1176142',1222,,1256,6,0,18 7,0
12009,'1176291',1322,,1260,6,0,18 7,0
12009,'1176342',1522,,1261,6,0,18 7,0
12009,'1176399',1722,,1262,6,0,18 7,0
12009,'1176575',922,,1268,6,0,18 7,0
12009,'1176589',1622,,1269,6,0,18 7,0
19001309,'1142849',1813,,1152,6,0,8 21,0
19001309,'1175725',643,,1374,6,,,0
19001309,'1175746',1243,,1375,6,,,0
19001309,'1175750',2143,,1376,6,,,0
19001309,'1175772',2043,,1378,6,,,0
19001309,'1175824',1943,,1379,6,,,0
19001309,'1175844',643,,1380,6,,,0
19001309,'1175930',1743,,1381,6,,,0
19001309,'1175941',1443,,1382,6,,,0
19001309,'1175974',1613,,1383,6,,,0
19001309,'1176027',1143,,1384,6,,,0
19001309,'1176051',1313,,1385,6,,,0
19001309,'1176056',1513,,1386,6,,,0
19001309,'1176072',843,,1387,6,,,0
19001309,'1176088',813,,1388,6,,,0
19001309,'1176113',943,,1389,6,,,0
19001309,'1176123',1443,,1390,6,,,0
19001309,'1176150',1643,,1391,6,,,0
19001309,'1176155',1713,,1392,6,,,0
19001309,'1176191',1843,,1393,6,,,0
19001309,'1176203',1943,,1394,6,,,0
19001309,'1176205',743,,1395,6,,,0
19001309,'1176216',713,,1396,6,,,0
19001309,'1176219',1543,,1397,6,,,0
19001309,'1176231',1243,,1398,6,,,0
19001309,'1176237',1143,,1399,6,,,0
19001309,'1176251',843,,1400,6,,,0
19001309,'1176267',1843,,1401,6,,,0
19001309,'1176327',2143,,1403,6,,,0
19001309,'1176330',1043,,1404,6,,,0
19001309,'1176347',1343,,1405,6,,,0
19001309,'1176350',1343,,1406,6,,,0
19001309,'1176372',913,,1407,6,,,0
19001309,'1176377',2043,,1408,6,,,0
19001309,'1176385',943,,1409,6,,,0
19001309,'1176484',1543,,1410,6,,,0
19001309,'1176487',1213,,1411,6,,,0
19001309,'1176502',1413,,1412,6,,,0
19001309,'1176565',1043,,1413,6,,,0
19001309,'1176609',1643,,1414,6,,,0
19001309,'1176622',1743,,1415,6,,,0
19001309,'1176667',743,,1416,6,,,0
19001309,'1176691',1113,,1417,6,,,0
19001309,'1176694',1013,,1418,6,,,0
