19001309,'1142849',1830,,1152,30,0,8 21,0
19001309,'1175725',700,,1374,30,,,0
19001309,'1175746',1300,,1375,30,,,0
19001309,'1175750',2200,,1376,30,,,0
19001309,'1175772',2100,,1378,30,,,0
19001309,'1175824',2000,,1379,30,,,0
19001309,'1175844',700,,1380,30,,,0
19001309,'1175930',1800,,1381,30,,,0
19001309,'1175941',1500,,1382,30,,,0
19001309,'1175974',1630,,1383,30,,,0
19001309,'1176027',1200,,1384,30,,,0
19001309,'1176051',1330,,1385,30,,,0
19001309,'1176056',1530,,1386,30,,,0
19001309,'1176072',900,,1387,30,,,0
19001309,'1176088',830,,1388,30,,,0
19001309,'1176113',1000,,1389,30,,,0
19001309,'1176123',1500,,1390,30,,,0
19001309,'1176150',1700,,1391,30,,,0
19001309,'1176155',1730,,1392,30,,,0
19001309,'1176191',1900,,1393,30,,,0
19001309,'1176203',2000,,1394,30,,,0
19001309,'1176205',800,,1395,30,,,0
19001309,'1176216',730,,1396,30,,,0
19001309,'1176219',1600,,1397,30,,,0
19001309,'1176231',1300,,1398,30,,,0
19001309,'1176237',1200,,1399,30,,,0
19001309,'1176251',900,,1400,30,,,0
19001309,'1176267',1900,,1401,30,,,0
19001309,'1176327',2200,,1403,30,,,0
19001309,'1176330',1100,,1404,30,,,0
19001309,'1176347',1400,,1405,30,,,0
19001309,'1176350',1400,,1406,30,,,0
19001309,'1176372',930,,1407,30,,,0
19001309,'1176377',2100,,1408,30,,,0
19001309,'1176385',1000,,1409,30,,,0
19001309,'1176484',1600,,1410,30,,,0
19001309,'1176487',1230,,1411,30,,,0
19001309,'1176502',1430,,1412,30,,,0
19001309,'1176565',1100,,1413,30,,,0
19001309,'1176609',1700,,1414,30,,,0
19001309,'1176622',1800,,1415,30,,,0
19001309,'1176667',800,,1416,30,,,0
19001309,'1176691',1130,,1417,30,,,0
19001309,'1176694',1030,,1418,30,,,0
