14009,'1142177',1022,,766,3,,,0
14009,'1142342',1522,,771,3,,,0
14009,'1142362',1322,,772,3,,,0
14009,'1142406',922,,774,3,,,0
14009,'1142444',1222,,775,3,,,0
14009,'1142613',1722,,777,3,,,0
14009,'1142687',1622,,779,3,,,0
14009,'1142827',1422,,781,3,,,0
14009,'1142830',1122,,782,3,,,0
19001509,'1142133',1645,,1156,2,,,0
19001509,'1142153',645,,1158,2,,,0
19001509,'1142160',945,,1159,2,,,0
19001509,'1142170',1445,,1160,2,,,0
19001509,'1142181',645,,1161,2,,,0
19001509,'1142183',1545,,1162,2,,,0
19001509,'1142185',1445,,1163,2,,,0
19001509,'1142201',815,,1164,2,,,0
19001509,'1142204',1245,,1165,2,,,0
19001509,'1142207',2145,,1166,2,0,12,0
19001509,'1142217',1045,,1167,2,,,0
19001509,'1142250',2045,,1168,2,,,0
19001509,'1142261',1215,,1169,2,,,0
19001509,'1142284',1015,,1170,2,,,0
19001509,'1142295',2245,,1171,2,0,12,0
19001509,'1142302',1745,,1172,2,,,0
19001509,'1142304',1815,,1173,2,0,12,0
19001509,'1142318',915,,1174,2,,,0
19001509,'1142351',1945,,1175,2,,,0
19001509,'1142376',1745,,1176,2,,,0
19001509,'1142422',1145,,1177,2,,,0
19001509,'1142427',745,,1178,2,,,0
19001509,'1142428',1615,,1179,2,,,0
19001509,'1142440',1245,,1180,2,,,0
19001509,'1142443',1945,,1181,2,,,0
19001509,'1142474',715,,1182,2,,,0
19001509,'1142476',1315,,1183,2,,,0
19001509,'1142512',1115,,1184,2,,,0
19001509,'1142514',1545,,1185,2,,,0
19001509,'1142532',2145,,1186,2,0,12,0
19001509,'1142587',1715,,1187,2,,,0
19001509,'1142615',1845,,1188,2,,,0
19001509,'1142630',1845,,1189,2,,,0
19001509,'1142653',1645,,1190,2,,,0
19001509,'1142655',845,,1191,2,,,0
19001509,'1142675',745,,1192,2,,,0
19001509,'1142699',2245,,1193,2,0,12,0
19001509,'1142725',1515,,1194,2,,,0
19001509,'1142736',1345,,1195,2,,,0
19001509,'1142755',1045,,1196,2,,,0
19001509,'1142799',1415,,1198,2,,,0
19001509,'1142808',2045,,1199,2,,,0
19001509,'1142818',1145,,1200,2,,,0
19001509,'1142823',1345,,1201,2,,,0
19001509,'1142868',845,,1202,2,,,0
19001509,'1142879',945,,1203,2,,,0
