14001609,'1175743',726,,1306,37,,,0
14001609,'1175762',826,,1307,37,,,0
14001609,'1175785',1026,,1308,37,,,0
14001609,'1175815',756,,1309,37,,,0
14001609,'1175849',926,,1310,37,,,0
14001609,'1175881',926,,1311,37,,,0
14001609,'1175882',726,,1312,17,,,0
14001609,'1175901',1326,,1313,37,,,0
14001609,'1175909',856,,1314,37,,,0
14001609,'1175926',1226,,1315,37,,,0
14001609,'1175981',1756,,1316,37,,,0
14001609,'1176005',2226,,1317,37,,,0
14001609,'1176019',1926,,1318,37,,,0
14001609,'1176030',1426,,1319,37,,,0
14001609,'1176078',1726,,1321,37,,,0
14001609,'1176081',2026,,1322,37,,,0
14001609,'1176129',1526,,1323,37,,,0
14001609,'1176134',2126,,1325,37,,,0
14001609,'1176154',2126,,1326,37,,,0
14001609,'1176172',1626,,1327,37,,,0
14001609,'1176186',1656,,1328,37,,,0
14001609,'1176192',2226,,1329,37,,,0
14001609,'1176206',1326,,1330,37,,,0
14001609,'1176260',1426,,1331,37,,,0
14001609,'1176285',1826,,1332,37,,,0
14001609,'1176332',1826,,1334,37,,,0
14001609,'1176457',1126,,1335,37,,,0
14001609,'1176506',1926,,1336,37,,,0
14001609,'1176531',2026,,1337,37,,,0
14001609,'1176542',1556,,1338,37,,,0
14001609,'1176555',1226,,1339,37,,,0
14001609,'1176566',1126,,1340,37,,,0
14001609,'1176590',1026,,1341,37,,,0
14001609,'1176615',1526,,1342,37,,,0
14001609,'1176650',1626,,1343,37,,,0
14001609,'1176683',1726,,1344,37,,,0
14001609,'1176688',826,,1345,37,,,0
