19001309,'1142849',1812,,1152,3,0,8 21,0
19001309,'1175725',642,,1374,3,,,0
19001309,'1175746',1242,,1375,3,,,0
19001309,'1175750',2142,,1376,3,,,0
19001309,'1175772',2042,,1378,3,,,0
19001309,'1175824',1942,,1379,3,,,0
19001309,'1175844',642,,1380,3,,,0
19001309,'1175930',1742,,1381,3,,,0
19001309,'1175941',1442,,1382,3,,,0
19001309,'1175974',1612,,1383,3,,,0
19001309,'1176027',1142,,1384,3,,,0
19001309,'1176051',1312,,1385,3,,,0
19001309,'1176056',1512,,1386,3,,,0
19001309,'1176072',842,,1387,3,,,0
19001309,'1176088',812,,1388,3,,,0
19001309,'1176113',942,,1389,3,,,0
19001309,'1176123',1442,,1390,3,,,0
19001309,'1176150',1642,,1391,3,,,0
19001309,'1176155',1712,,1392,3,,,0
19001309,'1176191',1842,,1393,3,,,0
19001309,'1176203',1942,,1394,3,,,0
19001309,'1176205',742,,1395,3,,,0
19001309,'1176216',712,,1396,3,,,0
19001309,'1176219',1542,,1397,3,,,0
19001309,'1176231',1242,,1398,3,,,0
19001309,'1176237',1142,,1399,3,,,0
19001309,'1176251',842,,1400,3,,,0
19001309,'1176267',1842,,1401,3,,,0
19001309,'1176327',2142,,1403,3,,,0
19001309,'1176330',1042,,1404,3,,,0
19001309,'1176347',1342,,1405,3,,,0
19001309,'1176350',1342,,1406,3,,,0
19001309,'1176372',912,,1407,3,,,0
19001309,'1176377',2042,,1408,3,,,0
19001309,'1176385',942,,1409,3,,,0
19001309,'1176484',1542,,1410,3,,,0
19001309,'1176487',1212,,1411,3,,,0
19001309,'1176502',1412,,1412,3,,,0
19001309,'1176565',1042,,1413,3,,,0
19001309,'1176609',1642,,1414,3,,,0
19001309,'1176622',1742,,1415,3,,,0
19001309,'1176667',742,,1416,3,,,0
19001309,'1176691',1112,,1417,3,,,0
19001309,'1176694',1012,,1418,3,,,0
