11009,'1175720',1204,,1460,16,0,13 14 15,0
11009,'1175910',904,,1463,16,0,13 14 15,0
11009,'1175948',1704,,1464,16,0,13 14 15,0
11009,'1176063',1504,,1465,16,0,13 14 15,0
11009,'1176079',1404,,1466,16,0,13 14 15,0
11009,'1176108',1004,,1467,16,0,13 14 15,0
11009,'1176321',1104,,1471,16,0,13 14 15,0
11009,'1176658',1604,,1476,16,0,13 14 15,0
11009,'1176675',1304,,1477,16,0,13 14 15,0
19001109,'1175757',2226,,1930,40,,,0
19001109,'1175788',1826,,1931,40,,,0
19001109,'1175797',1426,,1932,40,,,0
19001109,'1175800',1026,,1933,40,,,0
19001109,'1175811',1556,,1934,16,,,0
19001109,'1175846',1926,,1935,40,,,0
19001109,'1175854',1056,,1936,16,,,0
19001109,'1175866',1756,,1937,40,,,0
19001109,'1175889',1326,,1939,40,,,0
19001109,'1175960',1256,,1940,16,,,0
19001109,'1175990',1226,,1942,40,,,0
19001109,'1176025',626,,1943,19,,,0
19001109,'1176026',1326,,1944,40,,,0
19001109,'1176076',656,,1945,16,,,0
19001109,'1176086',1026,,1946,40,,,0
19001109,'1176114',926,,1947,40,,,0
19001109,'1176152',756,,1948,40,,,0
19001109,'1176229',2226,,1949,40,,,0
19001109,'1176246',826,,1950,40,,,0
19001109,'1176315',726,,1951,40,,,0
19001109,'1176316',1226,,1952,40,,,0
19001109,'1176317',1726,,1953,40,,,0
19001109,'1176322',956,,1954,40,,,0
19001109,'1176337',2026,,1955,40,,,0
19001109,'1176344',1626,,1956,40,,,0
19001109,'1176353',1626,,1957,40,,,0
19001109,'1176386',726,,1958,40,,,0
19001109,'1176406',1456,,1959,16,,,0
19001109,'1176429',1356,,1960,16,,,0
19001109,'1176444',1926,,1961,40,,,0
19001109,'1176445',2126,,1962,40,,,0
19001109,'1176478',1826,,1963,40,,,0
19001109,'1176517',1526,,1965,40,,,0
19001109,'1176557',926,,1966,40,,,0
19001109,'1176559',2026,,1967,40,,,0
19001109,'1176563',856,,1968,40,,,0
19001109,'1176570',1526,,1969,40,,,0
19001109,'1176581',1156,,1970,16,,,0
19001109,'1176586',1656,,1971,16,,,0
19001109,'1176595',1726,,1972,40,,,0
19001109,'1176605',1126,,1973,40,,,0
19001109,'1176616',1126,,1974,40,,,0
19001109,'1176620',826,,1975,40,,,0
19001109,'1176668',2126,,1976,40,,,0
19001109,'1176674',1426,,1977,40,,,0
