19001709,'1175723',851,,1419,15,,,0
19001709,'1175748',921,,1420,15,,,0
19001709,'1175763',1051,,1421,15,,,0
19001709,'1175781',951,,1422,15,,,0
19001709,'1175795',721,,1423,15,,,0
19001709,'1175819',2051,,1424,15,,,0
19001709,'1175858',1851,,1425,15,,,0
19001709,'1175872',2151,,1426,15,0,8 21,0
19001709,'1175912',1751,,1427,15,,,0
19001709,'1175946',2051,,1428,15,,,0
19001709,'1176002',1351,,1429,15,,,0
19001709,'1176024',2151,,1430,15,0,8 21,0
19001709,'1176147',1951,,1431,15,,,0
19001709,'1176151',1451,,1432,15,,,0
19001709,'1176162',1151,,1433,15,,,0
19001709,'1176204',1551,,1434,15,,,0
19001709,'1176288',751,,1435,15,,,0
19001709,'1176339',1651,,1436,15,,,0
19001709,'1176366',651,,1437,15,,,0
19001709,'1176369',1551,,1438,15,,,0
19001709,'1176400',1051,,1439,15,,,0
19001709,'1176416',1851,,1440,15,,,0
19001709,'1176419',851,,1441,15,,,0
19001709,'1176422',1451,,1442,15,,,0
19001709,'1176428',1621,,1443,15,,,0
19001709,'1176461',1721,,1444,15,,,0
19001709,'1176465',1951,,1445,15,,,0
19001709,'1176466',2251,,1446,15,0,8 21,0
19001709,'1176481',1351,,1447,15,,,0
19001709,'1176493',621,,1448,15,,,0
19001709,'1176540',951,,1449,15,,,0
19001709,'1176561',1651,,1450,15,,,0
19001709,'1176587',751,,1451,15,,,0
19001709,'1176600',1251,,1452,15,,,0
19001709,'1176606',1251,,1453,15,,,0
19001709,'1176634',651,,1454,15,,,0
19001709,'1176635',821,,1455,15,,,0
19001709,'1176654',1821,,1456,15,0,8 21,0
19001709,'1176664',1151,,1457,15,,,0
19001709,'1176670',1751,,1458,15,,,0
19001709,'1176677',2251,,1459,15,0,8 21,0
