16009,'1083797',1156,,130,2,,,0
16009,'1083915',1656,,134,2,,,0
16009,'1083924',1356,,135,2,,,0
16009,'1084017',856,,138,2,,,0
16009,'1084042',1256,,140,2,,,0
16009,'1084061',1056,,141,2,,,0
16009,'1084107',1556,,142,2,,,0
16009,'1084164',1456,,143,2,,,0
16009,'1084313',956,,145,2,,,0
21609,'1083705',916,,165,2,,,0
21609,'1083713',1316,,166,2,,,0
21609,'1083740',646,,167,2,,,0
21609,'1083767',846,,168,2,,,0
21609,'1083803',616,,169,2,,,0
21609,'1083813',716,,170,2,,,0
21609,'1083824',1116,,171,2,,,0
21609,'1083865',916,,172,2,,,0
21609,'1083868',2116,,173,2,,,0
21609,'1083869',1746,,174,2,,,0
21609,'1083929',1716,,175,2,,,0
21609,'1083944',2016,,176,2,,,0
21609,'1083952',746,,177,2,,,0
21609,'1083956',1546,,178,2,,,0
21609,'1083970',1416,,179,2,,,0
21609,'1083985',1716,,180,2,,,0
21609,'1083994',1216,,181,2,,,0
21609,'1083995',1816,,182,2,,,0
21609,'1084073',1016,,183,2,,,0
21609,'1084096',1816,,184,2,,,0
21609,'1084144',716,,185,2,,,0
21609,'1084182',2016,,186,2,,,0
21609,'1084211',1516,,187,2,,,0
21609,'1084216',1316,,188,2,,,0
21609,'1084222',816,,189,2,,,0
21609,'1084229',1516,,190,2,,,0
21609,'1084233',1616,,191,2,,,0
21609,'1084253',1016,,192,2,,,0
21609,'1084297',2116,,193,2,,,0
21609,'1084300',1216,,194,2,,,0
21609,'1084324',1416,,195,2,,,0
21609,'1084339',1646,,196,2,,,0
21609,'1084342',1116,,197,2,,,0
21609,'1084351',1916,,198,2,,,0
21609,'1084373',1916,,199,2,,,0
21609,'1084376',816,,200,2,,,0
21609,'1084380',1616,,201,2,,,0
