15009,'1175719',1705,,1569,13,0,20 15,0
15009,'1175730',1505,,1570,13,0,20 15,0
15009,'1175737',1305,,1571,13,0,20 15,0
15009,'1175828',1405,,1572,13,0,20 15,0
15009,'1175835',1005,,1573,13,0,20 15,0
15009,'1176048',1205,,1578,13,0,20 15,0
15009,'1176230',1605,,1580,13,0,20 15,0
15009,'1176301',905,,1582,13,0,20 15,0
15009,'1176568',1105,,1584,13,0,20 15,0
30009,'1178822',1355,,2122,10,0,23 24 2 26,0
30009,'1178823',755,,2123,10,0,23 24 2 26,0
30009,'1178824',855,,2124,10,0,23 24 2 26,0
30009,'1178825',1455,,2125,10,0,23 24 2 26,0
30009,'1178832',1025,,2132,10,0,8 9 2 26,0
30009,'1178833',955,,2133,10,0,23 24 2 26,0
30009,'1178834',825,,2134,10,0,23 24 2 26,0
30009,'1178837',1755,,2137,10,0,23 24 2 26,0
30009,'1178839',1155,,2139,10,0,23 24 2 26,0
30009,'1178842',1255,,2142,10,0,23 24 2 26,0
30009,'1178844',725,,2144,10,0,23 24 2 26,0
30009,'1178849',1725,,2149,10,0,23 24 2 26,0
30009,'1178850',955,,2150,10,0,23 24 2 26,0
30009,'1178851',855,,2151,10,0,23 24 2 26,0
30009,'1178853',1955,,2153,10,0,23 24 2 26,0
30009,'1178855',1455,,2155,10,0,23 24 2 26,0
30009,'1178856',2055,,2156,10,0,23 24 2 26,0
30009,'1178858',1855,,2158,10,0,23 24 2 26,0
30009,'1178859',1555,,2159,10,0,23 24 2 26,0
30009,'1178862',1755,,2162,10,0,23 24 2 26,0
30009,'1178864',1055,,2164,10,0,23 24 2 26,0
30009,'1178866',2155,,2166,10,0,8 9 2 26,0
30009,'1178867',2055,,2167,10,0,23 24 2 26,0
30009,'1178870',1855,,2170,10,0,23 24 2 26,0
30009,'1178872',1355,,2172,10,0,23 24 2 26,0
30009,'1178875',1155,,2175,10,0,23 24 2 26,0
30009,'1178877',1955,,2177,10,0,23 24 2 26,0
30009,'1178878',1625,,2178,10,0,23 24 2 26,0
30009,'1178879',1555,,2179,10,0,23 24 2 26,0
30009,'1178888',1055,,2188,10,0,23 24 2 26,0
30009,'1178889',1255,,2189,10,0,23 24 2 26,0
30009,'1178890',925,,2190,10,0,23 24 2 26,0
30009,'1178891',2155,,2191,10,0,8 9 2 26,0
30009,'1178892',1655,,2192,10,0,23 24 2 26,0
30009,'1178894',755,,2194,10,0,23 24 2 26,0
30009,'1178900',1825,,2200,10,0,8 9 2 26,0
30009,'1178901',1655,,2201,10,0,23 24 2 26,0
19001509,'1175715',2127,,2024,38,,,0
19001509,'1175729',1027,,2025,38,,,0
19001509,'1175740',827,,2027,38,,,0
19001509,'1175741',1327,,2028,38,,,0
19001509,'1175778',1757,,2031,38,,,0
19001509,'1175793',1827,,2032,38,,,0
19001509,'1175801',827,,2033,38,,,0
19001509,'1175845',1357,,2034,38,,,0
19001509,'1175897',1457,,2035,38,,,0
19001509,'1175899',1227,,2036,38,,,0
19001509,'1175907',957,,2037,38,,,0
19001509,'1175925',1627,,2038,38,,,0
19001509,'1175932',1527,,2039,38,,,0
19001509,'1175953',1557,,2040,38,,,0
19001509,'1175965',657,,2041,13,,,0
19001509,'1175967',1057,,2042,38,,,0
19001509,'1175996',1657,,2043,38,,,0
19001509,'1176000',927,,2044,38,,,0
19001509,'1176049',1727,,2045,38,,,0
19001509,'1176055',1927,,2046,38,,,0
19001509,'1176057',1027,,2047,38,,,0
19001509,'1176073',757,,2048,38,,,0
19001509,'1176074',727,,2049,38,,,0
19001509,'1176085',1927,,2050,38,,,0
19001509,'1176090',2127,,2051,38,,,0
19001509,'1176092',1127,,2052,38,,,0
19001509,'1176093',927,,2053,38,,,0
19001509,'1176105',2027,,2054,38,,,0
19001509,'1176238',1527,,2055,38,,,0
19001509,'1176266',1157,,2056,38,,,0
19001509,'1176293',1427,,2057,38,,,0
19001509,'1176328',1257,,2058,38,,,0
19001509,'1176335',2027,,2059,38,,,0
19001509,'1176355',1627,,2061,38,,,0
19001509,'1176358',1327,,2062,38,,,0
19001509,'1176362',1827,,2063,38,,,0
19001509,'1176426',1127,,2064,38,,,0
19001509,'1176450',627,,2066,13,,,0
19001509,'1176496',1427,,2067,38,,,0
19001509,'1176536',727,,2068,38,,,0
19001509,'1176537',857,,2069,38,,,0
19001509,'1176684',1727,,2070,38,,,0
19001509,'1176689',1227,,2071,38,,,0
