12009,'1175745',1532,,1515,29,,,0
12009,'1175747',1432,,1516,29,,,0
12009,'1175827',1132,,1517,29,,,0
12009,'1175839',1732,,1518,29,,,0
12009,'1176031',1032,,1523,29,,,0
12009,'1176149',1232,,1525,29,,,0
12009,'1176417',1332,,1527,29,,,0
12009,'1176471',1632,,1529,29,,,0
12009,'1176692',932,,1532,29,,,0
14009,'1175724',1431,,1551,14,0,5 6 22,0
14009,'1175759',1231,,1552,14,0,5 6 22,0
14009,'1175767',1331,,1553,14,0,5 6 22,0
14009,'1175834',1531,,1557,14,0,5 6 22,0
14009,'1176178',1031,,1560,14,0,5 6 22,0
14009,'1176234',1731,,1561,14,0,5 6 22,0
14009,'1176418',1131,,1564,14,0,5 6 22,0
14009,'1176613',1631,,1566,14,0,5 6 22,0
14009,'1176636',931,,1567,14,0,5 6 22,0
20009,'1175886',1434,,1606,10,,,0
20009,'1176006',934,,1608,10,,,0
20009,'1176032',1234,,1609,10,,,0
20009,'1176110',1534,,1610,10,,,0
20009,'1176195',1718,,1611,10,,,0
20009,'1176370',1134,,1614,10,,,0
20009,'1176412',1034,,1617,10,,,0
20009,'1176469',1334,,1619,10,,,0
20009,'1176512',1634,,1620,10,,,0
19001109,'1175757',2159,,1930,21,,,0
19001109,'1175788',1759,,1931,21,,,0
19001109,'1175797',1401,,1932,21,,,0
19001109,'1175800',959,,1933,21,,,0
19001109,'1175846',1859,,1935,21,,,0
19001109,'1175866',1729,,1937,21,,,0
19001109,'1175873',1829,,1938,21,0,8 21,0
19001109,'1175889',1301,,1939,21,,,0
19001109,'1175976',2254,,1941,21,0,12,0
19001109,'1175990',1201,,1942,21,,,0
19001109,'1176026',1301,,1944,21,,,0
19001109,'1176086',959,,1946,21,,,0
19001109,'1176114',859,,1947,21,,,0
19001109,'1176152',729,,1948,21,,,0
19001109,'1176229',2159,,1949,21,,,0
19001109,'1176246',759,,1950,21,,,0
19001109,'1176315',659,,1951,21,,,0
19001109,'1176316',1201,,1952,21,,,0
19001109,'1176317',1659,,1953,21,,,0
19001109,'1176322',929,,1954,21,,,0
19001109,'1176337',1959,,1955,21,,,0
19001109,'1176344',1601,,1956,21,,,0
19001109,'1176353',1601,,1957,21,,,0
19001109,'1176386',659,,1958,21,,,0
19001109,'1176444',1859,,1961,21,,,0
19001109,'1176445',2059,,1962,21,,,0
19001109,'1176478',1759,,1963,21,,,0
19001109,'1176509',2254,,1964,21,0,12,0
19001109,'1176517',1501,,1965,21,,,0
19001109,'1176557',859,,1966,21,,,0
19001109,'1176559',1959,,1967,21,,,0
19001109,'1176563',829,,1968,21,,,0
19001109,'1176570',1501,,1969,21,,,0
19001109,'1176595',1659,,1972,21,,,0
19001109,'1176605',1101,,1973,21,,,0
19001109,'1176616',1101,,1974,21,,,0
19001109,'1176620',759,,1975,21,,,0
19001109,'1176668',2059,,1976,21,,,0
19001109,'1176674',1401,,1977,21,,,0
19001709,'1175717',1500,,2072,30,,,0
19001709,'1175742',1100,,2073,30,,,0
19001709,'1175751',1100,,2074,30,,,0
19001709,'1175789',700,,2076,30,,,0
19001709,'1175830',2000,,2077,30,,,0
19001709,'1175877',1200,,2078,30,,,0
19001709,'1175947',1700,,2079,30,,,0
19001709,'1175951',730,,2080,30,,,0
19001709,'1175978',800,,2081,30,,,0
19001709,'1176042',1700,,2082,30,,,0
19001709,'1176052',2200,,2083,30,0,8 21,0
19001709,'1176058',1500,,2084,30,,,0
19001709,'1176065',1600,,2085,30,,,0
19001709,'1176099',1400,,2086,30,,,0
19001709,'1176119',1800,,2088,30,,,0
19001709,'1176120',1900,,2089,30,,,0
19001709,'1176124',2300,,2090,30,0,8 21,0
19001709,'1176130',1300,,2091,30,,,0
19001709,'1176156',2000,,2092,30,,,0
19001709,'1176161',1400,,2093,30,,,0
19001709,'1176166',930,,2094,30,,,0
19001709,'1176201',900,,2095,30,,,0
19001709,'1176252',830,,2097,30,,,0
19001709,'1176273',1000,,2099,30,,,0
19001709,'1176303',1630,,2101,30,,,0
19001709,'1176312',1730,,2102,30,,,0
19001709,'1176349',1900,,2103,30,,,0
19001709,'1176415',800,,2105,30,,,0
19001709,'1176420',1200,,2106,30,,,0
19001709,'1176468',2200,,2107,30,0,8 21,0
19001709,'1176482',1300,,2108,30,,,0
19001709,'1176513',700,,2109,30,,,0
19001709,'1176554',1800,,2111,30,,,0
19001709,'1176592',630,,2112,30,,,0
19001709,'1176601',1600,,2113,30,,,0
19001709,'1176617',2100,,2114,30,,,0
19001709,'1176629',1000,,2115,30,,,0
19001709,'1176637',900,,2116,30,,,0
19001709,'1176640',1830,,2117,30,0,8 21,0
19001709,'1176655',2100,,2118,30,,,0
19001709,'1176661',2300,,2119,30,0,8 21,0
