11009,'1142335',1544,,679,25,,,0
11009,'1142379',1044,,680,25,,,0
11009,'1142419',1444,,681,25,,,0
11009,'1142541',944,,682,25,,,0
11009,'1142671',1344,,686,25,,,0
11009,'1142693',1744,,687,25,,,0
11009,'1142705',1144,,688,25,,,0
11009,'1142723',1244,,689,25,,,0
11009,'1142862',1644,,691,25,,,0
11609,'1142131',1623,,692,29,,,0
11609,'1142167',953,,693,29,,,0
11609,'1142222',1253,,694,29,,,0
11609,'1142226',2053,,695,29,,,0
11609,'1142297',1253,,696,29,,,0
11609,'1142329',1053,,697,29,,,0
11609,'1142334',1823,,698,29,,,0
11609,'1142336',1753,,699,29,,,0
11609,'1142364',1753,,700,29,,,0
11609,'1142388',1353,,701,29,,,0
11609,'1142390',1153,,702,29,,,0
11609,'1142392',923,,703,29,,,0
11609,'1142399',2053,,704,29,,,0
11609,'1142441',2153,,705,29,,,0
11609,'1142450',1953,,706,29,,,0
11609,'1142454',1553,,707,29,,,0
11609,'1142465',727,,708,30,,,0
11609,'1142475',853,,709,29,,,0
11609,'1142493',1657,,710,30,,,0
11609,'1142497',1553,,711,29,,,0
11609,'1142504',1853,,712,29,,,0
11609,'1142519',657,,713,30,,,0
11609,'1142524',1353,,714,29,,,0
11609,'1142530',1153,,715,29,,,0
11609,'1142561',753,,716,29,,,0
11609,'1142586',1453,,717,29,,,0
11609,'1142593',1953,,718,29,,,0
11609,'1142599',1853,,719,29,,,0
11609,'1142608',1453,,720,29,,,0
11609,'1142624',753,,721,29,,,0
11609,'1142649',1053,,722,29,,,0
11609,'1142676',1653,,723,29,,,0
11609,'1142697',823,,724,29,,,0
11609,'1142702',953,,725,29,,,0
11609,'1142719',853,,726,29,,,0
11609,'1142857',1727,,727,30,,,0
11609,'1142878',2153,,728,29,,,0
16009,'1142161',1543,,801,27,0,16 17 11,0
16009,'1142292',1743,,804,27,0,16 17 11,0
16009,'1142319',1343,,805,27,0,16 17 11,0
16009,'1142525',1143,,806,27,0,16 17 11,0
16009,'1142684',1443,,810,27,0,16 17 11,0
16009,'1142690',943,,811,27,0,16 17 11,0
16009,'1142743',1043,,813,27,0,16 17 11,0
16009,'1142765',1643,,815,27,0,16 17 11,0
16009,'1142850',1243,,818,27,0,16 17 11,0
14001009,'1142143',1355,,875,27,,,0
14001009,'1142178',654,,876,27,,,0
14001009,'1142189',854,,877,27,,,0
14001009,'1142190',724,,878,27,,,0
14001009,'1142194',1455,,879,27,,,0
14001009,'1142216',955,,880,27,,,0
14001009,'1142231',824,,881,27,,,0
14001009,'1142237',1355,,882,27,,,0
14001009,'1142279',1654,,883,27,,,0
14001009,'1142282',1255,,884,27,,,0
14001009,'1142286',854,,885,27,,,0
14001009,'1142290',1954,,886,27,,,0
14001009,'1142306',1024,,887,27,0,8 9,0
14001009,'1142344',2054,,888,27,,,0
14001009,'1142360',1155,,889,27,,,0
14001009,'1142369',2254,,890,27,0,8 9,0
14001009,'1142375',1055,,891,27,,,0
14001009,'1142407',1524,,892,27,0,8 9,0
14001009,'1142438',924,,893,27,0,8 9,0
14001009,'1142459',955,,894,27,,,0
14001009,'1142460',1124,,895,27,0,8 9,0
14001009,'1142462',1554,,896,27,,,0
14001009,'1142479',1854,,897,27,,,0
14001009,'1142483',1455,,898,27,,,0
14001009,'1142505',2254,,899,27,0,8 9,0
14001009,'1142508',1854,,900,27,,,0
14001009,'1142510',1554,,901,27,,,0
14001009,'1142517',1224,,902,27,0,8 9,0
14001009,'1142538',1055,,903,27,,,0
14001009,'1142556',1424,,904,27,0,8 9,0
14001009,'1142580',1754,,905,27,,,0
14001009,'1142619',2054,,906,27,,,0
14001009,'1142627',1824,,907,27,0,8 9,0
14001009,'1142660',1624,,908,27,,,0
14001009,'1142682',754,,909,27,,,0
14001009,'1142715',1954,,910,27,,,0
14001009,'1142781',2154,,912,27,,,0
14001009,'1142787',1754,,913,27,,,0
14001009,'1142798',1324,,914,27,0,8 9,0
14001009,'1142811',1155,,915,27,,,0
14001009,'1142812',1724,,916,27,,,0
14001009,'1142840',754,,917,27,,,0
14001009,'1142842',2154,,918,27,,,0
14001009,'1142843',1255,,919,27,,,0
14001009,'1142861',1654,,920,27,,,0
