14001609,'1175743',738,,1306,54,4,,0
14001609,'1175762',838,,1307,54,4,,0
14001609,'1175785',1038,,1308,54,4,,0
14001609,'1175815',808,,1309,54,4,,0
14001609,'1175849',938,,1310,54,4,,0
14001609,'1175881',938,,1311,54,4,,0
14001609,'1175882',738,,1312,34,4,,0
14001609,'1175901',1338,,1313,54,4,,0
14001609,'1175909',908,,1314,54,4,,0
14001609,'1175926',1238,,1315,54,4,,0
14001609,'1175981',1808,,1316,54,4,,0
14001609,'1176005',2238,,1317,54,4,,0
14001609,'1176019',1938,,1318,54,4,,0
14001609,'1176030',1438,,1319,54,4,,0
14001609,'1176040',638,,1320,11,4,,0
14001609,'1176078',1738,,1321,54,4,,0
14001609,'1176081',2038,,1322,54,4,,0
14001609,'1176129',1538,,1323,54,4,,0
14001609,'1176132',638,,1324,11,4,,0
14001609,'1176134',2138,,1325,54,4,,0
14001609,'1176154',2138,,1326,54,4,,0
14001609,'1176172',1638,,1327,54,4,,0
14001609,'1176186',1708,,1328,54,4,,0
14001609,'1176192',2238,,1329,54,4,,0
14001609,'1176206',1338,,1330,54,4,,0
14001609,'1176260',1438,,1331,54,4,,0
14001609,'1176285',1838,,1332,54,4,,0
14001609,'1176295',708,,1333,11,4,,0
14001609,'1176332',1838,,1334,54,4,,0
14001609,'1176457',1138,,1335,54,4,,0
14001609,'1176506',1938,,1336,54,4,,0
14001609,'1176531',2038,,1337,54,4,,0
14001609,'1176542',1608,,1338,54,4,,0
14001609,'1176555',1238,,1339,54,4,,0
14001609,'1176566',1138,,1340,54,4,,0
14001609,'1176590',1038,,1341,54,4,,0
14001609,'1176615',1538,,1342,54,4,,0
14001609,'1176650',1638,,1343,54,4,,0
14001609,'1176683',1738,,1344,54,4,,0
14001609,'1176688',838,,1345,54,4,,0
14001609,'1176693',611,,1346,11,4,,0
19001709,'1175723',842,,1419,1,,,0
19001709,'1175748',912,,1420,1,,,0
19001709,'1175763',1042,,1421,1,,,0
19001709,'1175781',942,,1422,1,,,0
19001709,'1175795',712,,1423,1,,,0
19001709,'1175819',2042,,1424,1,,,0
19001709,'1175858',1842,,1425,1,,,0
19001709,'1175872',2142,,1426,1,0,8 21,0
19001709,'1175912',1742,,1427,1,,,0
19001709,'1175946',2042,,1428,1,,,0
19001709,'1176002',1342,,1429,1,,,0
19001709,'1176024',2142,,1430,1,0,8 21,0
19001709,'1176147',1942,,1431,1,,,0
19001709,'1176151',1442,,1432,1,,,0
19001709,'1176162',1142,,1433,1,,,0
19001709,'1176204',1542,,1434,1,,,0
19001709,'1176288',742,,1435,1,,,0
19001709,'1176339',1642,,1436,1,,,0
19001709,'1176366',642,,1437,1,,,0
19001709,'1176369',1542,,1438,1,,,0
19001709,'1176400',1042,,1439,1,,,0
19001709,'1176416',1842,,1440,1,,,0
19001709,'1176419',842,,1441,1,,,0
19001709,'1176422',1442,,1442,1,,,0
19001709,'1176428',1612,,1443,1,,,0
19001709,'1176461',1712,,1444,1,,,0
19001709,'1176465',1942,,1445,1,,,0
19001709,'1176466',2242,,1446,1,0,8 21,0
19001709,'1176481',1342,,1447,1,,,0
19001709,'1176493',612,,1448,1,,,0
19001709,'1176540',942,,1449,1,,,0
19001709,'1176561',1642,,1450,1,,,0
19001709,'1176587',742,,1451,1,,,0
19001709,'1176600',1242,,1452,1,,,0
19001709,'1176606',1242,,1453,1,,,0
19001709,'1176634',642,,1454,1,,,0
19001709,'1176635',812,,1455,1,,,0
19001709,'1176654',1812,,1456,1,0,8 21,0
19001709,'1176664',1142,,1457,1,,,0
19001709,'1176670',1742,,1458,1,,,0
19001709,'1176677',2242,,1459,1,0,8 21,0
