16009,'1083797',1207,,130,19,,,0
16009,'1083915',1707,,134,19,,,0
16009,'1083924',1407,,135,19,,,0
16009,'1084017',907,,138,19,,,0
16009,'1084042',1307,,140,19,,,0
16009,'1084061',1107,,141,19,,,0
16009,'1084107',1607,,142,19,,,0
16009,'1084164',1507,,143,19,,,0
16009,'1084313',1007,,145,19,,,0
21609,'1083705',929,,165,21,,,0
21609,'1083713',1329,,166,21,,,0
21609,'1083740',702,,167,22,,,0
21609,'1083767',859,,168,21,,,0
21609,'1083803',629,,169,21,,,0
21609,'1083813',729,,170,21,,,0
21609,'1083824',1129,,171,21,,,0
21609,'1083865',929,,172,21,,,0
21609,'1083868',2129,,173,21,,,0
21609,'1083869',1759,,174,21,,,0
21609,'1083929',1732,,175,22,,,0
21609,'1083944',2029,,176,21,,,0
21609,'1083952',759,,177,21,,,0
21609,'1083956',1559,,178,21,,,0
21609,'1083970',1429,,179,21,,,0
21609,'1083985',1729,,180,21,,,0
21609,'1083994',1229,,181,21,,,0
21609,'1083995',1829,,182,21,,,0
21609,'1084073',1029,,183,21,,,0
21609,'1084096',1829,,184,21,,,0
21609,'1084144',732,,185,22,,,0
21609,'1084182',2029,,186,21,,,0
21609,'1084211',1529,,187,21,,,0
21609,'1084216',1329,,188,21,,,0
21609,'1084222',829,,189,21,,,0
21609,'1084229',1529,,190,21,,,0
21609,'1084233',1629,,191,21,,,0
21609,'1084253',1029,,192,21,,,0
21609,'1084297',2129,,193,21,,,0
21609,'1084300',1229,,194,21,,,0
21609,'1084324',1429,,195,21,,,0
21609,'1084339',1702,,196,22,,,0
21609,'1084342',1129,,197,21,,,0
21609,'1084351',1929,,198,21,,,0
21609,'1084373',1929,,199,21,,,0
21609,'1084376',829,,200,21,,,0
21609,'1084380',1632,,201,22,,,0
