11609,'1142131',1620,,692,24,,,0
11609,'1142167',950,,693,24,,,0
11609,'1142222',1250,,694,24,,,0
11609,'1142226',2050,,695,24,,,0
11609,'1142297',1250,,696,24,,,0
11609,'1142329',1050,,697,24,,,0
11609,'1142334',1820,,698,24,,,0
11609,'1142336',1750,,699,24,,,0
11609,'1142364',1750,,700,24,,,0
11609,'1142388',1350,,701,24,,,0
11609,'1142390',1150,,702,24,,,0
11609,'1142392',920,,703,24,,,0
11609,'1142399',2050,,704,24,,,0
11609,'1142441',2150,,705,24,,,0
11609,'1142450',1950,,706,24,,,0
11609,'1142454',1550,,707,24,,,0
11609,'1142465',724,,708,25,,,0
11609,'1142475',850,,709,24,,,0
11609,'1142493',1654,,710,25,,,0
11609,'1142497',1550,,711,24,,,0
11609,'1142504',1850,,712,24,,,0
11609,'1142519',654,,713,25,,,0
11609,'1142524',1350,,714,24,,,0
11609,'1142530',1150,,715,24,,,0
11609,'1142561',750,,716,24,,,0
11609,'1142586',1450,,717,24,,,0
11609,'1142593',1950,,718,24,,,0
11609,'1142599',1850,,719,24,,,0
11609,'1142608',1450,,720,24,,,0
11609,'1142624',750,,721,24,,,0
11609,'1142649',1050,,722,24,,,0
11609,'1142676',1650,,723,24,,,0
11609,'1142697',820,,724,24,,,0
11609,'1142702',950,,725,24,,,0
11609,'1142719',850,,726,24,,,0
11609,'1142857',1724,,727,25,,,0
11609,'1142878',2150,,728,24,,,0
16009,'1175738',1741,,1279,23,0,16 17 11,0
16009,'1175765',941,,1280,23,0,16 17 11,0
16009,'1175829',1641,,1281,23,0,16 17 11,0
16009,'1176127',1441,,1287,23,0,16 17 11,0
16009,'1176157',1541,,1288,23,0,16 17 11,0
16009,'1176159',1341,,1289,23,0,16 17 11,0
16009,'1176183',1141,,1290,23,0,16 17 11,0
16009,'1176302',1241,,1292,23,0,16 17 11,0
16009,'1176523',1041,,1294,23,0,16 17 11,0
