13009,'1176096',1131,,1537,14,,,0
13009,'1176190',1531,,1540,14,,,0
13009,'1176224',1031,,1542,14,,,0
13009,'1176248',1731,,1543,14,,,0
13009,'1176271',1631,,1544,14,,,0
13009,'1176360',931,,1545,14,,,0
13009,'1176371',1231,,1546,14,,,0
13009,'1176623',1331,,1549,14,,,0
13009,'1176644',1431,,1550,14,,,0
14001209,'1175718',1625,,1789,14,,,0
14001209,'1175861',1855,,1790,14,,,0
14001209,'1175900',1725,,1791,14,,,0
14001209,'1175913',2255,,1792,14,0,8 21,0
14001209,'1175915',2055,,1793,14,,,0
14001209,'1175917',1425,,1794,14,,,0
14001209,'1175919',1955,,1795,14,,,0
14001209,'1175938',755,,1796,14,,,0
14001209,'1175939',1755,,1797,14,,,0
14001209,'1175983',2155,,1798,14,,,0
14001209,'1176007',1255,,1799,14,,,0
14001209,'1176012',1055,,1800,14,,,0
14001209,'1176069',855,,1801,14,,,0
14001209,'1176070',1155,,1802,14,,,0
14001209,'1176091',955,,1803,14,,,0
14001209,'1176103',955,,1805,14,,,0
14001209,'1176117',1155,,1806,14,,,0
14001209,'1176122',2255,,1807,14,0,8 21,0
14001209,'1176163',1855,,1808,14,,,0
14001209,'1176213',1055,,1809,14,,,0
14001209,'1176217',1555,,1810,14,,,0
14001209,'1176245',1755,,1811,14,,,0
14001209,'1176255',855,,1812,14,,,0
14001209,'1176275',1655,,1813,14,,,0
14001209,'1176323',1125,,1814,14,,,0
14001209,'1176336',1825,,1815,14,0,8 21,0
14001209,'1176343',1355,,1816,14,,,0
14001209,'1176354',1455,,1817,14,,,0
14001209,'1176378',1255,,1818,14,,,0
14001209,'1176401',725,,1819,14,,,0
14001209,'1176411',2055,,1820,14,,,0
14001209,'1176440',1455,,1821,14,,,0
14001209,'1176458',655,,1822,14,,,0
14001209,'1176470',1555,,1823,14,,,0
14001209,'1176472',1025,,1824,14,,,0
14001209,'1176483',1325,,1825,14,,,0
14001209,'1176488',1655,,1826,14,,,0
14001209,'1176515',1955,,1827,14,,,0
14001209,'1176526',925,,1828,14,,,0
14001209,'1176532',1225,,1829,14,,,0
14001209,'1176546',2155,,1830,14,,,0
14001209,'1176594',825,,1831,14,,,0
14001209,'1176599',1525,,1832,14,,,0
14001209,'1176626',755,,1833,14,,,0
14001209,'1176676',1355,,1834,14,,,0
