11009,'1175771',1447,,1461,28,,,0
11009,'1175802',1747,,1462,28,,,0
11009,'1176133',1647,,1468,28,,,0
11009,'1176140',1047,,1469,28,,,0
11009,'1176188',1247,,1470,28,,,0
11009,'1176403',1147,,1472,28,,,0
11009,'1176448',947,,1473,28,,,0
11009,'1176583',1547,,1474,28,,,0
11009,'1176618',1347,,1475,28,,,0
14001009,'1175755',857,,1743,30,,,0
14001009,'1175787',1757,,1744,30,,,0
14001009,'1175798',1757,,1745,30,,,0
14001009,'1175806',1127,,1746,30,0,8 21,0
14001009,'1175825',1557,,1748,30,,,0
14001009,'1175826',1258,,1749,30,,,0
14001009,'1175836',1727,,1750,30,,,0
14001009,'1175840',1957,,1751,30,,,0
14001009,'1175865',1027,,1752,30,0,8 21,0
14001009,'1175890',1957,,1753,30,,,0
14001009,'1175905',2057,,1754,30,,,0
14001009,'1175937',1358,,1755,30,,,0
14001009,'1175943',1657,,1756,30,,,0
14001009,'1175962',2257,,1757,30,0,8 21,0
14001009,'1175995',1058,,1758,30,,,0
14001009,'1176008',727,,1759,30,,,0
14001009,'1176017',757,,1760,30,,,0
14001009,'1176075',1657,,1761,30,,,0
14001009,'1176104',2157,,1762,30,,,0
14001009,'1176141',1258,,1763,30,,,0
14001009,'1176158',1458,,1764,30,,,0
14001009,'1176181',927,,1765,30,0,8 21,0
14001009,'1176198',958,,1766,30,,,0
14001009,'1176208',2157,,1767,30,,,0
14001009,'1176215',1857,,1768,30,,,0
14001009,'1176225',1327,,1769,30,0,8 21,0
14001009,'1176249',1058,,1770,30,,,0
14001009,'1176269',2057,,1771,30,,,0
14001009,'1176278',2257,,1772,30,0,8 21,0
14001009,'1176300',1527,,1773,30,0,8 21,0
14001009,'1176311',958,,1774,30,,,0
14001009,'1176346',827,,1775,30,,,0
14001009,'1176365',857,,1776,30,,,0
14001009,'1176376',1557,,1777,30,,,0
14001009,'1176382',1158,,1778,30,,,0
14001009,'1176449',657,,1779,30,,,0
14001009,'1176452',1227,,1780,30,0,8 21,0
14001009,'1176545',757,,1781,30,,,0
14001009,'1176551',1358,,1782,30,,,0
14001009,'1176579',1627,,1783,30,,,0
14001009,'1176580',1158,,1784,30,,,0
14001009,'1176607',1857,,1785,30,,,0
14001009,'1176612',1827,,1786,30,0,8 21,0
14001009,'1176628',1427,,1787,30,0,8 21,0
14001009,'1176653',1458,,1788,30,,,0
