14001209,'1083697',1759,,248,43,,,0
14001209,'1083724',859,,250,43,,,0
14001209,'1083738',2229,,251,43,,,0
14001209,'1083756',1229,,252,43,,,0
14001209,'1083770',1529,,253,43,,,0
14001209,'1083781',1529,,254,43,,,0
14001209,'1083804',1029,,255,43,,,0
14001209,'1083812',1559,,256,43,,,0
14001209,'1083825',1429,,257,43,,,0
14001209,'1083828',929,,258,43,,,0
14001209,'1083832',1829,,259,43,,,0
14001209,'1083836',1659,,260,43,,,0
14001209,'1083837',1729,,261,43,,,0
14001209,'1083842',1059,,262,43,,,0
14001209,'1083858',1929,,263,43,,,0
14001209,'1083876',1129,,264,43,,,0
14001209,'1083895',2229,,265,43,,,0
14001209,'1083906',1459,,266,43,,,0
14001209,'1083907',1229,,267,43,,,0
14001209,'1083916',2129,,268,43,,,0
14001209,'1083935',1429,,269,43,,,0
14001209,'1083976',1129,,270,43,,,0
14001209,'1083988',1329,,271,43,,,0
14001209,'1083993',1159,,272,43,,,0
14001209,'1084000',1029,,273,43,,,0
14001209,'1084037',1829,,275,43,,,0
14001209,'1084075',1359,,276,43,,,0
14001209,'1084089',2029,,278,43,,,0
14001209,'1084099',1929,,279,43,,,0
14001209,'1084198',1629,,281,43,,,0
14001209,'1084227',1259,,282,43,,,0
14001209,'1084231',959,,283,43,,,0
14001209,'1084254',829,,284,43,,,0
14001209,'1084265',759,,285,43,,,0
14001209,'1084270',2129,,286,43,,,0
14001209,'1084287',1729,,287,43,,,0
14001209,'1084309',729,,288,21,,,0
14001209,'1084310',1629,,289,43,,,0
14001209,'1084331',829,,290,43,,,0
14001209,'1084345',929,,291,43,,,0
14001209,'1084350',1329,,292,43,,,0
14001209,'1084370',2029,,293,43,,,0
14001209,'1142661',729,,634,43,,,0
