20009,'1175726',1135,,1297,4,0,10 11,0
20009,'1175784',1535,,1298,4,0,10 11,0
20009,'1175818',1335,,1299,4,0,10 11,0
20009,'1175944',1735,,1300,4,0,10 11,0
20009,'1175945',1035,,1301,4,0,10 11,0
20009,'1176098',1435,,1302,4,0,10 11,0
20009,'1176169',1635,,1303,4,0,10 11,0
20009,'1176242',935,,1304,4,0,10 11,0
20009,'1176491',1235,,1305,4,0,10 11,0
14001609,'1142224',1320,,1020,6,0,8 21,0
14001609,'1142239',1020,,1022,6,0,8 21,0
14001609,'1142308',1820,,1028,6,0,8 21,0
14001609,'1142473',1120,,1035,6,0,8 21,0
14001609,'1142717',1220,,1051,6,0,8 21,0
14001609,'1142803',920,,1054,6,0,8 21,0
14001609,'1142886',1420,,1060,6,0,8 21,0
14001609,'1175743',650,,1306,6,,,0
14001609,'1175762',750,,1307,6,,,0
14001609,'1175785',950,,1308,6,,,0
14001609,'1175815',720,,1309,6,,,0
14001609,'1175849',850,,1310,6,,,0
14001609,'1175881',850,,1311,6,,,0
14001609,'1175901',1250,,1313,6,,,0
14001609,'1175909',820,,1314,6,,,0
14001609,'1175926',1150,,1315,6,,,0
14001609,'1175981',1720,,1316,6,,,0
14001609,'1176005',2150,,1317,6,,,0
14001609,'1176019',1850,,1318,6,,,0
14001609,'1176030',1350,,1319,6,,,0
14001609,'1176078',1650,,1321,6,,,0
14001609,'1176081',1950,,1322,6,,,0
14001609,'1176129',1450,,1323,6,,,0
14001609,'1176134',2050,,1325,6,,,0
14001609,'1176154',2050,,1326,6,,,0
14001609,'1176172',1550,,1327,6,,,0
14001609,'1176186',1620,,1328,6,,,0
14001609,'1176192',2150,,1329,6,,,0
14001609,'1176206',1250,,1330,6,,,0
14001609,'1176260',1350,,1331,6,,,0
14001609,'1176285',1750,,1332,6,,,0
14001609,'1176332',1750,,1334,6,,,0
14001609,'1176457',1050,,1335,6,,,0
14001609,'1176506',1850,,1336,6,,,0
14001609,'1176531',1950,,1337,6,,,0
14001609,'1176542',1520,,1338,6,,,0
14001609,'1176555',1150,,1339,6,,,0
14001609,'1176566',1050,,1340,6,,,0
14001609,'1176590',950,,1341,6,,,0
14001609,'1176615',1450,,1342,6,,,0
14001609,'1176650',1550,,1343,6,,,0
14001609,'1176683',1650,,1344,6,,,0
14001609,'1176688',750,,1345,6,,,0
