19001309,'1142849',1819,,1152,14,0,8 21,0
19001309,'1175725',649,,1374,14,,,0
19001309,'1175746',1249,,1375,14,,,0
19001309,'1175750',2149,,1376,14,,,0
19001309,'1175772',2049,,1378,14,,,0
19001309,'1175824',1949,,1379,14,,,0
19001309,'1175844',649,,1380,14,,,0
19001309,'1175930',1749,,1381,14,,,0
19001309,'1175941',1449,,1382,14,,,0
19001309,'1175974',1619,,1383,14,,,0
19001309,'1176027',1149,,1384,14,,,0
19001309,'1176051',1319,,1385,14,,,0
19001309,'1176056',1519,,1386,14,,,0
19001309,'1176072',849,,1387,14,,,0
19001309,'1176088',819,,1388,14,,,0
19001309,'1176113',949,,1389,14,,,0
19001309,'1176123',1449,,1390,14,,,0
19001309,'1176150',1649,,1391,14,,,0
19001309,'1176155',1719,,1392,14,,,0
19001309,'1176191',1849,,1393,14,,,0
19001309,'1176203',1949,,1394,14,,,0
19001309,'1176205',749,,1395,14,,,0
19001309,'1176216',719,,1396,14,,,0
19001309,'1176219',1549,,1397,14,,,0
19001309,'1176231',1249,,1398,14,,,0
19001309,'1176237',1149,,1399,14,,,0
19001309,'1176251',849,,1400,14,,,0
19001309,'1176267',1849,,1401,14,,,0
19001309,'1176327',2149,,1403,14,,,0
19001309,'1176330',1049,,1404,14,,,0
19001309,'1176347',1349,,1405,14,,,0
19001309,'1176350',1349,,1406,14,,,0
19001309,'1176372',919,,1407,14,,,0
19001309,'1176377',2049,,1408,14,,,0
19001309,'1176385',949,,1409,14,,,0
19001309,'1176484',1549,,1410,14,,,0
19001309,'1176487',1219,,1411,14,,,0
19001309,'1176502',1419,,1412,14,,,0
19001309,'1176565',1049,,1413,14,,,0
19001309,'1176609',1649,,1414,14,,,0
19001309,'1176622',1749,,1415,14,,,0
19001309,'1176667',749,,1416,14,,,0
19001309,'1176691',1119,,1417,14,,,0
19001309,'1176694',1019,,1418,14,,,0
