15009,'1083721',1540,,110,7,,,0
15009,'1083780',1640,,112,7,,,0
15009,'1083782',1040,,113,7,,,0
15009,'1083851',1340,,115,7,,,0
15009,'1083866',940,,116,7,,,0
15009,'1083979',1740,,120,7,,,0
15009,'1084055',1440,,122,7,,,0
15009,'1084180',1140,,123,7,,,0
15009,'1084305',1240,,126,7,,,0
14001409,'1083698',1458,,294,17,,,0
14001409,'1083768',1858,,295,17,,,0
14001409,'1083799',1758,,296,17,,,0
14001409,'1083819',758,,297,17,,,0
14001409,'1083823',858,,298,17,,,0
14001409,'1083831',758,,299,17,,,0
14001409,'1083885',2058,,300,17,,,0
14001409,'1083889',958,,301,17,,,0
14001409,'1083899',1958,,302,17,,,0
14001409,'1083923',1558,,303,17,,,0
14001409,'1083934',928,,304,17,,,0
14001409,'1083938',1628,,305,17,,,0
14001409,'1083968',1158,,307,17,,,0
14001409,'1083996',1158,,309,17,,,0
14001409,'1083997',1658,,310,17,,,0
14001409,'1084002',1658,,311,17,,,0
14001409,'1084035',1128,,312,17,,,0
14001409,'1084095',1258,,314,17,,,0
14001409,'1084113',1828,,315,17,0,8 9,0
14001409,'1084114',1358,,316,17,,,0
14001409,'1084134',1358,,317,17,,,0
14001409,'1084143',1258,,318,17,,,0
14001409,'1084149',728,,319,17,,,0
14001409,'1084161',858,,320,17,,,0
14001409,'1084166',2058,,321,17,,,0
14001409,'1084175',1958,,322,17,,,0
14001409,'1084192',1858,,323,17,,,0
14001409,'1084194',2158,,324,17,,,0
14001409,'1084212',1428,,325,17,,,0
14001409,'1084214',658,,326,17,,,0
14001409,'1084230',1328,,327,17,,,0
14001409,'1084248',1728,,328,17,,,0
14001409,'1084252',1458,,330,17,,,0
14001409,'1084256',1058,,331,17,,,0
14001409,'1084258',1058,,332,17,,,0
14001409,'1084269',2158,,333,17,,,0
14001409,'1084304',828,,334,17,,,0
14001409,'1084306',1028,,335,17,,,0
14001409,'1084326',1528,,336,17,,,0
14001409,'1084330',958,,337,17,,,0
14001409,'1084354',1228,,338,17,,,0
14001409,'1084355',1758,,339,17,,,0
14001409,'1084374',1558,,340,17,,,0
