14001009,'1142143',1421,,875,41,,,0
14001009,'1142178',721,,876,41,,,0
14001009,'1142189',921,,877,41,,,0
14001009,'1142190',751,,878,41,,,0
14001009,'1142194',1521,,879,41,,,0
14001009,'1142216',1021,,880,41,,,0
14001009,'1142231',851,,881,41,,,0
14001009,'1142237',1421,,882,41,,,0
14001009,'1142279',1721,,883,41,,,0
14001009,'1142282',1321,,884,41,,,0
14001009,'1142286',921,,885,41,,,0
14001009,'1142290',2021,,886,41,,,0
14001009,'1142344',2121,,888,41,,,0
14001009,'1142360',1221,,889,41,,,0
14001009,'1142375',1121,,891,41,,,0
14001009,'1142459',1021,,894,41,,,0
14001009,'1142462',1621,,896,41,,,0
14001009,'1142479',1921,,897,41,,,0
14001009,'1142483',1521,,898,41,,,0
14001009,'1142508',1921,,900,41,,,0
14001009,'1142510',1621,,901,41,,,0
14001009,'1142538',1121,,903,41,,,0
14001009,'1142580',1821,,905,41,,,0
14001009,'1142619',2121,,906,41,,,0
14001009,'1142660',1651,,908,41,,,0
14001009,'1142682',821,,909,41,,,0
14001009,'1142715',2021,,910,41,,,0
14001009,'1142724',721,,911,8,,,0
14001009,'1142781',2221,,912,41,,,0
14001009,'1142787',1821,,913,41,,,0
14001009,'1142811',1221,,915,41,,,0
14001009,'1142812',1751,,916,41,,,0
14001009,'1142840',821,,917,41,,,0
14001009,'1142842',2221,,918,41,,,0
14001009,'1142843',1321,,919,41,,,0
14001009,'1142861',1721,,920,41,,,0
