20009,'1175879',1444,,1605,14,0,10 11,0
20009,'1175940',1044,,1607,14,0,10 11,0
20009,'1176265',1544,,1612,14,0,10 11,0
20009,'1176319',1744,,1613,14,0,10 11,0
20009,'1176398',1344,,1615,14,0,10 11,0
20009,'1176408',944,,1616,14,0,10 11,0
20009,'1176425',1144,,1618,14,0,10 11,0
20009,'1176552',1244,,1622,14,0,10 11,0
20009,'1176647',1644,,1623,14,0,10 11,0
14001609,'1175722',1059,,1882,16,,,0
14001609,'1175752',659,,1883,16,,,0
14001609,'1175760',1959,,1884,16,,,0
14001609,'1175799',929,,1885,16,0,8 21,0
14001609,'1175804',1029,,1886,16,0,8 21,0
14001609,'1175908',829,,1888,16,,,0
14001609,'1175922',1159,,1889,16,,,0
14001609,'1175936',759,,1890,16,,,0
14001609,'1175982',1129,,1891,16,0,8 21,0
14001609,'1175986',1359,,1892,16,,,0
14001609,'1175988',1259,,1893,16,,,0
14001609,'1175989',1759,,1894,16,,,0
14001609,'1176010',1229,,1895,16,0,8 21,0
14001609,'1176015',859,,1896,16,,,0
14001609,'1176131',1329,,1897,16,0,8 21,0
14001609,'1176168',1259,,1898,16,,,0
14001609,'1176170',1529,,1899,16,,,0
14001609,'1176241',2059,,1900,16,,,0
14001609,'1176247',729,,1901,16,,,0
14001609,'1176270',2159,,1902,16,,,0
14001609,'1176280',1559,,1903,16,,,0
14001609,'1176296',1459,,1904,16,,,0
14001609,'1176309',2159,,1905,16,,,0
14001609,'1176320',1759,,1906,16,,,0
14001609,'1176374',1829,,1907,16,0,8 21,0
14001609,'1176381',959,,1908,16,,,0
14001609,'1176402',1959,,1909,16,,,0
14001609,'1176421',759,,1910,16,,,0
14001609,'1176486',1729,,1911,16,,,0
14001609,'1176492',1059,,1912,16,,,0
14001609,'1176495',1859,,1913,16,,,0
14001609,'1176500',1559,,1914,16,,,0
14001609,'1176504',1659,,1915,16,,,0
14001609,'1176510',1459,,1916,16,,,0
14001609,'1176518',1629,,1917,16,,,0
14001609,'1176524',959,,1918,16,,,0
14001609,'1176533',859,,1919,16,,,0
14001609,'1176577',2059,,1921,16,,,0
14001609,'1176593',1429,,1923,16,0,8 21,0
14001609,'1176602',1359,,1924,16,,,0
14001609,'1176621',1859,,1926,16,,,0
14001609,'1176627',1659,,1927,16,,,0
14001609,'1176671',1159,,1929,16,,,0
