13009,'1176096',1123,,1537,3,,,0
13009,'1176190',1523,,1540,3,,,0
13009,'1176224',1023,,1542,3,,,0
13009,'1176248',1723,,1543,3,,,0
13009,'1176271',1623,,1544,3,,,0
13009,'1176360',923,,1545,3,,,0
13009,'1176371',1223,,1546,3,,,0
13009,'1176623',1323,,1549,3,,,0
13009,'1176644',1423,,1550,3,,,0
30009,'1178822',1351,,2122,6,0,23 24 2 26,0
30009,'1178823',751,,2123,6,0,23 24 2 26,0
30009,'1178824',851,,2124,6,0,23 24 2 26,0
30009,'1178825',1451,,2125,6,0,23 24 2 26,0
30009,'1178832',1021,,2132,6,0,8 9 2 26,0
30009,'1178833',951,,2133,6,0,23 24 2 26,0
30009,'1178834',821,,2134,6,0,23 24 2 26,0
30009,'1178837',1751,,2137,6,0,23 24 2 26,0
30009,'1178839',1151,,2139,6,0,23 24 2 26,0
30009,'1178842',1251,,2142,6,0,23 24 2 26,0
30009,'1178844',721,,2144,6,0,23 24 2 26,0
30009,'1178849',1721,,2149,6,0,23 24 2 26,0
30009,'1178850',951,,2150,6,0,23 24 2 26,0
30009,'1178851',851,,2151,6,0,23 24 2 26,0
30009,'1178853',1951,,2153,6,0,23 24 2 26,0
30009,'1178855',1451,,2155,6,0,23 24 2 26,0
30009,'1178856',2051,,2156,6,0,23 24 2 26,0
30009,'1178858',1851,,2158,6,0,23 24 2 26,0
30009,'1178859',1551,,2159,6,0,23 24 2 26,0
30009,'1178862',1751,,2162,6,0,23 24 2 26,0
30009,'1178864',1051,,2164,6,0,23 24 2 26,0
30009,'1178866',2151,,2166,6,0,8 9 2 26,0
30009,'1178867',2051,,2167,6,0,23 24 2 26,0
30009,'1178870',1851,,2170,6,0,23 24 2 26,0
30009,'1178872',1351,,2172,6,0,23 24 2 26,0
30009,'1178875',1151,,2175,6,0,23 24 2 26,0
30009,'1178877',1951,,2177,6,0,23 24 2 26,0
30009,'1178878',1621,,2178,6,0,23 24 2 26,0
30009,'1178879',1551,,2179,6,0,23 24 2 26,0
30009,'1178888',1051,,2188,6,0,23 24 2 26,0
30009,'1178889',1251,,2189,6,0,23 24 2 26,0
30009,'1178890',921,,2190,6,0,23 24 2 26,0
30009,'1178891',2151,,2191,6,0,8 9 2 26,0
30009,'1178892',1651,,2192,6,0,23 24 2 26,0
30009,'1178894',751,,2194,6,0,23 24 2 26,0
30009,'1178900',1821,,2200,6,0,8 9 2 26,0
30009,'1178901',1651,,2201,6,0,23 24 2 26,0
14001209,'1175718',1616,,1789,3,,,0
14001209,'1175861',1846,,1790,3,,,0
14001209,'1175900',1716,,1791,3,,,0
14001209,'1175913',2246,,1792,3,0,8 21,0
14001209,'1175915',2046,,1793,3,,,0
14001209,'1175917',1416,,1794,3,,,0
14001209,'1175919',1946,,1795,3,,,0
14001209,'1175938',746,,1796,3,,,0
14001209,'1175939',1746,,1797,3,,,0
14001209,'1175983',2146,,1798,3,,,0
14001209,'1176007',1246,,1799,3,,,0
14001209,'1176012',1046,,1800,3,,,0
14001209,'1176069',846,,1801,3,,,0
14001209,'1176070',1146,,1802,3,,,0
14001209,'1176091',946,,1803,3,,,0
14001209,'1176103',946,,1805,3,,,0
14001209,'1176117',1146,,1806,3,,,0
14001209,'1176122',2246,,1807,3,0,8 21,0
14001209,'1176163',1846,,1808,3,,,0
14001209,'1176213',1046,,1809,3,,,0
14001209,'1176217',1546,,1810,3,,,0
14001209,'1176245',1746,,1811,3,,,0
14001209,'1176255',846,,1812,3,,,0
14001209,'1176275',1646,,1813,3,,,0
14001209,'1176323',1116,,1814,3,,,0
14001209,'1176336',1816,,1815,3,0,8 21,0
14001209,'1176343',1346,,1816,3,,,0
14001209,'1176354',1446,,1817,3,,,0
14001209,'1176378',1246,,1818,3,,,0
14001209,'1176401',716,,1819,3,,,0
14001209,'1176411',2046,,1820,3,,,0
14001209,'1176440',1446,,1821,3,,,0
14001209,'1176458',646,,1822,3,,,0
14001209,'1176470',1546,,1823,3,,,0
14001209,'1176472',1016,,1824,3,,,0
14001209,'1176483',1316,,1825,3,,,0
14001209,'1176488',1646,,1826,3,,,0
14001209,'1176515',1946,,1827,3,,,0
14001209,'1176526',916,,1828,3,,,0
14001209,'1176532',1216,,1829,3,,,0
14001209,'1176546',2146,,1830,3,,,0
14001209,'1176594',816,,1831,3,,,0
14001209,'1176599',1516,,1832,3,,,0
14001209,'1176626',746,,1833,3,,,0
14001209,'1176676',1346,,1834,3,,,0
