14009,'1142177',1024,,766,4,,,0
14009,'1142342',1524,,771,4,,,0
14009,'1142362',1324,,772,4,,,0
14009,'1142406',924,,774,4,,,0
14009,'1142444',1224,,775,4,,,0
14009,'1142613',1724,,777,4,,,0
14009,'1142687',1624,,779,4,,,0
14009,'1142827',1424,,781,4,,,0
14009,'1142830',1124,,782,4,,,0
19001509,'1142133',1646,,1156,3,,,0
19001509,'1142153',646,,1158,3,,,0
19001509,'1142160',946,,1159,3,,,0
19001509,'1142170',1446,,1160,3,,,0
19001509,'1142181',646,,1161,3,,,0
19001509,'1142183',1546,,1162,3,,,0
19001509,'1142185',1446,,1163,3,,,0
19001509,'1142201',816,,1164,3,,,0
19001509,'1142204',1246,,1165,3,,,0
19001509,'1142207',2146,,1166,3,0,12,0
19001509,'1142217',1046,,1167,3,,,0
19001509,'1142250',2046,,1168,3,,,0
19001509,'1142261',1216,,1169,3,,,0
19001509,'1142284',1016,,1170,3,,,0
19001509,'1142295',2246,,1171,3,0,12,0
19001509,'1142302',1746,,1172,3,,,0
19001509,'1142304',1816,,1173,3,0,12,0
19001509,'1142318',916,,1174,3,,,0
19001509,'1142351',1946,,1175,3,,,0
19001509,'1142376',1746,,1176,3,,,0
19001509,'1142422',1146,,1177,3,,,0
19001509,'1142427',746,,1178,3,,,0
19001509,'1142428',1616,,1179,3,,,0
19001509,'1142440',1246,,1180,3,,,0
19001509,'1142443',1946,,1181,3,,,0
19001509,'1142474',716,,1182,3,,,0
19001509,'1142476',1316,,1183,3,,,0
19001509,'1142512',1116,,1184,3,,,0
19001509,'1142514',1546,,1185,3,,,0
19001509,'1142532',2146,,1186,3,0,12,0
19001509,'1142587',1716,,1187,3,,,0
19001509,'1142615',1846,,1188,3,,,0
19001509,'1142630',1846,,1189,3,,,0
19001509,'1142653',1646,,1190,3,,,0
19001509,'1142655',846,,1191,3,,,0
19001509,'1142675',746,,1192,3,,,0
19001509,'1142699',2246,,1193,3,0,12,0
19001509,'1142725',1516,,1194,3,,,0
19001509,'1142736',1346,,1195,3,,,0
19001509,'1142755',1046,,1196,3,,,0
19001509,'1142799',1416,,1198,3,,,0
19001509,'1142808',2046,,1199,3,,,0
19001509,'1142818',1146,,1200,3,,,0
19001509,'1142823',1346,,1201,3,,,0
19001509,'1142868',846,,1202,3,,,0
19001509,'1142879',946,,1203,3,,,0
