19001309,'1142849',1817,,1152,11,0,8 21,0
19001309,'1175725',647,,1374,11,,,0
19001309,'1175746',1247,,1375,11,,,0
19001309,'1175750',2147,,1376,11,,,0
19001309,'1175772',2047,,1378,11,,,0
19001309,'1175824',1947,,1379,11,,,0
19001309,'1175844',647,,1380,11,,,0
19001309,'1175930',1747,,1381,11,,,0
19001309,'1175941',1447,,1382,11,,,0
19001309,'1175974',1617,,1383,11,,,0
19001309,'1176027',1147,,1384,11,,,0
19001309,'1176051',1317,,1385,11,,,0
19001309,'1176056',1517,,1386,11,,,0
19001309,'1176072',847,,1387,11,,,0
19001309,'1176088',817,,1388,11,,,0
19001309,'1176113',947,,1389,11,,,0
19001309,'1176123',1447,,1390,11,,,0
19001309,'1176150',1647,,1391,11,,,0
19001309,'1176155',1717,,1392,11,,,0
19001309,'1176191',1847,,1393,11,,,0
19001309,'1176203',1947,,1394,11,,,0
19001309,'1176205',747,,1395,11,,,0
19001309,'1176216',717,,1396,11,,,0
19001309,'1176219',1547,,1397,11,,,0
19001309,'1176231',1247,,1398,11,,,0
19001309,'1176237',1147,,1399,11,,,0
19001309,'1176251',847,,1400,11,,,0
19001309,'1176267',1847,,1401,11,,,0
19001309,'1176327',2147,,1403,11,,,0
19001309,'1176330',1047,,1404,11,,,0
19001309,'1176347',1347,,1405,11,,,0
19001309,'1176350',1347,,1406,11,,,0
19001309,'1176372',917,,1407,11,,,0
19001309,'1176377',2047,,1408,11,,,0
19001309,'1176385',947,,1409,11,,,0
19001309,'1176484',1547,,1410,11,,,0
19001309,'1176487',1217,,1411,11,,,0
19001309,'1176502',1417,,1412,11,,,0
19001309,'1176565',1047,,1413,11,,,0
19001309,'1176609',1647,,1414,11,,,0
19001309,'1176622',1747,,1415,11,,,0
19001309,'1176667',747,,1416,11,,,0
19001309,'1176691',1117,,1417,11,,,0
19001309,'1176694',1017,,1418,11,,,0
