12009,'1175904',1355,,1253,35,,,0
12009,'1176180',1055,,1257,35,,,0
12009,'1176258',1808,,1258,35,,,0
12009,'1176284',1455,,1259,35,,,0
12009,'1176435',1155,,1263,35,,,0
12009,'1176479',1555,,1264,35,,,0
12009,'1176508',1655,,1265,35,,,0
12009,'1176541',955,,1266,35,,,0
12009,'1176548',1255,,1267,35,,,0
14001209,'1142139',1356,,921,39,,,0
14001209,'1142151',1226,,922,39,,,0
14001209,'1142158',1556,,923,39,,,0
14001209,'1142168',1456,,924,39,,,0
14001209,'1142228',1426,,925,39,,,0
14001209,'1142235',1126,,926,39,,,0
14001209,'1142256',1256,,927,39,,,0
14001209,'1142291',1726,,928,39,,,0
14001209,'1142293',1656,,929,39,,,0
14001209,'1142309',1056,,930,39,,,0
14001209,'1142370',826,,931,39,,,0
14001209,'1142423',1156,,933,39,,,0
14001209,'1142439',826,,934,39,,,0
14001209,'1142486',856,,935,39,,,0
14001209,'1142509',1526,,936,39,,,0
14001209,'1142542',1926,,937,39,,,0
14001209,'1142545',1126,,938,39,,,0
14001209,'1142567',1026,,939,39,,,0
14001209,'1142571',1726,,940,39,,,0
14001209,'1142573',1326,,941,39,,,0
14001209,'1142591',1826,,942,39,,,0
14001209,'1142598',926,,943,39,,,0
14001209,'1142600',756,,944,39,,,0
14001209,'1142650',2226,,945,39,,,0
14001209,'1142691',1826,,947,39,,,0
14001209,'1142694',1326,,948,39,,,0
14001209,'1142710',2226,,949,39,,,0
14001209,'1142733',726,,950,17,,,0
14001209,'1142742',726,,951,39,,,0
14001209,'1142760',956,,952,39,,,0
14001209,'1142766',1226,,953,39,,,0
14001209,'1142771',1756,,954,39,,,0
14001209,'1142778',1626,,955,39,,,0
14001209,'1142786',2126,,956,39,,,0
14001209,'1142797',2026,,957,39,,,0
14001209,'1142806',1426,,958,39,,,0
14001209,'1142817',1626,,960,39,,,0
14001209,'1142820',1926,,961,39,,,0
14001209,'1142837',926,,962,39,,,0
14001209,'1142854',1026,,963,39,,,0
14001209,'1142855',2126,,964,39,,,0
14001209,'1142858',1526,,965,39,,,0
14001209,'1142869',2026,,966,39,,,0
