13009,'1176096',1139,,1537,21,,,0
13009,'1176190',1539,,1540,21,,,0
13009,'1176224',1039,,1542,21,,,0
13009,'1176248',1739,,1543,21,,,0
13009,'1176271',1639,,1544,21,,,0
13009,'1176360',939,,1545,21,,,0
13009,'1176371',1239,,1546,21,,,0
13009,'1176623',1339,,1549,21,,,0
13009,'1176644',1439,,1550,21,,,0
30009,'1178822',1411,,2122,21,0,23 24 2 26,0
30009,'1178823',811,,2123,21,0,23 24 2 26,0
30009,'1178824',911,,2124,21,0,23 24 2 26,0
30009,'1178825',1511,,2125,21,0,23 24 2 26,0
30009,'1178832',1041,,2132,21,0,8 9 2 26,0
30009,'1178833',1011,,2133,21,0,23 24 2 26,0
30009,'1178834',841,,2134,21,0,23 24 2 26,0
30009,'1178837',1811,,2137,21,0,23 24 2 26,0
30009,'1178839',1211,,2139,21,0,23 24 2 26,0
30009,'1178842',1311,,2142,21,0,23 24 2 26,0
30009,'1178844',741,,2144,21,0,23 24 2 26,0
30009,'1178849',1741,,2149,21,0,23 24 2 26,0
30009,'1178850',1011,,2150,21,0,23 24 2 26,0
30009,'1178851',911,,2151,21,0,23 24 2 26,0
30009,'1178853',2011,,2153,21,0,23 24 2 26,0
30009,'1178855',1511,,2155,21,0,23 24 2 26,0
30009,'1178856',2111,,2156,21,0,23 24 2 26,0
30009,'1178858',1911,,2158,21,0,23 24 2 26,0
30009,'1178859',1611,,2159,21,0,23 24 2 26,0
30009,'1178862',1811,,2162,21,0,23 24 2 26,0
30009,'1178864',1111,,2164,21,0,23 24 2 26,0
30009,'1178866',2211,,2166,21,0,8 9 2 26,0
30009,'1178867',2111,,2167,21,0,23 24 2 26,0
30009,'1178870',1911,,2170,21,0,23 24 2 26,0
30009,'1178872',1411,,2172,21,0,23 24 2 26,0
30009,'1178875',1211,,2175,21,0,23 24 2 26,0
30009,'1178877',2011,,2177,21,0,23 24 2 26,0
30009,'1178878',1641,,2178,21,0,23 24 2 26,0
30009,'1178879',1611,,2179,21,0,23 24 2 26,0
30009,'1178888',1111,,2188,21,0,23 24 2 26,0
30009,'1178889',1311,,2189,21,0,23 24 2 26,0
30009,'1178890',941,,2190,21,0,23 24 2 26,0
30009,'1178891',2211,,2191,21,0,8 9 2 26,0
30009,'1178892',1711,,2192,21,0,23 24 2 26,0
30009,'1178894',811,,2194,21,0,23 24 2 26,0
30009,'1178900',1841,,2200,21,0,8 9 2 26,0
30009,'1178901',1711,,2201,21,0,23 24 2 26,0
14001209,'1175718',1631,,1789,21,,,0
14001209,'1175861',1901,,1790,21,,,0
14001209,'1175900',1731,,1791,21,,,0
14001209,'1175913',2301,,1792,21,0,8 21,0
14001209,'1175915',2101,,1793,21,,,0
14001209,'1175917',1431,,1794,21,,,0
14001209,'1175919',2001,,1795,21,,,0
14001209,'1175938',801,,1796,21,,,0
14001209,'1175939',1801,,1797,21,,,0
14001209,'1175983',2201,,1798,21,,,0
14001209,'1176007',1301,,1799,21,,,0
14001209,'1176012',1101,,1800,21,,,0
14001209,'1176069',901,,1801,21,,,0
14001209,'1176070',1201,,1802,21,,,0
14001209,'1176091',1001,,1803,21,,,0
14001209,'1176103',1001,,1805,21,,,0
14001209,'1176117',1201,,1806,21,,,0
14001209,'1176122',2301,,1807,21,0,8 21,0
14001209,'1176163',1901,,1808,21,,,0
14001209,'1176213',1101,,1809,21,,,0
14001209,'1176217',1601,,1810,21,,,0
14001209,'1176245',1801,,1811,21,,,0
14001209,'1176255',901,,1812,21,,,0
14001209,'1176275',1701,,1813,21,,,0
14001209,'1176323',1131,,1814,21,,,0
14001209,'1176336',1831,,1815,21,0,8 21,0
14001209,'1176343',1401,,1816,21,,,0
14001209,'1176354',1501,,1817,21,,,0
14001209,'1176378',1301,,1818,21,,,0
14001209,'1176401',731,,1819,21,,,0
14001209,'1176411',2101,,1820,21,,,0
14001209,'1176440',1501,,1821,21,,,0
14001209,'1176458',701,,1822,21,,,0
14001209,'1176470',1601,,1823,21,,,0
14001209,'1176472',1031,,1824,21,,,0
14001209,'1176483',1331,,1825,21,,,0
14001209,'1176488',1701,,1826,21,,,0
14001209,'1176515',2001,,1827,21,,,0
14001209,'1176526',931,,1828,21,,,0
14001209,'1176532',1231,,1829,21,,,0
14001209,'1176546',2201,,1830,21,,,0
14001209,'1176594',831,,1831,21,,,0
14001209,'1176599',1531,,1832,21,,,0
14001209,'1176626',801,,1833,21,,,0
14001209,'1176676',1401,,1834,21,,,0
