110,11009,'1175720',1460
110,11009,'1175771',1461
110,11009,'1175802',1462
110,11009,'1175910',1463
110,11009,'1175948',1464
110,11009,'1176063',1465
110,11009,'1176079',1466
110,11009,'1176108',1467
110,11009,'1176133',1468
110,11009,'1176140',1469
110,11009,'1176188',1470
110,11009,'1176321',1471
110,11009,'1176403',1472
110,11009,'1176448',1473
110,11009,'1176583',1474
110,11009,'1176618',1475
110,11009,'1176658',1476
110,11009,'1176675',1477
116,11609,'1175716',1478
116,11609,'1175732',1479
116,11609,'1175756',1480
116,11609,'1175773',1481
116,11609,'1175832',1482
116,11609,'1175843',1483
116,11609,'1175850',1484
116,11609,'1175868',1485
116,11609,'1175918',1486
116,11609,'1175942',1487
116,11609,'1175949',1488
116,11609,'1175954',1489
116,11609,'1175958',1490
116,11609,'1175970',1491
116,11609,'1176003',1492
116,11609,'1176080',1493
116,11609,'1176101',1494
116,11609,'1176137',1495
116,11609,'1176153',1496
116,11609,'1176239',1497
116,11609,'1176240',1498
116,11609,'1176243',1499
116,11609,'1176254',1500
116,11609,'1176259',1501
116,11609,'1176276',1502
116,11609,'1176432',1503
116,11609,'1176433',1504
116,11609,'1176442',1505
116,11609,'1176443',1506
116,11609,'1176475',1507
116,11609,'1176603',1508
116,11609,'1176630',1509
116,11609,'1176639',1510
116,11609,'1176641',1511
116,11609,'1176646',1512
116,11609,'1176652',1513
116,11609,'1176685',1514
120,12009,'1175745',1515
120,12009,'1175747',1516
120,12009,'1175827',1517
120,12009,'1175839',1518
120,12009,'1175885',1519
120,12009,'1175923',1520
120,12009,'1175952',1521
120,12009,'1175971',1522
120,12009,'1176031',1523
120,12009,'1176115',1524
120,12009,'1176149',1525
120,12009,'1176305',1526
120,12009,'1176417',1527
120,12009,'1176431',1528
120,12009,'1176471',1529
120,12009,'1176538',1530
120,12009,'1176625',1531
120,12009,'1176692',1532
130,13009,'1175768',1533
130,13009,'1175851',1534
130,13009,'1175875',1535
130,13009,'1175888',1536
130,13009,'1176096',1537
130,13009,'1176171',1538
130,13009,'1176184',1539
130,13009,'1176190',1540
130,13009,'1176223',1541
130,13009,'1176224',1542
130,13009,'1176248',1543
130,13009,'1176271',1544
130,13009,'1176360',1545
130,13009,'1176371',1546
130,13009,'1176463',1547
130,13009,'1176497',1548
130,13009,'1176623',1549
130,13009,'1176644',1550
140,14009,'1175724',1551
140,14009,'1175759',1552
140,14009,'1175767',1553
140,14009,'1175812',1554
140,14009,'1175822',1555
140,14009,'1175823',1556
140,14009,'1175834',1557
140,14009,'1175927',1558
140,14009,'1176135',1559
140,14009,'1176178',1560
140,14009,'1176234',1561
140,14009,'1176326',1562
140,14009,'1176364',1563
140,14009,'1176418',1564
140,14009,'1176520',1565
140,14009,'1176613',1566
140,14009,'1176636',1567
140,14009,'1176678',1568
150,15009,'1175719',1569
150,15009,'1175730',1570
150,15009,'1175737',1571
150,15009,'1175828',1572
150,15009,'1175835',1573
150,15009,'1175924',1574
150,15009,'1175955',1575
150,15009,'1176009',1576
150,15009,'1176045',1577
150,15009,'1176048',1578
150,15009,'1176107',1579
150,15009,'1176230',1580
150,15009,'1176262',1581
150,15009,'1176301',1582
150,15009,'1176306',1583
150,15009,'1176568',1584
150,15009,'1176632',1585
150,15009,'1176645',1586
160,16009,'1175714',1587
160,16009,'1175859',1588
160,16009,'1176087',1589
160,16009,'1176112',1590
160,16009,'1176128',1591
160,16009,'1176136',1592
160,16009,'1176235',1593
160,16009,'1176236',1594
160,16009,'1176272',1595
160,16009,'1176282',1596
160,16009,'1176290',1597
160,16009,'1176390',1598
160,16009,'1176410',1599
160,16009,'1176528',1600
160,16009,'1176535',1601
160,16009,'1176572',1602
160,16009,'1176585',1603
160,16009,'1176682',1604
200,20009,'1175879',1605
200,20009,'1175886',1606
200,20009,'1175940',1607
200,20009,'1176006',1608
200,20009,'1176032',1609
200,20009,'1176110',1610
200,20009,'1176195',1611
200,20009,'1176265',1612
200,20009,'1176319',1613
200,20009,'1176370',1614
200,20009,'1176398',1615
200,20009,'1176408',1616
200,20009,'1176412',1617
200,20009,'1176425',1618
200,20009,'1176469',1619
200,20009,'1176512',1620
200,20009,'1176525',1621
200,20009,'1176552',1622
200,20009,'1176647',1623
216,21609,'1175813',1624
216,21609,'1175831',1625
216,21609,'1175857',1626
216,21609,'1175869',1627
216,21609,'1175916',1628
216,21609,'1175929',1629
216,21609,'1175966',1630
216,21609,'1175997',1631
216,21609,'1175998',1632
216,21609,'1176028',1633
216,21609,'1176037',1634
216,21609,'1176041',1635
216,21609,'1176046',1636
216,21609,'1176054',1637
216,21609,'1176067',1638
216,21609,'1176111',1639
216,21609,'1176200',1640
216,21609,'1176207',1641
216,21609,'1176218',1642
216,21609,'1176289',1643
216,21609,'1176352',1644
216,21609,'1176395',1645
216,21609,'1176414',1646
216,21609,'1176430',1647
216,21609,'1176454',1648
216,21609,'1176460',1649
216,21609,'1176467',1650
216,21609,'1176534',1651
216,21609,'1176553',1652
216,21609,'1176576',1653
216,21609,'1176651',1654
216,21609,'1176656',1655
216,21609,'1176659',1656
216,21609,'1176663',1657
216,21609,'1176665',1658
216,21609,'1176686',1659
216,21609,'1176690',1660
300,30009,'1175721',1661
300,30009,'1175727',1662
300,30009,'1175731',1663
300,30009,'1175735',1664
300,30009,'1175749',1665
300,30009,'1175758',1666
300,30009,'1175761',1667
300,30009,'1175764',1668
300,30009,'1175780',1669
300,30009,'1175796',1670
300,30009,'1175817',1671
300,30009,'1175867',1672
300,30009,'1175878',1673
300,30009,'1175884',1674
300,30009,'1175895',1675
300,30009,'1175903',1676
300,30009,'1175906',1677
300,30009,'1175911',1678
300,30009,'1175920',1679
300,30009,'1175934',1680
300,30009,'1175956',1681
300,30009,'1175959',1682
300,30009,'1175964',1683
300,30009,'1175968',1684
300,30009,'1175972',1685
300,30009,'1175993',1686
300,30009,'1176011',1687
300,30009,'1176018',1688
300,30009,'1176021',1689
300,30009,'1176022',1690
300,30009,'1176029',1691
300,30009,'1176035',1692
300,30009,'1176061',1693
300,30009,'1176062',1694
300,30009,'1176077',1695
300,30009,'1176102',1696
300,30009,'1176118',1697
300,30009,'1176121',1698
300,30009,'1176144',1699
300,30009,'1176164',1700
300,30009,'1176165',1701
300,30009,'1176173',1702
300,30009,'1176174',1703
300,30009,'1176189',1704
300,30009,'1176197',1705
300,30009,'1176210',1706
300,30009,'1176212',1707
300,30009,'1176214',1708
300,30009,'1176220',1709
300,30009,'1176232',1710
300,30009,'1176233',1711
300,30009,'1176253',1712
300,30009,'1176257',1713
300,30009,'1176298',1714
300,30009,'1176304',1715
300,30009,'1176325',1716
300,30009,'1176329',1717
300,30009,'1176333',1718
300,30009,'1176363',1719
300,30009,'1176388',1720
300,30009,'1176397',1721
300,30009,'1176404',1722
300,30009,'1176405',1723
300,30009,'1176427',1724
300,30009,'1176439',1725
300,30009,'1176451',1726
300,30009,'1176455',1727
300,30009,'1176456',1728
300,30009,'1176459',1729
300,30009,'1176480',1730
300,30009,'1176489',1731
300,30009,'1176494',1732
300,30009,'1176499',1733
300,30009,'1176503',1734
300,30009,'1176511',1735
300,30009,'1176516',1736
300,30009,'1176560',1737
300,30009,'1176569',1738
300,30009,'1176582',1739
300,30009,'1176588',1740
300,30009,'1176633',1741
300,30009,'1176649',1742
140010,14001009,'1175755',1743
140010,14001009,'1175787',1744
140010,14001009,'1175798',1745
140010,14001009,'1175806',1746
140010,14001009,'1175810',1747
140010,14001009,'1175825',1748
140010,14001009,'1175826',1749
140010,14001009,'1175836',1750
140010,14001009,'1175840',1751
140010,14001009,'1175865',1752
140010,14001009,'1175890',1753
140010,14001009,'1175905',1754
140010,14001009,'1175937',1755
140010,14001009,'1175943',1756
140010,14001009,'1175962',1757
140010,14001009,'1175995',1758
140010,14001009,'1176008',1759
140010,14001009,'1176017',1760
140010,14001009,'1176075',1761
140010,14001009,'1176104',1762
140010,14001009,'1176141',1763
140010,14001009,'1176158',1764
140010,14001009,'1176181',1765
140010,14001009,'1176198',1766
140010,14001009,'1176208',1767
140010,14001009,'1176215',1768
140010,14001009,'1176225',1769
140010,14001009,'1176249',1770
140010,14001009,'1176269',1771
140010,14001009,'1176278',1772
140010,14001009,'1176300',1773
140010,14001009,'1176311',1774
140010,14001009,'1176346',1775
140010,14001009,'1176365',1776
140010,14001009,'1176376',1777
140010,14001009,'1176382',1778
140010,14001009,'1176449',1779
140010,14001009,'1176452',1780
140010,14001009,'1176545',1781
140010,14001009,'1176551',1782
140010,14001009,'1176579',1783
140010,14001009,'1176580',1784
140010,14001009,'1176607',1785
140010,14001009,'1176612',1786
140010,14001009,'1176628',1787
140010,14001009,'1176653',1788
140012,14001209,'1175718',1789
140012,14001209,'1175861',1790
140012,14001209,'1175900',1791
140012,14001209,'1175913',1792
140012,14001209,'1175915',1793
140012,14001209,'1175917',1794
140012,14001209,'1175919',1795
140012,14001209,'1175938',1796
140012,14001209,'1175939',1797
140012,14001209,'1175983',1798
140012,14001209,'1176007',1799
140012,14001209,'1176012',1800
140012,14001209,'1176069',1801
140012,14001209,'1176070',1802
140012,14001209,'1176091',1803
140012,14001209,'1176100',1804
140012,14001209,'1176103',1805
140012,14001209,'1176117',1806
140012,14001209,'1176122',1807
140012,14001209,'1176163',1808
140012,14001209,'1176213',1809
140012,14001209,'1176217',1810
140012,14001209,'1176245',1811
140012,14001209,'1176255',1812
140012,14001209,'1176275',1813
140012,14001209,'1176323',1814
140012,14001209,'1176336',1815
140012,14001209,'1176343',1816
140012,14001209,'1176354',1817
140012,14001209,'1176378',1818
140012,14001209,'1176401',1819
140012,14001209,'1176411',1820
140012,14001209,'1176440',1821
140012,14001209,'1176458',1822
140012,14001209,'1176470',1823
140012,14001209,'1176472',1824
140012,14001209,'1176483',1825
140012,14001209,'1176488',1826
140012,14001209,'1176515',1827
140012,14001209,'1176526',1828
140012,14001209,'1176532',1829
140012,14001209,'1176546',1830
140012,14001209,'1176594',1831
140012,14001209,'1176599',1832
140012,14001209,'1176626',1833
140012,14001209,'1176676',1834
140014,14001409,'1175733',1835
140014,14001409,'1175775',1836
140014,14001409,'1175776',1837
140014,14001409,'1175786',1838
140014,14001409,'1175790',1839
140014,14001409,'1175803',1840
140014,14001409,'1175809',1841
140014,14001409,'1175820',1842
140014,14001409,'1175821',1843
140014,14001409,'1175838',1844
140014,14001409,'1175856',1845
140014,14001409,'1175876',1846
140014,14001409,'1175893',1847
140014,14001409,'1175894',1848
140014,14001409,'1175902',1849
140014,14001409,'1175961',1850
140014,14001409,'1175973',1851
140014,14001409,'1175975',1852
140014,14001409,'1175979',1853
140014,14001409,'1175999',1854
140014,14001409,'1176001',1855
140014,14001409,'1176014',1856
140014,14001409,'1176036',1857
140014,14001409,'1176047',1858
140014,14001409,'1176050',1859
140014,14001409,'1176071',1860
140014,14001409,'1176160',1861
140014,14001409,'1176250',1862
140014,14001409,'1176268',1863
140014,14001409,'1176283',1864
140014,14001409,'1176287',1865
140014,14001409,'1176308',1866
140014,14001409,'1176314',1867
140014,14001409,'1176357',1868
140014,14001409,'1176393',1869
140014,14001409,'1176423',1870
140014,14001409,'1176464',1871
140014,14001409,'1176476',1872
140014,14001409,'1176485',1873
140014,14001409,'1176522',1874
140014,14001409,'1176530',1875
140014,14001409,'1176556',1876
140014,14001409,'1176558',1877
140014,14001409,'1176598',1878
140014,14001409,'1176631',1879
140014,14001409,'1176643',1880
140014,14001409,'1176681',1881
140016,14001609,'1175722',1882
140016,14001609,'1175752',1883
140016,14001609,'1175760',1884
140016,14001609,'1175799',1885
140016,14001609,'1175804',1886
140016,14001609,'1175852',1887
140016,14001609,'1175908',1888
140016,14001609,'1175922',1889
140016,14001609,'1175936',1890
140016,14001609,'1175982',1891
140016,14001609,'1175986',1892
140016,14001609,'1175988',1893
140016,14001609,'1175989',1894
140016,14001609,'1176010',1895
140016,14001609,'1176015',1896
140016,14001609,'1176131',1897
140016,14001609,'1176168',1898
140016,14001609,'1176170',1899
140016,14001609,'1176241',1900
140016,14001609,'1176247',1901
140016,14001609,'1176270',1902
140016,14001609,'1176280',1903
140016,14001609,'1176296',1904
140016,14001609,'1176309',1905
140016,14001609,'1176320',1906
140016,14001609,'1176374',1907
140016,14001609,'1176381',1908
140016,14001609,'1176402',1909
140016,14001609,'1176421',1910
140016,14001609,'1176486',1911
140016,14001609,'1176492',1912
140016,14001609,'1176495',1913
140016,14001609,'1176500',1914
140016,14001609,'1176504',1915
140016,14001609,'1176510',1916
140016,14001609,'1176518',1917
140016,14001609,'1176524',1918
140016,14001609,'1176533',1919
140016,14001609,'1176549',1920
140016,14001609,'1176577',1921
140016,14001609,'1176584',1922
140016,14001609,'1176593',1923
140016,14001609,'1176602',1924
140016,14001609,'1176610',1925
140016,14001609,'1176621',1926
140016,14001609,'1176627',1927
140016,14001609,'1176666',1928
140016,14001609,'1176671',1929
190011,19001109,'1175757',1930
190011,19001109,'1175788',1931
190011,19001109,'1175797',1932
190011,19001109,'1175800',1933
190011,19001109,'1175811',1934
190011,19001109,'1175846',1935
190011,19001109,'1175854',1936
190011,19001109,'1175866',1937
190011,19001109,'1175873',1938
190011,19001109,'1175889',1939
190011,19001109,'1175960',1940
190011,19001109,'1175976',1941
190011,19001109,'1175990',1942
190011,19001109,'1176025',1943
190011,19001109,'1176026',1944
190011,19001109,'1176076',1945
190011,19001109,'1176086',1946
190011,19001109,'1176114',1947
190011,19001109,'1176152',1948
190011,19001109,'1176229',1949
190011,19001109,'1176246',1950
190011,19001109,'1176315',1951
190011,19001109,'1176316',1952
190011,19001109,'1176317',1953
190011,19001109,'1176322',1954
190011,19001109,'1176337',1955
190011,19001109,'1176344',1956
190011,19001109,'1176353',1957
190011,19001109,'1176386',1958
190011,19001109,'1176406',1959
190011,19001109,'1176429',1960
190011,19001109,'1176444',1961
190011,19001109,'1176445',1962
190011,19001109,'1176478',1963
190011,19001109,'1176509',1964
190011,19001109,'1176517',1965
190011,19001109,'1176557',1966
190011,19001109,'1176559',1967
190011,19001109,'1176563',1968
190011,19001109,'1176570',1969
190011,19001109,'1176581',1970
190011,19001109,'1176586',1971
190011,19001109,'1176595',1972
190011,19001109,'1176605',1973
190011,19001109,'1176616',1974
190011,19001109,'1176620',1975
190011,19001109,'1176668',1976
190011,19001109,'1176674',1977
190013,19001309,'1175728',1978
190013,19001309,'1175734',1979
190013,19001309,'1175770',1980
190013,19001309,'1175814',1981
190013,19001309,'1175816',1982
190013,19001309,'1175833',1983
190013,19001309,'1175860',1984
190013,19001309,'1175862',1985
190013,19001309,'1175891',1986
190013,19001309,'1175892',1987
190013,19001309,'1175985',1988
190013,19001309,'1175994',1989
190013,19001309,'1176023',1990
190013,19001309,'1176034',1991
190013,19001309,'1176044',1992
190013,19001309,'1176064',1993
190013,19001309,'1176125',1994
190013,19001309,'1176139',1995
190013,19001309,'1176167',1996
190013,19001309,'1176182',1997
190013,19001309,'1176185',1998
190013,19001309,'1176187',1999
190013,19001309,'1176196',2000
190013,19001309,'1176261',2001
190013,19001309,'1176277',2002
190013,19001309,'1176318',2003
190013,19001309,'1176331',2004
190013,19001309,'1176338',2005
190013,19001309,'1176348',2006
190013,19001309,'1176367',2007
190013,19001309,'1176387',2008
190013,19001309,'1176389',2009
190013,19001309,'1176392',2010
190013,19001309,'1176394',2011
190013,19001309,'1176446',2012
190013,19001309,'1176462',2013
190013,19001309,'1176473',2014
190013,19001309,'1176527',2015
190013,19001309,'1176539',2016
190013,19001309,'1176543',2017
190013,19001309,'1176550',2018
190013,19001309,'1176567',2019
190013,19001309,'1176597',2020
190013,19001309,'1176614',2021
190013,19001309,'1176638',2022
190013,19001309,'1176660',2023
190015,19001509,'1175715',2024
190015,19001509,'1175729',2025
190015,19001509,'1175736',2026
190015,19001509,'1175740',2027
190015,19001509,'1175741',2028
190015,19001509,'1175769',2029
190015,19001509,'1175774',2030
190015,19001509,'1175778',2031
190015,19001509,'1175793',2032
190015,19001509,'1175801',2033
190015,19001509,'1175845',2034
190015,19001509,'1175897',2035
190015,19001509,'1175899',2036
190015,19001509,'1175907',2037
190015,19001509,'1175925',2038
190015,19001509,'1175932',2039
190015,19001509,'1175953',2040
190015,19001509,'1175965',2041
190015,19001509,'1175967',2042
190015,19001509,'1175996',2043
190015,19001509,'1176000',2044
190015,19001509,'1176049',2045
190015,19001509,'1176055',2046
190015,19001509,'1176057',2047
190015,19001509,'1176073',2048
190015,19001509,'1176074',2049
190015,19001509,'1176085',2050
190015,19001509,'1176090',2051
190015,19001509,'1176092',2052
190015,19001509,'1176093',2053
190015,19001509,'1176105',2054
190015,19001509,'1176238',2055
190015,19001509,'1176266',2056
190015,19001509,'1176293',2057
190015,19001509,'1176328',2058
190015,19001509,'1176335',2059
190015,19001509,'1176340',2060
190015,19001509,'1176355',2061
190015,19001509,'1176358',2062
190015,19001509,'1176362',2063
190015,19001509,'1176426',2064
190015,19001509,'1176434',2065
190015,19001509,'1176450',2066
190015,19001509,'1176496',2067
190015,19001509,'1176536',2068
190015,19001509,'1176537',2069
190015,19001509,'1176684',2070
190015,19001509,'1176689',2071
190017,19001709,'1175717',2072
190017,19001709,'1175742',2073
190017,19001709,'1175751',2074
190017,19001709,'1175777',2075
190017,19001709,'1175789',2076
190017,19001709,'1175830',2077
190017,19001709,'1175877',2078
190017,19001709,'1175947',2079
190017,19001709,'1175951',2080
190017,19001709,'1175978',2081
190017,19001709,'1176042',2082
190017,19001709,'1176052',2083
190017,19001709,'1176058',2084
190017,19001709,'1176065',2085
190017,19001709,'1176099',2086
190017,19001709,'1176116',2087
190017,19001709,'1176119',2088
190017,19001709,'1176120',2089
190017,19001709,'1176124',2090
190017,19001709,'1176130',2091
190017,19001709,'1176156',2092
190017,19001709,'1176161',2093
190017,19001709,'1176166',2094
190017,19001709,'1176201',2095
190017,19001709,'1176209',2096
190017,19001709,'1176252',2097
190017,19001709,'1176264',2098
190017,19001709,'1176273',2099
190017,19001709,'1176297',2100
190017,19001709,'1176303',2101
190017,19001709,'1176312',2102
190017,19001709,'1176349',2103
190017,19001709,'1176380',2104
190017,19001709,'1176415',2105
190017,19001709,'1176420',2106
190017,19001709,'1176468',2107
190017,19001709,'1176482',2108
190017,19001709,'1176513',2109
190017,19001709,'1176547',2110
190017,19001709,'1176554',2111
190017,19001709,'1176592',2112
190017,19001709,'1176601',2113
190017,19001709,'1176617',2114
190017,19001709,'1176629',2115
190017,19001709,'1176637',2116
190017,19001709,'1176640',2117
190017,19001709,'1176655',2118
190017,19001709,'1176661',2119
