14009,'1142164',1149,,765,34,0,5 6 7,0
14009,'1142187',1449,,767,34,0,5 6 7,0
14009,'1142323',1649,,768,34,0,5 6 7,0
14009,'1142325',1802,,769,34,0,5 6 7,0
14009,'1142341',1249,,770,34,0,5 6 7,0
14009,'1142386',949,,773,34,0,5 6 7,0
14009,'1142559',1549,,776,34,0,5 6 7,0
14009,'1142645',1349,,778,34,0,5 6 7,0
14009,'1142708',1049,,780,34,0,5 6 7,0
14001409,'1142132',1232,,967,40,,,0
14001409,'1142141',932,,968,40,,,0
14001409,'1142149',1732,,969,40,,,0
14001409,'1142155',1230,,970,40,,,0
14001409,'1142175',1330,,971,40,,,0
14001409,'1142179',1502,,972,40,,,0
14001409,'1142200',1432,,973,40,,,0
14001409,'1142203',2230,,974,40,,,0
14001409,'1142206',1930,,975,40,,,0
14001409,'1142211',802,,976,40,,,0
14001409,'1142248',702,,977,19,,,0
14001409,'1142253',1032,,978,40,,,0
14001409,'1142257',2030,,979,40,,,0
14001409,'1142272',1932,,980,40,,,0
14001409,'1142298',930,,981,40,,,0
14001409,'1142299',1730,,982,40,,,0
14001409,'1142338',1630,,983,40,,,0
14001409,'1142361',2130,,984,40,,,0
14001409,'1142371',1302,,985,40,,,0
14001409,'1142372',730,,986,19,,,0
14001409,'1142373',1802,,987,40,,,0
14001409,'1142381',2132,,988,40,,,0
14001409,'1142416',732,,989,40,,,0
14001409,'1142418',1532,,990,40,,,0
14001409,'1142456',1130,,992,40,,,0
14001409,'1142477',1202,,993,40,,,0
14001409,'1142481',1702,,994,40,,,0
14001409,'1142488',1602,,995,40,,,0
14001409,'1142526',1332,,996,40,,,0
14001409,'1142544',630,,997,12,,,0
14001409,'1142560',1530,,998,40,,,0
14001409,'1142562',1430,,999,40,,,0
14001409,'1142611',1402,,1000,40,,,0
14001409,'1142629',1002,,1001,40,,,0
14001409,'1142639',1830,,1002,40,,,0
14001409,'1142654',1632,,1003,40,,,0
14001409,'1142701',832,,1004,40,,,0
14001409,'1142714',1030,,1005,40,,,0
14001409,'1142737',632,,1006,12,,,0
14001409,'1142752',2032,,1007,40,,,0
14001409,'1142757',830,,1008,40,,,0
14001409,'1142821',2232,,1009,40,,,0
14001409,'1142851',1132,,1010,40,,,0
14001409,'1142870',1102,,1011,40,,,0
14001409,'1142874',1832,,1012,40,,,0
14001409,'1142883',902,,1013,40,,,0
