19001109,'1142212',1249,,1065,7,,,0
19001109,'1142345',1149,,1078,7,,,0
19001109,'1142412',1349,,1081,7,,,0
19001109,'1142503',1349,,1086,7,,,0
19001109,'1142554',1449,,1091,7,,,0
19001109,'1142583',1049,,1094,7,,,0
19001109,'1142588',1149,,1095,7,,,0
19001109,'1142664',1449,,1098,7,,,0
19001109,'1142756',1549,,1101,7,,,0
19001109,'1142845',1049,,1106,7,,,0
19001109,'1142860',1249,,1107,7,,,0
19001109,'1142880',1549,,1108,7,,,0
19001109,'1175791',2049,,1347,7,,,0
19001109,'1175792',1849,,1348,7,,,0
19001109,'1175853',1849,,1349,7,,,0
19001109,'1175887',1719,,1350,7,,,0
19001109,'1175950',649,,1351,7,,,0
19001109,'1175987',749,,1352,7,,,0
19001109,'1175992',1749,,1353,7,,,0
19001109,'1176020',649,,1354,7,,,0
19001109,'1176179',1749,,1355,7,,,0
19001109,'1176193',1949,,1356,7,,,0
19001109,'1176227',2049,,1357,7,,,0
19001109,'1176244',1649,,1358,7,,,0
19001109,'1176256',819,,1359,7,,,0
19001109,'1176310',849,,1360,7,,,0
19001109,'1176359',1949,,1361,7,,,0
19001109,'1176409',2244,,1362,7,0,12,0
19001109,'1176413',919,,1363,7,,,0
19001109,'1176424',949,,1364,7,,,0
19001109,'1176436',949,,1365,7,,,0
19001109,'1176437',849,,1366,7,,,0
19001109,'1176447',2244,,1367,7,0,12,0
19001109,'1176477',1649,,1368,7,,,0
19001109,'1176498',719,,1369,7,,,0
19001109,'1176505',2149,,1370,7,,,0
19001109,'1176514',749,,1371,7,,,0
19001109,'1176571',2149,,1372,7,,,0
19001109,'1176619',1819,,1373,7,0,8 21,0
