15009,'1083721',1542,,110,9,,,0
15009,'1083780',1642,,112,9,,,0
15009,'1083782',1042,,113,9,,,0
15009,'1083851',1342,,115,9,,,0
15009,'1083866',942,,116,9,,,0
15009,'1083979',1742,,120,9,,,0
15009,'1084055',1442,,122,9,,,0
15009,'1084180',1142,,123,9,,,0
15009,'1084305',1242,,126,9,,,0
14001409,'1083698',1459,,294,19,,,0
14001409,'1083768',1859,,295,19,,,0
14001409,'1083799',1759,,296,19,,,0
14001409,'1083819',759,,297,19,,,0
14001409,'1083823',859,,298,19,,,0
14001409,'1083831',759,,299,19,,,0
14001409,'1083885',2059,,300,19,,,0
14001409,'1083889',959,,301,19,,,0
14001409,'1083899',1959,,302,19,,,0
14001409,'1083923',1559,,303,19,,,0
14001409,'1083934',929,,304,19,,,0
14001409,'1083938',1629,,305,19,,,0
14001409,'1083968',1159,,307,19,,,0
14001409,'1083996',1159,,309,19,,,0
14001409,'1083997',1659,,310,19,,,0
14001409,'1084002',1659,,311,19,,,0
14001409,'1084035',1129,,312,19,,,0
14001409,'1084095',1259,,314,19,,,0
14001409,'1084113',1829,,315,19,0,8 9,0
14001409,'1084114',1359,,316,19,,,0
14001409,'1084134',1359,,317,19,,,0
14001409,'1084143',1259,,318,19,,,0
14001409,'1084149',729,,319,19,,,0
14001409,'1084161',859,,320,19,,,0
14001409,'1084166',2059,,321,19,,,0
14001409,'1084175',1959,,322,19,,,0
14001409,'1084192',1859,,323,19,,,0
14001409,'1084194',2159,,324,19,,,0
14001409,'1084212',1429,,325,19,,,0
14001409,'1084214',659,,326,19,,,0
14001409,'1084230',1329,,327,19,,,0
14001409,'1084248',1729,,328,19,,,0
14001409,'1084252',1459,,330,19,,,0
14001409,'1084256',1059,,331,19,,,0
14001409,'1084258',1059,,332,19,,,0
14001409,'1084269',2159,,333,19,,,0
14001409,'1084304',829,,334,19,,,0
14001409,'1084306',1029,,335,19,,,0
14001409,'1084326',1529,,336,19,,,0
14001409,'1084330',959,,337,19,,,0
14001409,'1084354',1229,,338,19,,,0
14001409,'1084355',1759,,339,19,,,0
14001409,'1084374',1559,,340,19,,,0
