19001709,'1142303',1358,,1211,14,,,0
19001709,'1142346',1558,,1214,14,,,0
19001709,'1142490',1158,,1221,14,,,0
19001709,'1142572',1058,,1231,14,,,0
19001709,'1142636',628,,1236,14,,,0
19001709,'1142727',1458,,1242,14,,,0
19001709,'1142751',1258,,1245,14,,,0
19001709,'1175723',928,,1419,47,,,0
19001709,'1175748',958,,1420,47,,,0
19001709,'1175763',1128,,1421,47,,,0
19001709,'1175781',1028,,1422,47,,,0
19001709,'1175795',758,,1423,47,,,0
19001709,'1175819',2128,,1424,47,,,0
19001709,'1175858',1928,,1425,47,,,0
19001709,'1175912',1828,,1427,47,,,0
19001709,'1175946',2128,,1428,47,,,0
19001709,'1176002',1428,,1429,47,,,0
19001709,'1176147',2028,,1431,47,,,0
19001709,'1176151',1528,,1432,47,,,0
19001709,'1176162',1228,,1433,47,,,0
19001709,'1176204',1628,,1434,47,,,0
19001709,'1176288',828,,1435,47,,,0
19001709,'1176339',1728,,1436,47,,,0
19001709,'1176366',728,,1437,47,,,0
19001709,'1176369',1628,,1438,47,,,0
19001709,'1176400',1128,,1439,47,,,0
19001709,'1176416',1928,,1440,47,,,0
19001709,'1176419',928,,1441,47,,,0
19001709,'1176422',1528,,1442,47,,,0
19001709,'1176428',1658,,1443,47,,,0
19001709,'1176461',1758,,1444,47,,,0
19001709,'1176465',2028,,1445,47,,,0
19001709,'1176481',1428,,1447,47,,,0
19001709,'1176493',658,,1448,47,,,0
19001709,'1176540',1028,,1449,47,,,0
19001709,'1176561',1728,,1450,47,,,0
19001709,'1176587',828,,1451,47,,,0
19001709,'1176600',1328,,1452,47,,,0
19001709,'1176606',1328,,1453,47,,,0
19001709,'1176634',728,,1454,47,,,0
19001709,'1176635',858,,1455,47,,,0
19001709,'1176664',1228,,1457,47,,,0
19001709,'1176670',1828,,1458,47,,,0
