19001109,'1142212',1328,,1065,44,,,0
19001109,'1142241',1658,,1066,20,,,0
19001109,'1142263',628,,1072,23,,,0
19001109,'1142345',1228,,1078,44,,,0
19001109,'1142412',1428,,1081,44,,,0
19001109,'1142429',658,,1082,20,,,0
19001109,'1142436',1158,,1083,20,,,0
19001109,'1142503',1428,,1086,44,,,0
19001109,'1142533',1258,,1088,20,,,0
19001109,'1142554',1528,,1091,44,,,0
19001109,'1142579',1558,,1092,20,,,0
19001109,'1142582',1358,,1093,20,,,0
19001109,'1142583',1128,,1094,44,,,0
19001109,'1142588',1228,,1095,44,,,0
19001109,'1142606',1058,,1096,20,,,0
19001109,'1142664',1528,,1098,44,,,0
19001109,'1142729',1458,,1100,20,,,0
19001109,'1142756',1628,,1101,44,,,0
19001109,'1142845',1128,,1106,44,,,0
19001109,'1142860',1328,,1107,44,,,0
19001109,'1142880',1628,,1108,44,,,0
19001109,'1175791',2128,,1347,44,,,0
19001109,'1175792',1928,,1348,44,,,0
19001109,'1175853',1928,,1349,44,,,0
19001109,'1175887',1758,,1350,44,,,0
19001109,'1175950',728,,1351,44,,,0
19001109,'1175987',828,,1352,44,,,0
19001109,'1175992',1828,,1353,44,,,0
19001109,'1176020',728,,1354,44,,,0
19001109,'1176179',1828,,1355,44,,,0
19001109,'1176193',2028,,1356,44,,,0
19001109,'1176227',2128,,1357,44,,,0
19001109,'1176244',1728,,1358,44,,,0
19001109,'1176256',858,,1359,44,,,0
19001109,'1176310',928,,1360,44,,,0
19001109,'1176359',2028,,1361,44,,,0
19001109,'1176413',958,,1363,44,,,0
19001109,'1176424',1028,,1364,44,,,0
19001109,'1176436',1028,,1365,44,,,0
19001109,'1176437',928,,1366,44,,,0
19001109,'1176477',1728,,1368,44,,,0
19001109,'1176498',758,,1369,44,,,0
19001109,'1176505',2228,,1370,44,,,0
19001109,'1176514',828,,1371,44,,,0
19001109,'1176571',2228,,1372,44,,,0
