16009,'1175714',1306,,1587,17,,,0
16009,'1176136',1006,,1592,17,,,0
16009,'1176272',1406,,1595,17,,,0
16009,'1176282',906,,1596,17,,,0
16009,'1176290',1706,,1597,17,,,0
16009,'1176390',1206,,1598,17,,,0
16009,'1176528',1506,,1600,17,,,0
16009,'1176535',1606,,1601,17,,,0
16009,'1176682',1106,,1604,17,,,0
21609,'1175813',1928,,1624,19,,,0
21609,'1175831',731,,1625,20,,,0
21609,'1175857',1701,,1626,20,,,0
21609,'1175869',1731,,1627,20,,,0
21609,'1175916',1558,,1628,19,,,0
21609,'1175929',1328,,1629,19,,,0
21609,'1175966',1728,,1630,19,,,0
21609,'1175997',2128,,1631,19,,,0
21609,'1175998',928,,1632,19,,,0
21609,'1176028',1028,,1633,19,,,0
21609,'1176037',1828,,1634,19,,,0
21609,'1176041',1828,,1635,19,,,0
21609,'1176046',728,,1636,19,,,0
21609,'1176054',1631,,1637,20,,,0
21609,'1176067',701,,1638,20,,,0
21609,'1176111',1128,,1639,19,,,0
21609,'1176200',1428,,1640,19,,,0
21609,'1176207',2128,,1641,19,,,0
21609,'1176218',1128,,1642,19,,,0
21609,'1176289',1028,,1643,19,,,0
21609,'1176352',1228,,1644,19,,,0
21609,'1176395',1928,,1645,19,,,0
21609,'1176414',2028,,1646,19,,,0
21609,'1176430',1758,,1647,19,,,0
21609,'1176454',1628,,1648,19,,,0
21609,'1176460',828,,1649,19,,,0
21609,'1176467',1528,,1650,19,,,0
21609,'1176534',628,,1651,19,,,0
21609,'1176553',1228,,1652,19,,,0
21609,'1176576',928,,1653,19,,,0
21609,'1176651',828,,1654,19,,,0
21609,'1176656',1528,,1655,19,,,0
21609,'1176659',1428,,1656,19,,,0
21609,'1176663',1328,,1657,19,,,0
21609,'1176665',858,,1658,19,,,0
21609,'1176686',2028,,1659,19,,,0
21609,'1176690',758,,1660,19,,,0
