20009,'1083751',1111,,148,28,0,10 11,0
20009,'1083778',1611,,150,28,0,10 11,0
20009,'1083891',1011,,151,28,0,10 11,0
20009,'1083902',1803,,153,28,0,10 11,0
20009,'1084006',1211,,156,28,0,10 11,0
20009,'1084065',1511,,157,28,0,10 11,0
20009,'1084067',1711,,158,28,0,10 11,0
20009,'1084217',1411,,161,28,0,10 11,0
20009,'1084378',1311,,164,28,0,10 11,0
19001509,'1083702',1424,,487,16,,,0
19001509,'1083710',1554,,488,16,,,0
19001509,'1083729',1154,,489,16,,,0
19001509,'1083731',824,,490,16,,,0
19001509,'1083760',1954,,491,16,,,0
19001509,'1083772',754,,492,16,,,0
19001509,'1083789',1524,,493,16,,,0
19001509,'1083800',2054,,494,16,,,0
19001509,'1083805',1224,,495,16,,,0
19001509,'1083822',1324,,496,16,,,0
19001509,'1083829',1754,,497,16,,,0
19001509,'1083830',1354,,498,16,,,0
19001509,'1083852',2154,,499,16,0,12,0
19001509,'1083856',1854,,500,16,,,0
19001509,'1083862',1554,,501,16,,,0
19001509,'1083872',1054,,502,16,,,0
19001509,'1083875',2254,,503,16,0,12,0
19001509,'1083878',924,,504,16,,,0
19001509,'1083886',954,,505,16,,,0
19001509,'1083890',1154,,506,16,,,0
19001509,'1083898',1654,,507,16,,,0
19001509,'1083964',1724,,509,16,,,0
19001509,'1084023',654,,510,16,,,0
19001509,'1084031',654,,511,16,,,0
19001509,'1084038',1024,,512,16,,,0
19001509,'1084062',1754,,513,16,,,0
19001509,'1084080',1954,,514,16,,,0
19001509,'1084094',2054,,515,16,,,0
19001509,'1084116',1354,,516,16,,,0
19001509,'1084135',724,,517,16,,,0
19001509,'1084184',1254,,518,16,,,0
19001509,'1084188',1054,,519,16,,,0
19001509,'1084197',1854,,520,16,,,0
19001509,'1084202',1454,,521,16,,,0
19001509,'1084225',754,,522,16,,,0
19001509,'1084228',1454,,523,16,,,0
19001509,'1084234',1824,,524,16,0,12,0
19001509,'1084246',1124,,525,16,,,0
19001509,'1084266',854,,526,16,,,0
19001509,'1084275',2154,,527,16,0,12,0
19001509,'1084278',2254,,528,16,0,12,0
19001509,'1084332',1624,,530,16,,,0
19001509,'1084358',1654,,531,16,,,0
19001509,'1084364',854,,532,16,,,0
19001509,'1084377',954,,533,16,,,0
19001509,'1084382',1254,,534,16,,,0
