14009,'1175812',1809,,1554,39,,,0
14009,'1175822',1056,,1555,39,,,0
14009,'1175823',1656,,1556,39,,,0
14009,'1175927',1356,,1558,39,,,0
14009,'1176135',956,,1559,39,,,0
14009,'1176326',1156,,1562,39,,,0
14009,'1176364',1456,,1563,39,,,0
14009,'1176520',1556,,1565,39,,,0
14009,'1176678',1256,,1568,39,,,0
14001409,'1175733',1937,,1835,45,,,0
14001409,'1175775',1237,,1836,45,,,0
14001409,'1175776',2135,,1837,45,,,0
14001409,'1175786',2035,,1838,45,,,0
14001409,'1175790',1637,,1839,45,,,0
14001409,'1175803',1437,,1840,45,,,0
14001409,'1175809',1007,,1841,45,,,0
14001409,'1175820',1537,,1842,45,,,0
14001409,'1175821',1235,,1843,45,,,0
14001409,'1175838',1207,,1844,45,,,0
14001409,'1175856',1135,,1845,45,,,0
14001409,'1175876',1635,,1846,45,,,0
14001409,'1175893',1935,,1847,45,,,0
14001409,'1175894',1807,,1848,45,,,0
14001409,'1175902',1707,,1849,45,,,0
14001409,'1175961',1337,,1850,45,,,0
14001409,'1175973',935,,1851,45,,,0
14001409,'1175975',1837,,1852,45,,,0
14001409,'1175999',907,,1854,45,,,0
14001409,'1176001',1107,,1855,45,,,0
14001409,'1176014',1137,,1856,45,,,0
14001409,'1176036',807,,1857,45,,,0
14001409,'1176047',1435,,1858,45,,,0
14001409,'1176050',2137,,1859,45,,,0
14001409,'1176071',1307,,1860,45,,,0
14001409,'1176160',1737,,1861,45,,,0
14001409,'1176250',835,,1862,45,,,0
14001409,'1176268',2237,,1863,45,,,0
14001409,'1176283',1407,,1864,45,,,0
14001409,'1176287',635,,1865,17,,,0
14001409,'1176308',2235,,1866,45,,,0
14001409,'1176314',737,,1867,45,,,0
14001409,'1176357',637,,1868,17,,,0
14001409,'1176393',1035,,1869,45,,,0
14001409,'1176423',837,,1870,45,,,0
14001409,'1176464',707,,1871,24,,,0
14001409,'1176476',1607,,1872,45,,,0
14001409,'1176485',1037,,1873,45,,,0
14001409,'1176522',937,,1874,45,,,0
14001409,'1176530',735,,1875,24,,,0
14001409,'1176556',1735,,1876,45,,,0
14001409,'1176558',1535,,1877,45,,,0
14001409,'1176598',2037,,1878,45,,,0
14001409,'1176631',1335,,1879,45,,,0
14001409,'1176643',1507,,1880,45,,,0
14001409,'1176681',1835,,1881,45,,,0
