15009,'1175719',1715,,1569,23,0,20 15,0
15009,'1175730',1515,,1570,23,0,20 15,0
15009,'1175737',1315,,1571,23,0,20 15,0
15009,'1175828',1415,,1572,23,0,20 15,0
15009,'1175835',1015,,1573,23,0,20 15,0
15009,'1176048',1215,,1578,23,0,20 15,0
15009,'1176230',1615,,1580,23,0,20 15,0
15009,'1176301',915,,1582,23,0,20 15,0
15009,'1176568',1115,,1584,23,0,20 15,0
19001509,'1175715',2136,,2024,43,,,0
19001509,'1175729',1036,,2025,43,,,0
19001509,'1175740',836,,2027,43,,,0
19001509,'1175741',1336,,2028,43,,,0
19001509,'1175778',1806,,2031,43,,,0
19001509,'1175793',1836,,2032,43,,,0
19001509,'1175801',836,,2033,43,,,0
19001509,'1175845',1406,,2034,43,,,0
19001509,'1175897',1506,,2035,43,,,0
19001509,'1175899',1236,,2036,43,,,0
19001509,'1175907',1006,,2037,43,,,0
19001509,'1175925',1636,,2038,43,,,0
19001509,'1175932',1536,,2039,43,,,0
19001509,'1175953',1606,,2040,43,,,0
19001509,'1175965',706,,2041,18,,,0
19001509,'1175967',1106,,2042,43,,,0
19001509,'1175996',1706,,2043,43,,,0
19001509,'1176000',936,,2044,43,,,0
19001509,'1176049',1736,,2045,43,,,0
19001509,'1176055',1936,,2046,43,,,0
19001509,'1176057',1036,,2047,43,,,0
19001509,'1176073',806,,2048,43,,,0
19001509,'1176074',736,,2049,43,,,0
19001509,'1176085',1936,,2050,43,,,0
19001509,'1176090',2136,,2051,43,,,0
19001509,'1176092',1136,,2052,43,,,0
19001509,'1176093',936,,2053,43,,,0
19001509,'1176105',2036,,2054,43,,,0
19001509,'1176238',1536,,2055,43,,,0
19001509,'1176266',1206,,2056,43,,,0
19001509,'1176293',1436,,2057,43,,,0
19001509,'1176328',1306,,2058,43,,,0
19001509,'1176335',2036,,2059,43,,,0
19001509,'1176355',1636,,2061,43,,,0
19001509,'1176358',1336,,2062,43,,,0
19001509,'1176362',1836,,2063,43,,,0
19001509,'1176426',1136,,2064,43,,,0
19001509,'1176450',636,,2066,18,,,0
19001509,'1176496',1436,,2067,43,,,0
19001509,'1176536',736,,2068,43,,,0
19001509,'1176537',906,,2069,43,,,0
19001509,'1176684',1736,,2070,43,,,0
19001509,'1176689',1236,,2071,43,,,0
