15009,'1175719',1659,,1569,4,0,20 15,0
15009,'1175730',1459,,1570,4,0,20 15,0
15009,'1175737',1259,,1571,4,0,20 15,0
15009,'1175828',1359,,1572,4,0,20 15,0
15009,'1175835',959,,1573,4,0,20 15,0
15009,'1176048',1159,,1578,4,0,20 15,0
15009,'1176230',1559,,1580,4,0,20 15,0
15009,'1176301',859,,1582,4,0,20 15,0
15009,'1176568',1059,,1584,4,0,20 15,0
19001509,'1175715',2117,,2024,29,,,0
19001509,'1175729',1017,,2025,29,,,0
19001509,'1175740',817,,2027,29,,,0
19001509,'1175741',1317,,2028,29,,,0
19001509,'1175778',1747,,2031,29,,,0
19001509,'1175793',1817,,2032,29,,,0
19001509,'1175801',817,,2033,29,,,0
19001509,'1175845',1347,,2034,29,,,0
19001509,'1175897',1447,,2035,29,,,0
19001509,'1175899',1217,,2036,29,,,0
19001509,'1175907',947,,2037,29,,,0
19001509,'1175925',1617,,2038,29,,,0
19001509,'1175932',1517,,2039,29,,,0
19001509,'1175953',1547,,2040,29,,,0
19001509,'1175965',647,,2041,4,,,0
19001509,'1175967',1047,,2042,29,,,0
19001509,'1175996',1647,,2043,29,,,0
19001509,'1176000',917,,2044,29,,,0
19001509,'1176049',1717,,2045,29,,,0
19001509,'1176055',1917,,2046,29,,,0
19001509,'1176057',1017,,2047,29,,,0
19001509,'1176073',747,,2048,29,,,0
19001509,'1176074',717,,2049,29,,,0
19001509,'1176085',1917,,2050,29,,,0
19001509,'1176090',2117,,2051,29,,,0
19001509,'1176092',1117,,2052,29,,,0
19001509,'1176093',917,,2053,29,,,0
19001509,'1176105',2017,,2054,29,,,0
19001509,'1176238',1517,,2055,29,,,0
19001509,'1176266',1147,,2056,29,,,0
19001509,'1176293',1417,,2057,29,,,0
19001509,'1176328',1247,,2058,29,,,0
19001509,'1176335',2017,,2059,29,,,0
19001509,'1176355',1617,,2061,29,,,0
19001509,'1176358',1317,,2062,29,,,0
19001509,'1176362',1817,,2063,29,,,0
19001509,'1176426',1117,,2064,29,,,0
19001509,'1176450',617,,2066,4,,,0
19001509,'1176496',1417,,2067,29,,,0
19001509,'1176536',717,,2068,29,,,0
19001509,'1176537',847,,2069,29,,,0
19001509,'1176684',1717,,2070,29,,,0
19001509,'1176689',1217,,2071,29,,,0
