12009,'1175841',1046,,1252,26,0,18 7,0
12009,'1175914',1446,,1254,26,0,18 7,0
12009,'1176038',1146,,1255,26,0,18 7,0
12009,'1176142',1246,,1256,26,0,18 7,0
12009,'1176291',1346,,1260,26,0,18 7,0
12009,'1176342',1546,,1261,26,0,18 7,0
12009,'1176399',1759,,1262,26,0,18 7,0
12009,'1176575',946,,1268,26,0,18 7,0
12009,'1176589',1646,,1269,26,0,18 7,0
14001609,'1175743',720,,1306,27,,,0
14001609,'1175762',820,,1307,27,,,0
14001609,'1175785',1020,,1308,27,,,0
14001609,'1175815',750,,1309,27,,,0
14001609,'1175849',920,,1310,27,,,0
14001609,'1175881',920,,1311,27,,,0
14001609,'1175882',720,,1312,7,,,0
14001609,'1175901',1320,,1313,27,,,0
14001609,'1175909',850,,1314,27,,,0
14001609,'1175926',1220,,1315,27,,,0
14001609,'1175981',1750,,1316,27,,,0
14001609,'1176005',2220,,1317,27,,,0
14001609,'1176019',1920,,1318,27,,,0
14001609,'1176030',1420,,1319,27,,,0
14001609,'1176078',1720,,1321,27,,,0
14001609,'1176081',2020,,1322,27,,,0
14001609,'1176129',1520,,1323,27,,,0
14001609,'1176134',2120,,1325,27,,,0
14001609,'1176154',2120,,1326,27,,,0
14001609,'1176172',1620,,1327,27,,,0
14001609,'1176186',1650,,1328,27,,,0
14001609,'1176192',2220,,1329,27,,,0
14001609,'1176206',1320,,1330,27,,,0
14001609,'1176260',1420,,1331,27,,,0
14001609,'1176285',1820,,1332,27,,,0
14001609,'1176332',1820,,1334,27,,,0
14001609,'1176457',1120,,1335,27,,,0
14001609,'1176506',1920,,1336,27,,,0
14001609,'1176531',2020,,1337,27,,,0
14001609,'1176542',1550,,1338,27,,,0
14001609,'1176555',1220,,1339,27,,,0
14001609,'1176566',1120,,1340,27,,,0
14001609,'1176590',1020,,1341,27,,,0
14001609,'1176615',1520,,1342,27,,,0
14001609,'1176650',1620,,1343,27,,,0
14001609,'1176683',1720,,1344,27,,,0
14001609,'1176688',820,,1345,27,,,0
