11009,'1142195',1609,,674,27,0,13 14 15,0
11009,'1142199',909,,675,27,0,13 14 15,0
11009,'1142242',1209,,676,27,0,13 14 15,0
11009,'1142268',1409,,677,27,0,13 14 15,0
11009,'1142289',1009,,678,27,0,13 14 15,0
11009,'1142564',1309,,683,27,0,13 14 15,0
11009,'1142626',1709,,684,27,0,13 14 15,0
11009,'1142667',1109,,685,27,0,13 14 15,0
11009,'1142728',1509,,690,27,0,13 14 15,0
19001109,'1142212',1332,,1065,51,,,0
19001109,'1142241',1702,,1066,27,,,0
19001109,'1142263',632,,1072,30,,,0
19001109,'1142345',1232,,1078,51,,,0
19001109,'1142412',1432,,1081,51,,,0
19001109,'1142429',702,,1082,27,,,0
19001109,'1142436',1202,,1083,27,,,0
19001109,'1142503',1432,,1086,51,,,0
19001109,'1142533',1302,,1088,27,,,0
19001109,'1142554',1532,,1091,51,,,0
19001109,'1142579',1602,,1092,27,,,0
19001109,'1142582',1402,,1093,27,,,0
19001109,'1142583',1132,,1094,51,,,0
19001109,'1142588',1232,,1095,51,,,0
19001109,'1142606',1102,,1096,27,,,0
19001109,'1142664',1532,,1098,51,,,0
19001109,'1142729',1502,,1100,27,,,0
19001109,'1142756',1632,,1101,51,,,0
19001109,'1142845',1132,,1106,51,,,0
19001109,'1142860',1332,,1107,51,,,0
19001109,'1142880',1632,,1108,51,,,0
19001109,'1175791',2132,,1347,51,,,0
19001109,'1175792',1932,,1348,51,,,0
19001109,'1175853',1932,,1349,51,,,0
19001109,'1175887',1802,,1350,51,,,0
19001109,'1175950',732,,1351,51,,,0
19001109,'1175987',832,,1352,51,,,0
19001109,'1175992',1832,,1353,51,,,0
19001109,'1176020',732,,1354,51,,,0
19001109,'1176179',1832,,1355,51,,,0
19001109,'1176193',2032,,1356,51,,,0
19001109,'1176227',2132,,1357,51,,,0
19001109,'1176244',1732,,1358,51,,,0
19001109,'1176256',902,,1359,51,,,0
19001109,'1176310',932,,1360,51,,,0
19001109,'1176359',2032,,1361,51,,,0
19001109,'1176413',1002,,1363,51,,,0
19001109,'1176424',1032,,1364,51,,,0
19001109,'1176436',1032,,1365,51,,,0
19001109,'1176437',932,,1366,51,,,0
19001109,'1176477',1732,,1368,51,,,0
19001109,'1176498',802,,1369,51,,,0
19001109,'1176505',2232,,1370,51,,,0
19001109,'1176514',832,,1371,51,,,0
19001109,'1176571',2232,,1372,51,,,0
