13009,'1175768',1358,,1533,7,0,19 15,0
13009,'1175851',1158,,1534,7,0,19 15,0
13009,'1175875',1258,,1535,7,0,19 15,0
13009,'1175888',1058,,1536,7,0,19 15,0
13009,'1176171',1458,,1538,7,0,19 15,0
13009,'1176184',858,,1539,7,0,19 15,0
13009,'1176223',1558,,1541,7,0,19 15,0
13009,'1176463',958,,1547,7,0,19 15,0
13009,'1176497',1658,,1548,7,0,19 15,0
30009,'1175721',1621,,1661,4,,,0
30009,'1175727',1321,,1662,4,,,0
30009,'1175735',1421,,1664,4,,,0
30009,'1175749',1751,,1665,4,,,0
30009,'1175758',1521,,1666,4,,,0
30009,'1175761',1651,,1667,4,,,0
30009,'1175780',1821,,1669,4,,,0
30009,'1175796',921,,1670,4,,,0
30009,'1175817',1021,,1671,4,,,0
30009,'1175867',1221,,1672,4,,,0
30009,'1175878',821,,1673,4,,,0
30009,'1175911',1021,,1678,4,,,0
30009,'1175934',2121,,1680,4,,,0
30009,'1175959',721,,1682,4,,,0
30009,'1175964',851,,1683,4,,,0
30009,'1175972',1121,,1685,4,,,0
30009,'1175993',951,,1686,4,,,0
30009,'1176061',1121,,1693,4,,,0
30009,'1176118',1821,,1697,4,,,0
30009,'1176121',1621,,1698,4,,,0
30009,'1176144',1521,,1699,4,,,0
30009,'1176232',1721,,1710,4,,,0
30009,'1176233',1921,,1711,4,,,0
30009,'1176333',1221,,1718,4,,,0
30009,'1176388',2021,,1720,4,,,0
30009,'1176404',1921,,1722,4,,,0
30009,'1176405',651,,1723,3,,,0
30009,'1176456',1721,,1728,4,,,0
30009,'1176480',921,,1730,4,,,0
30009,'1176489',721,,1731,3,,,0
30009,'1176494',751,,1732,4,,,0
30009,'1176499',1551,,1733,4,,,0
30009,'1176503',1421,,1734,4,,,0
30009,'1176511',2121,,1735,4,,,0
30009,'1176516',1321,,1736,4,,,0
30009,'1176633',821,,1741,4,,,0
30009,'1176649',2021,,1742,4,,,0
19001309,'1175728',849,,1978,39,,,0
19001309,'1175734',1519,,1979,39,,,0
19001309,'1175770',2019,,1980,39,,,0
19001309,'1175816',1819,,1982,39,,,0
19001309,'1175833',1719,,1983,39,,,0
19001309,'1175860',1349,,1984,39,,,0
19001309,'1175862',1119,,1985,39,,,0
19001309,'1175891',1149,,1986,39,,,0
19001309,'1175892',949,,1987,39,,,0
19001309,'1175985',649,,1988,7,,,0
19001309,'1175994',919,,1989,39,,,0
19001309,'1176023',819,,1990,39,,,0
19001309,'1176034',1119,,1991,39,,,0
19001309,'1176044',1419,,1992,39,,,0
19001309,'1176064',1049,,1993,39,,,0
19001309,'1176125',1719,,1994,39,,,0
19001309,'1176139',1219,,1995,39,,,0
19001309,'1176167',2219,,1996,39,,,0
19001309,'1176182',1319,,1997,39,,,0
19001309,'1176185',749,,1998,39,,,0
19001309,'1176187',1319,,1999,39,,,0
19001309,'1176196',1219,,2000,39,,,0
19001309,'1176261',1019,,2001,39,,,0
19001309,'1176277',2119,,2002,39,,,0
19001309,'1176318',1419,,2003,39,,,0
19001309,'1176331',2019,,2004,39,,,0
19001309,'1176338',1919,,2005,39,,,0
19001309,'1176348',1549,,2006,39,,,0
19001309,'1176367',1619,,2007,39,,,0
19001309,'1176387',2219,,2008,39,,,0
19001309,'1176389',819,,2009,39,,,0
19001309,'1176392',719,,2010,39,,,0
19001309,'1176394',1619,,2011,39,,,0
19001309,'1176446',1819,,2012,39,,,0
19001309,'1176462',2119,,2013,39,,,0
19001309,'1176473',1919,,2014,39,,,0
19001309,'1176527',1019,,2015,39,,,0
19001309,'1176539',1649,,2016,39,,,0
19001309,'1176543',1449,,2017,39,,,0
19001309,'1176550',619,,2018,7,,,0
19001309,'1176567',919,,2019,39,,,0
19001309,'1176597',1519,,2020,39,,,0
19001309,'1176614',1249,,2021,39,,,0
19001309,'1176638',1749,,2022,39,,,0
19001309,'1176660',719,,2023,39,,,0
