13009,'1176096',1137,,1537,19,,,0
13009,'1176190',1537,,1540,19,,,0
13009,'1176224',1037,,1542,19,,,0
13009,'1176248',1737,,1543,19,,,0
13009,'1176271',1637,,1544,19,,,0
13009,'1176360',937,,1545,19,,,0
13009,'1176371',1237,,1546,19,,,0
13009,'1176623',1337,,1549,19,,,0
13009,'1176644',1437,,1550,19,,,0
30009,'1178822',1409,,2122,19,0,23 24 2 26,0
30009,'1178823',809,,2123,19,0,23 24 2 26,0
30009,'1178824',909,,2124,19,0,23 24 2 26,0
30009,'1178825',1509,,2125,19,0,23 24 2 26,0
30009,'1178832',1039,,2132,19,0,8 9 2 26,0
30009,'1178833',1009,,2133,19,0,23 24 2 26,0
30009,'1178834',839,,2134,19,0,23 24 2 26,0
30009,'1178837',1809,,2137,19,0,23 24 2 26,0
30009,'1178839',1209,,2139,19,0,23 24 2 26,0
30009,'1178842',1309,,2142,19,0,23 24 2 26,0
30009,'1178844',739,,2144,19,0,23 24 2 26,0
30009,'1178849',1739,,2149,19,0,23 24 2 26,0
30009,'1178850',1009,,2150,19,0,23 24 2 26,0
30009,'1178851',909,,2151,19,0,23 24 2 26,0
30009,'1178853',2009,,2153,19,0,23 24 2 26,0
30009,'1178855',1509,,2155,19,0,23 24 2 26,0
30009,'1178856',2109,,2156,19,0,23 24 2 26,0
30009,'1178858',1909,,2158,19,0,23 24 2 26,0
30009,'1178859',1609,,2159,19,0,23 24 2 26,0
30009,'1178862',1809,,2162,19,0,23 24 2 26,0
30009,'1178864',1109,,2164,19,0,23 24 2 26,0
30009,'1178866',2209,,2166,19,0,8 9 2 26,0
30009,'1178867',2109,,2167,19,0,23 24 2 26,0
30009,'1178870',1909,,2170,19,0,23 24 2 26,0
30009,'1178872',1409,,2172,19,0,23 24 2 26,0
30009,'1178875',1209,,2175,19,0,23 24 2 26,0
30009,'1178877',2009,,2177,19,0,23 24 2 26,0
30009,'1178878',1639,,2178,19,0,23 24 2 26,0
30009,'1178879',1609,,2179,19,0,23 24 2 26,0
30009,'1178888',1109,,2188,19,0,23 24 2 26,0
30009,'1178889',1309,,2189,19,0,23 24 2 26,0
30009,'1178890',939,,2190,19,0,23 24 2 26,0
30009,'1178891',2209,,2191,19,0,8 9 2 26,0
30009,'1178892',1709,,2192,19,0,23 24 2 26,0
30009,'1178894',809,,2194,19,0,23 24 2 26,0
30009,'1178900',1839,,2200,19,0,8 9 2 26,0
30009,'1178901',1709,,2201,19,0,23 24 2 26,0
14001209,'1175718',1629,,1789,19,,,0
14001209,'1175861',1859,,1790,19,,,0
14001209,'1175900',1729,,1791,19,,,0
14001209,'1175913',2259,,1792,19,0,8 21,0
14001209,'1175915',2059,,1793,19,,,0
14001209,'1175917',1429,,1794,19,,,0
14001209,'1175919',1959,,1795,19,,,0
14001209,'1175938',759,,1796,19,,,0
14001209,'1175939',1759,,1797,19,,,0
14001209,'1175983',2159,,1798,19,,,0
14001209,'1176007',1259,,1799,19,,,0
14001209,'1176012',1059,,1800,19,,,0
14001209,'1176069',859,,1801,19,,,0
14001209,'1176070',1159,,1802,19,,,0
14001209,'1176091',959,,1803,19,,,0
14001209,'1176103',959,,1805,19,,,0
14001209,'1176117',1159,,1806,19,,,0
14001209,'1176122',2259,,1807,19,0,8 21,0
14001209,'1176163',1859,,1808,19,,,0
14001209,'1176213',1059,,1809,19,,,0
14001209,'1176217',1559,,1810,19,,,0
14001209,'1176245',1759,,1811,19,,,0
14001209,'1176255',859,,1812,19,,,0
14001209,'1176275',1659,,1813,19,,,0
14001209,'1176323',1129,,1814,19,,,0
14001209,'1176336',1829,,1815,19,0,8 21,0
14001209,'1176343',1359,,1816,19,,,0
14001209,'1176354',1459,,1817,19,,,0
14001209,'1176378',1259,,1818,19,,,0
14001209,'1176401',729,,1819,19,,,0
14001209,'1176411',2059,,1820,19,,,0
14001209,'1176440',1459,,1821,19,,,0
14001209,'1176458',659,,1822,19,,,0
14001209,'1176470',1559,,1823,19,,,0
14001209,'1176472',1029,,1824,19,,,0
14001209,'1176483',1329,,1825,19,,,0
14001209,'1176488',1659,,1826,19,,,0
14001209,'1176515',1959,,1827,19,,,0
14001209,'1176526',929,,1828,19,,,0
14001209,'1176532',1229,,1829,19,,,0
14001209,'1176546',2159,,1830,19,,,0
14001209,'1176594',829,,1831,19,,,0
14001209,'1176599',1529,,1832,19,,,0
14001209,'1176626',759,,1833,19,,,0
14001209,'1176676',1359,,1834,19,,,0
