11009,'1142195',1607,,674,23,0,13 14 15,0
11009,'1142199',907,,675,23,0,13 14 15,0
11009,'1142242',1207,,676,23,0,13 14 15,0
11009,'1142268',1407,,677,23,0,13 14 15,0
11009,'1142289',1007,,678,23,0,13 14 15,0
11009,'1142564',1307,,683,23,0,13 14 15,0
11009,'1142626',1707,,684,23,0,13 14 15,0
11009,'1142667',1107,,685,23,0,13 14 15,0
11009,'1142728',1507,,690,23,0,13 14 15,0
19001109,'1142212',1330,,1065,47,,,0
19001109,'1142241',1700,,1066,23,,,0
19001109,'1142263',630,,1072,26,,,0
19001109,'1142345',1230,,1078,47,,,0
19001109,'1142412',1430,,1081,47,,,0
19001109,'1142429',700,,1082,23,,,0
19001109,'1142436',1200,,1083,23,,,0
19001109,'1142503',1430,,1086,47,,,0
19001109,'1142533',1300,,1088,23,,,0
19001109,'1142554',1530,,1091,47,,,0
19001109,'1142579',1600,,1092,23,,,0
19001109,'1142582',1400,,1093,23,,,0
19001109,'1142583',1130,,1094,47,,,0
19001109,'1142588',1230,,1095,47,,,0
19001109,'1142606',1100,,1096,23,,,0
19001109,'1142664',1530,,1098,47,,,0
19001109,'1142729',1500,,1100,23,,,0
19001109,'1142756',1630,,1101,47,,,0
19001109,'1142845',1130,,1106,47,,,0
19001109,'1142860',1330,,1107,47,,,0
19001109,'1142880',1630,,1108,47,,,0
19001109,'1175791',2130,,1347,47,,,0
19001109,'1175792',1930,,1348,47,,,0
19001109,'1175853',1930,,1349,47,,,0
19001109,'1175887',1800,,1350,47,,,0
19001109,'1175950',730,,1351,47,,,0
19001109,'1175987',830,,1352,47,,,0
19001109,'1175992',1830,,1353,47,,,0
19001109,'1176020',730,,1354,47,,,0
19001109,'1176179',1830,,1355,47,,,0
19001109,'1176193',2030,,1356,47,,,0
19001109,'1176227',2130,,1357,47,,,0
19001109,'1176244',1730,,1358,47,,,0
19001109,'1176256',900,,1359,47,,,0
19001109,'1176310',930,,1360,47,,,0
19001109,'1176359',2030,,1361,47,,,0
19001109,'1176413',1000,,1363,47,,,0
19001109,'1176424',1030,,1364,47,,,0
19001109,'1176436',1030,,1365,47,,,0
19001109,'1176437',930,,1366,47,,,0
19001109,'1176477',1730,,1368,47,,,0
19001109,'1176498',800,,1369,47,,,0
19001109,'1176505',2230,,1370,47,,,0
19001109,'1176514',830,,1371,47,,,0
19001109,'1176571',2230,,1372,47,,,0
