12009,'1175904',1328,,1253,22,,,0
12009,'1176180',1028,,1257,22,,,0
12009,'1176258',1728,,1258,22,,,0
12009,'1176284',1428,,1259,22,,,0
12009,'1176435',1128,,1263,22,,,0
12009,'1176479',1528,,1264,22,,,0
12009,'1176508',1628,,1265,22,,,0
12009,'1176541',928,,1266,22,,,0
12009,'1176548',1228,,1267,22,,,0
19001709,'1175723',855,,1419,23,,,0
19001709,'1175748',925,,1420,23,,,0
19001709,'1175763',1055,,1421,23,,,0
19001709,'1175781',955,,1422,23,,,0
19001709,'1175795',725,,1423,23,,,0
19001709,'1175819',2055,,1424,23,,,0
19001709,'1175858',1855,,1425,23,,,0
19001709,'1175872',2155,,1426,23,0,8 21,0
19001709,'1175912',1755,,1427,23,,,0
19001709,'1175946',2055,,1428,23,,,0
19001709,'1176002',1355,,1429,23,,,0
19001709,'1176024',2155,,1430,23,0,8 21,0
19001709,'1176147',1955,,1431,23,,,0
19001709,'1176151',1455,,1432,23,,,0
19001709,'1176162',1155,,1433,23,,,0
19001709,'1176204',1555,,1434,23,,,0
19001709,'1176288',755,,1435,23,,,0
19001709,'1176339',1655,,1436,23,,,0
19001709,'1176366',655,,1437,23,,,0
19001709,'1176369',1555,,1438,23,,,0
19001709,'1176400',1055,,1439,23,,,0
19001709,'1176416',1855,,1440,23,,,0
19001709,'1176419',855,,1441,23,,,0
19001709,'1176422',1455,,1442,23,,,0
19001709,'1176428',1625,,1443,23,,,0
19001709,'1176461',1725,,1444,23,,,0
19001709,'1176465',1955,,1445,23,,,0
19001709,'1176466',2255,,1446,23,0,8 21,0
19001709,'1176481',1355,,1447,23,,,0
19001709,'1176493',625,,1448,23,,,0
19001709,'1176540',955,,1449,23,,,0
19001709,'1176561',1655,,1450,23,,,0
19001709,'1176587',755,,1451,23,,,0
19001709,'1176600',1255,,1452,23,,,0
19001709,'1176606',1255,,1453,23,,,0
19001709,'1176634',655,,1454,23,,,0
19001709,'1176635',825,,1455,23,,,0
19001709,'1176654',1825,,1456,23,0,8 21,0
19001709,'1176664',1155,,1457,23,,,0
19001709,'1176670',1755,,1458,23,,,0
19001709,'1176677',2255,,1459,23,0,8 21,0
