11609,'1142182',1155,,587,33,,,0
11609,'1142188',855,,588,33,,,0
11609,'1142280',1455,,589,33,,,0
11609,'1142330',1255,,590,33,,,0
11609,'1142357',1659,,591,34,,,0
11609,'1142358',1655,,592,33,,,0
11609,'1142359',955,,593,33,,,0
11609,'1142385',1455,,594,33,,,0
11609,'1142397',1625,,595,33,,,0
11609,'1142403',1955,,596,33,,,0
11609,'1142411',1355,,597,33,,,0
11609,'1142426',729,,598,34,,,0
11609,'1142442',755,,599,33,,,0
11609,'1142461',2055,,600,33,,,0
11609,'1142466',1255,,601,33,,,0
11609,'1142491',1855,,602,33,,,0
11609,'1142518',659,,603,34,,,0
11609,'1142531',1055,,604,33,,,0
11609,'1142535',2155,,605,33,,,0
11609,'1142546',955,,606,33,,,0
11609,'1142555',1955,,607,33,,,0
11609,'1142578',2055,,608,33,,,0
11609,'1142601',1855,,609,33,,,0
11609,'1142621',1755,,610,33,,,0
11609,'1142652',1555,,611,33,,,0
11609,'1142663',1729,,612,34,,,0
11609,'1142686',855,,613,33,,,0
11609,'1142709',1825,,614,33,,,0
11609,'1142746',1555,,615,33,,,0
11609,'1142763',825,,616,33,,,0
11609,'1142770',2155,,617,33,,,0
11609,'1142774',1155,,618,33,,,0
11609,'1142789',1355,,619,33,,,0
11609,'1142816',1755,,620,33,,,0
11609,'1142826',1055,,621,33,,,0
11609,'1142853',755,,622,33,,,0
11609,'1142863',925,,623,33,,,0
