20009,'1142156',1309,,819,20,,,0
20009,'1142172',1009,,820,20,,,0
20009,'1142208',1209,,821,20,,,0
20009,'1142218',909,,822,10,,,0
20009,'1142244',1709,,823,20,,,0
20009,'1142378',1409,,825,20,,,0
20009,'1142609',1509,,831,20,,,0
20009,'1142761',1109,,834,20,,,0
20009,'1142875',1609,,837,20,,,0
19001709,'1142303',1353,,1211,9,,,0
19001709,'1142346',1553,,1214,9,,,0
19001709,'1142490',1153,,1221,9,,,0
19001709,'1142572',1053,,1231,9,,,0
19001709,'1142636',623,,1236,9,,,0
19001709,'1142727',1453,,1242,9,,,0
19001709,'1142751',1253,,1245,9,,,0
19001709,'1175723',923,,1419,42,,,0
19001709,'1175748',953,,1420,42,,,0
19001709,'1175763',1123,,1421,42,,,0
19001709,'1175781',1023,,1422,42,,,0
19001709,'1175795',753,,1423,42,,,0
19001709,'1175819',2123,,1424,42,,,0
19001709,'1175858',1923,,1425,42,,,0
19001709,'1175912',1823,,1427,42,,,0
19001709,'1175946',2123,,1428,42,,,0
19001709,'1176002',1423,,1429,42,,,0
19001709,'1176147',2023,,1431,42,,,0
19001709,'1176151',1523,,1432,42,,,0
19001709,'1176162',1223,,1433,42,,,0
19001709,'1176204',1623,,1434,42,,,0
19001709,'1176288',823,,1435,42,,,0
19001709,'1176339',1723,,1436,42,,,0
19001709,'1176366',723,,1437,42,,,0
19001709,'1176369',1623,,1438,42,,,0
19001709,'1176400',1123,,1439,42,,,0
19001709,'1176416',1923,,1440,42,,,0
19001709,'1176419',923,,1441,42,,,0
19001709,'1176422',1523,,1442,42,,,0
19001709,'1176428',1653,,1443,42,,,0
19001709,'1176461',1753,,1444,42,,,0
19001709,'1176465',2023,,1445,42,,,0
19001709,'1176481',1423,,1447,42,,,0
19001709,'1176493',653,,1448,42,,,0
19001709,'1176540',1023,,1449,42,,,0
19001709,'1176561',1723,,1450,42,,,0
19001709,'1176587',823,,1451,42,,,0
19001709,'1176600',1323,,1452,42,,,0
19001709,'1176606',1323,,1453,42,,,0
19001709,'1176634',723,,1454,42,,,0
19001709,'1176635',853,,1455,42,,,0
19001709,'1176664',1223,,1457,42,,,0
19001709,'1176670',1823,,1458,42,,,0
