11009,'1142195',1606,,674,21,0,13 14 15,0
11009,'1142199',906,,675,21,0,13 14 15,0
11009,'1142242',1206,,676,21,0,13 14 15,0
11009,'1142268',1406,,677,21,0,13 14 15,0
11009,'1142289',1006,,678,21,0,13 14 15,0
11009,'1142564',1306,,683,21,0,13 14 15,0
11009,'1142626',1706,,684,21,0,13 14 15,0
11009,'1142667',1106,,685,21,0,13 14 15,0
11009,'1142728',1506,,690,21,0,13 14 15,0
19001109,'1142212',1329,,1065,45,,,0
19001109,'1142241',1659,,1066,21,,,0
19001109,'1142263',629,,1072,24,,,0
19001109,'1142345',1229,,1078,45,,,0
19001109,'1142412',1429,,1081,45,,,0
19001109,'1142429',659,,1082,21,,,0
19001109,'1142436',1159,,1083,21,,,0
19001109,'1142503',1429,,1086,45,,,0
19001109,'1142533',1259,,1088,21,,,0
19001109,'1142554',1529,,1091,45,,,0
19001109,'1142579',1559,,1092,21,,,0
19001109,'1142582',1359,,1093,21,,,0
19001109,'1142583',1129,,1094,45,,,0
19001109,'1142588',1229,,1095,45,,,0
19001109,'1142606',1059,,1096,21,,,0
19001109,'1142664',1529,,1098,45,,,0
19001109,'1142729',1459,,1100,21,,,0
19001109,'1142756',1629,,1101,45,,,0
19001109,'1142845',1129,,1106,45,,,0
19001109,'1142860',1329,,1107,45,,,0
19001109,'1142880',1629,,1108,45,,,0
19001109,'1175791',2129,,1347,45,,,0
19001109,'1175792',1929,,1348,45,,,0
19001109,'1175853',1929,,1349,45,,,0
19001109,'1175887',1759,,1350,45,,,0
19001109,'1175950',729,,1351,45,,,0
19001109,'1175987',829,,1352,45,,,0
19001109,'1175992',1829,,1353,45,,,0
19001109,'1176020',729,,1354,45,,,0
19001109,'1176179',1829,,1355,45,,,0
19001109,'1176193',2029,,1356,45,,,0
19001109,'1176227',2129,,1357,45,,,0
19001109,'1176244',1729,,1358,45,,,0
19001109,'1176256',859,,1359,45,,,0
19001109,'1176310',929,,1360,45,,,0
19001109,'1176359',2029,,1361,45,,,0
19001109,'1176413',959,,1363,45,,,0
19001109,'1176424',1029,,1364,45,,,0
19001109,'1176436',1029,,1365,45,,,0
19001109,'1176437',929,,1366,45,,,0
19001109,'1176477',1729,,1368,45,,,0
19001109,'1176498',759,,1369,45,,,0
19001109,'1176505',2229,,1370,45,,,0
19001109,'1176514',829,,1371,45,,,0
19001109,'1176571',2229,,1372,45,,,0
