14001409,'1083698',1520,,294,26,,,0
14001409,'1083768',1920,,295,26,,,0
14001409,'1083799',1820,,296,26,,,0
14001409,'1083819',820,,297,26,,,0
14001409,'1083823',920,,298,26,,,0
14001409,'1083831',820,,299,26,,,0
14001409,'1083885',2120,,300,26,,,0
14001409,'1083889',1020,,301,26,,,0
14001409,'1083899',2020,,302,26,,,0
14001409,'1083923',1620,,303,26,,,0
14001409,'1083934',950,,304,26,,,0
14001409,'1083938',1650,,305,26,,,0
14001409,'1083962',650,,306,5,,,0
14001409,'1083968',1220,,307,26,,,0
14001409,'1083975',720,,308,5,,,0
14001409,'1083996',1220,,309,26,,,0
14001409,'1083997',1720,,310,26,,,0
14001409,'1084002',1720,,311,26,,,0
14001409,'1084035',1150,,312,26,,,0
14001409,'1084095',1320,,314,26,,,0
14001409,'1084114',1420,,316,26,,,0
14001409,'1084134',1420,,317,26,,,0
14001409,'1084143',1320,,318,26,,,0
14001409,'1084149',750,,319,26,,,0
14001409,'1084161',920,,320,26,,,0
14001409,'1084166',2120,,321,26,,,0
14001409,'1084175',2020,,322,26,,,0
14001409,'1084192',1920,,323,26,,,0
14001409,'1084194',2220,,324,26,,,0
14001409,'1084212',1450,,325,26,,,0
14001409,'1084214',720,,326,26,,,0
14001409,'1084230',1350,,327,26,,,0
14001409,'1084248',1750,,328,26,,,0
14001409,'1084252',1520,,330,26,,,0
14001409,'1084256',1120,,331,26,,,0
14001409,'1084258',1120,,332,26,,,0
14001409,'1084269',2220,,333,26,,,0
14001409,'1084304',850,,334,26,,,0
14001409,'1084306',1050,,335,26,,,0
14001409,'1084326',1550,,336,26,,,0
14001409,'1084330',1020,,337,26,,,0
14001409,'1084354',1250,,338,26,,,0
14001409,'1084355',1820,,339,26,,,0
14001409,'1084374',1620,,340,26,,,0
