15009,'1175719',1718,,1569,25,0,20 15,0
15009,'1175730',1518,,1570,25,0,20 15,0
15009,'1175737',1318,,1571,25,0,20 15,0
15009,'1175828',1418,,1572,25,0,20 15,0
15009,'1175835',1018,,1573,25,0,20 15,0
15009,'1176048',1218,,1578,25,0,20 15,0
15009,'1176230',1618,,1580,25,0,20 15,0
15009,'1176301',918,,1582,25,0,20 15,0
15009,'1176568',1118,,1584,25,0,20 15,0
14001409,'1175733',1843,,1835,1,,,0
14001409,'1175775',1143,,1836,1,,,0
14001409,'1175776',2043,,1837,1,,,0
14001409,'1175786',1943,,1838,1,,,0
14001409,'1175790',1543,,1839,1,,,0
14001409,'1175803',1343,,1840,1,,,0
14001409,'1175809',913,,1841,1,,,0
14001409,'1175820',1443,,1842,1,,,0
14001409,'1175821',1143,,1843,1,,,0
14001409,'1175838',1113,,1844,1,,,0
14001409,'1175856',1043,,1845,1,,,0
14001409,'1175876',1543,,1846,1,,,0
14001409,'1175893',1843,,1847,1,,,0
14001409,'1175894',1713,,1848,1,,,0
14001409,'1175902',1613,,1849,1,,,0
14001409,'1175961',1243,,1850,1,,,0
14001409,'1175973',843,,1851,1,,,0
14001409,'1175975',1743,,1852,1,,,0
14001409,'1175979',1813,,1853,1,0,8 21,0
14001409,'1175999',813,,1854,1,,,0
14001409,'1176001',1013,,1855,1,,,0
14001409,'1176014',1043,,1856,1,,,0
14001409,'1176036',713,,1857,1,,,0
14001409,'1176047',1343,,1858,1,,,0
14001409,'1176050',2043,,1859,1,,,0
14001409,'1176071',1213,,1860,1,,,0
14001409,'1176160',1643,,1861,1,,,0
14001409,'1176250',743,,1862,1,,,0
14001409,'1176268',2143,,1863,1,,,0
14001409,'1176283',1313,,1864,1,,,0
14001409,'1176308',2143,,1866,1,,,0
14001409,'1176314',643,,1867,1,,,0
14001409,'1176393',943,,1869,1,,,0
14001409,'1176423',743,,1870,1,,,0
14001409,'1176476',1513,,1872,1,,,0
14001409,'1176485',943,,1873,1,,,0
14001409,'1176522',843,,1874,1,,,0
14001409,'1176556',1643,,1876,1,,,0
14001409,'1176558',1443,,1877,1,,,0
14001409,'1176598',1943,,1878,1,,,0
14001409,'1176631',1243,,1879,1,,,0
14001409,'1176643',1413,,1880,1,,,0
14001409,'1176681',1743,,1881,1,,,0
19001509,'1175715',2138,,2024,45,4,,0
19001509,'1175729',1038,,2025,45,4,,0
19001509,'1175740',838,,2027,45,4,,0
19001509,'1175741',1338,,2028,45,4,,0
19001509,'1175778',1808,,2031,45,4,,0
19001509,'1175793',1838,,2032,45,4,,0
19001509,'1175801',838,,2033,45,4,,0
19001509,'1175845',1408,,2034,45,4,,0
19001509,'1175897',1508,,2035,45,4,,0
19001509,'1175899',1238,,2036,45,4,,0
19001509,'1175907',1008,,2037,45,4,,0
19001509,'1175925',1638,,2038,45,4,,0
19001509,'1175932',1538,,2039,45,4,,0
19001509,'1175953',1608,,2040,45,4,,0
19001509,'1175965',708,,2041,20,4,,0
19001509,'1175967',1108,,2042,45,4,,0
19001509,'1175996',1708,,2043,45,4,,0
19001509,'1176000',938,,2044,45,4,,0
19001509,'1176049',1738,,2045,45,4,,0
19001509,'1176055',1938,,2046,45,4,,0
19001509,'1176057',1038,,2047,45,4,,0
19001509,'1176073',808,,2048,45,4,,0
19001509,'1176074',738,,2049,45,4,,0
19001509,'1176085',1938,,2050,45,4,,0
19001509,'1176090',2138,,2051,45,4,,0
19001509,'1176092',1138,,2052,45,4,,0
19001509,'1176093',938,,2053,45,4,,0
19001509,'1176105',2038,,2054,45,4,,0
19001509,'1176238',1538,,2055,45,4,,0
19001509,'1176266',1208,,2056,45,4,,0
19001509,'1176293',1438,,2057,45,4,,0
19001509,'1176328',1308,,2058,45,4,,0
19001509,'1176335',2038,,2059,45,4,,0
19001509,'1176355',1638,,2061,45,4,,0
19001509,'1176358',1338,,2062,45,4,,0
19001509,'1176362',1838,,2063,45,4,,0
19001509,'1176426',1138,,2064,45,4,,0
19001509,'1176450',638,,2066,20,4,,0
19001509,'1176496',1438,,2067,45,4,,0
19001509,'1176536',738,,2068,45,4,,0
19001509,'1176537',908,,2069,45,4,,0
19001509,'1176684',1738,,2070,45,4,,0
19001509,'1176689',1238,,2071,45,4,,0
