11009,'1142195',1601,,674,10,0,13 14 15,0
11009,'1142199',901,,675,10,0,13 14 15,0
11009,'1142242',1201,,676,10,0,13 14 15,0
11009,'1142268',1401,,677,10,0,13 14 15,0
11009,'1142289',1001,,678,10,0,13 14 15,0
11009,'1142564',1301,,683,10,0,13 14 15,0
11009,'1142626',1701,,684,10,0,13 14 15,0
11009,'1142667',1101,,685,10,0,13 14 15,0
11009,'1142728',1501,,690,10,0,13 14 15,0
19001109,'1142212',1321,,1065,34,,,0
19001109,'1142241',1651,,1066,10,,,0
19001109,'1142263',621,,1072,13,,,0
19001109,'1142345',1221,,1078,34,,,0
19001109,'1142412',1421,,1081,34,,,0
19001109,'1142429',651,,1082,10,,,0
19001109,'1142436',1151,,1083,10,,,0
19001109,'1142503',1421,,1086,34,,,0
19001109,'1142533',1251,,1088,10,,,0
19001109,'1142554',1521,,1091,34,,,0
19001109,'1142579',1551,,1092,10,,,0
19001109,'1142582',1351,,1093,10,,,0
19001109,'1142583',1121,,1094,34,,,0
19001109,'1142588',1221,,1095,34,,,0
19001109,'1142606',1051,,1096,10,,,0
19001109,'1142664',1521,,1098,34,,,0
19001109,'1142729',1451,,1100,10,,,0
19001109,'1142756',1621,,1101,34,,,0
19001109,'1142845',1121,,1106,34,,,0
19001109,'1142860',1321,,1107,34,,,0
19001109,'1142880',1621,,1108,34,,,0
19001109,'1175791',2121,,1347,34,,,0
19001109,'1175792',1921,,1348,34,,,0
19001109,'1175853',1921,,1349,34,,,0
19001109,'1175887',1751,,1350,34,,,0
19001109,'1175950',721,,1351,34,,,0
19001109,'1175987',821,,1352,34,,,0
19001109,'1175992',1821,,1353,34,,,0
19001109,'1176020',721,,1354,34,,,0
19001109,'1176179',1821,,1355,34,,,0
19001109,'1176193',2021,,1356,34,,,0
19001109,'1176227',2121,,1357,34,,,0
19001109,'1176244',1721,,1358,34,,,0
19001109,'1176256',851,,1359,34,,,0
19001109,'1176310',921,,1360,34,,,0
19001109,'1176359',2021,,1361,34,,,0
19001109,'1176413',951,,1363,34,,,0
19001109,'1176424',1021,,1364,34,,,0
19001109,'1176436',1021,,1365,34,,,0
19001109,'1176437',921,,1366,34,,,0
19001109,'1176477',1721,,1368,34,,,0
19001109,'1176498',751,,1369,34,,,0
19001109,'1176505',2221,,1370,34,,,0
19001109,'1176514',821,,1371,34,,,0
19001109,'1176571',2221,,1372,34,,,0
