1003,2074,1,0
1003,201316,2,0
1003,1153,3,0
1003,201318,4,0
1003,2075,5,0
1003,2076,6,0
1003,2078,7,0
1003,2079,8,0
1003,2080,9,0
1003,7028,10,0
1003,2083,11,0
1003,2085,12,0
1003,2086,13,0
1003,7033,14,0
1003,2087,15,0
1003,2088,16,0
1003,2089,17,0
1003,2090,18,0
1003,2092,19,0
1003,1131,20,0
1003,2094,21,0
1003,2095,22,0
1003,2096,23,0
1003,2097,24,0
1003,1142,25,0
1003,2098,26,0
1003,2099,27,0
1003,2100,28,0
1003,2101,29,0
1003,2102,30,0
1003,2103,31,0
1003,6104,32,0
1003,6105,33,0
1003,10001,34,0
1003,1000,35,0
1003,1101,36,0
1003,2105,37,0
1003,2106,38,0
1003,2107,39,0
1003,2109,40,0
1003,2110,41,0
1003,2111,42,0
1003,2112,43,0
1003,2113,44,0
1003,2115,45,0
1003,2116,46,0
1003,201353,47,0
1003,2117,48,0
1003,2118,49,0
1003,2119,50,0
1003,2120,51,0
1003,2121,52,0
1003,2122,53,0
1003,2123,54,0
1003,2125,55,0
1003,2126,56,0
1003,2127,57,0
1003,2128,58,0
1003,2129,59,0
1003,2130,60,0
1003,2131,61,0
1003,2132,62,0
1003,2133,63,0
1003,2134,64,0
1003,2135,65,0
1003,2006,66,0
1003,2137,67,0
1003,2138,68,0
1003,2139,69,0
1003,2140,70,0
1003,2141,71,0
1003,1145,72,0
1003,2002,73,0
1003,2001,74,1
1104,2001,1,0
1104,2003,2,0
1104,1148,3,0
1104,2004,4,0
1104,2139,5,0
1104,1149,6,0
1104,1146,7,0
1104,2005,8,0
1104,1147,9,0
1104,2007,10,0
1104,2008,11,0
1104,2009,12,0
1104,2010,13,0
1104,2011,14,0
1104,2012,15,0
1104,2013,16,0
1104,2014,17,0
1104,2015,18,0
1104,2016,19,0
1104,2018,20,0
1104,2019,21,0
1104,2020,22,0
1104,2021,23,0
1104,2022,24,0
1104,2023,25,0
1104,2024,26,0
1104,2025,27,0
1104,201353,28,0
1104,2027,29,0
1104,2028,30,0
1104,2029,31,0
1104,1049,32,0
1104,2030,33,0
1104,2031,34,0
1104,2033,35,0
1104,2034,36,0
1104,2035,37,0
1104,2036,38,0
1104,2037,39,0
1104,4037,40,0
1104,1047,41,0
1104,1000,42,0
1104,2041,43,0
1104,1141,44,0
1104,2042,45,0
1104,2043,46,0
1104,2044,47,0
1104,2046,48,0
1104,2047,49,0
1104,1178,50,0
1104,2049,51,0
1104,1109,52,0
1104,1142,53,0
1104,2050,54,0
1104,2051,55,0
1104,2052,56,0
1104,2053,57,0
1104,2055,58,0
1104,2056,59,0
1104,2057,60,0
1104,2058,61,0
1104,1158,62,0
1104,1154,63,0
1104,7031,64,0
1104,2060,65,0
1104,2061,66,0
1104,2063,67,0
1104,2064,68,0
1104,2066,69,0
1104,2067,70,0
1104,2068,71,0
1104,2069,72,0
1104,2070,73,0
1104,2071,74,0
1104,2072,75,0
1104,2073,76,0
1104,2074,77,1
1203,2074,1,0
1203,2075,2,0
1203,5040,3,0
1203,8005,4,0
1203,1071,5,0
1203,1072,6,0
1203,1073,7,0
1203,1074,8,0
1203,1075,9,0
1203,1076,10,0
1203,1077,11,0
1203,1078,12,0
1203,1079,13,0
1203,1080,14,0
1203,1081,15,0
1203,1082,16,0
1203,1083,17,0
1203,1084,18,0
1203,1085,19,0
1203,1086,20,0
1203,1087,21,0
1203,1088,22,0
1203,1089,23,0
1203,703,24,0
1203,1044,25,0
1203,701,26,0
1203,1042,27,0
1203,7016,28,0
1203,6049,29,0
1203,6050,30,0
1203,6051,31,0
1203,6052,32,0
1203,1100,33,0
1203,1047,34,0
1203,1000,35,0
1203,10001,36,0
1203,1101,37,0
1203,1102,38,0
1203,1103,39,0
1203,1104,40,0
1203,1105,41,0
1203,1106,42,0
1203,201319,43,0
1203,1110,44,0
1203,1111,45,0
1203,1112,46,0
1203,1113,47,0
1203,1114,48,0
1203,1115,49,0
1203,1116,50,0
1203,1117,51,0
1203,1118,52,0
1203,1119,53,0
1203,1120,54,0
1203,1107,55,0
1203,1121,56,0
1203,1122,57,0
1203,1123,58,0
1203,1124,59,0
1203,1125,60,0
1203,1126,61,0
1203,1127,62,0
1203,1128,63,0
1203,7010,64,0
1203,1129,65,0
1203,1130,66,0
1203,1174,67,0
1203,1132,68,0
1203,1133,69,0
1203,1134,70,0
1203,1135,71,0
1203,1136,72,0
1203,1137,73,0
1203,1138,74,0
1203,1139,75,0
1203,8019,76,0
1203,201354,77,0
1203,1140,78,0
1203,1001,79,1
1304,1001,1,0
1304,1002,2,0
1304,201320,3,0
1304,1003,4,0
1304,1004,5,0
1304,1005,6,0
1304,1006,7,0
1304,1007,8,0
1304,1008,9,0
1304,1009,10,0
1304,1010,11,0
1304,1011,12,0
1304,1012,13,0
1304,1013,14,0
1304,1014,15,0
1304,1015,16,0
1304,1016,17,0
1304,1017,18,0
1304,1018,19,0
1304,1019,20,0
1304,1020,21,0
1304,7009,22,0
1304,1021,23,0
1304,1022,24,0
1304,1099,25,0
1304,1023,26,0
1304,1024,27,0
1304,1025,28,0
1304,1090,29,0
1304,1026,30,0
1304,1028,31,0
1304,1029,32,0
1304,1030,33,0
1304,1092,34,0
1304,1031,35,0
1304,1032,36,0
1304,1033,37,0
1304,1034,38,0
1304,1035,39,0
1304,1036,40,0
1304,1037,41,0
1304,1038,42,0
1304,4037,43,0
1304,1047,44,0
1304,1000,45,0
1304,1101,46,0
1304,6001,47,0
1304,1068,48,0
1304,6002,49,0
1304,6003,50,0
1304,6004,51,0
1304,6005,52,0
1304,1182,53,0
1304,1039,54,0
1304,1040,55,0
1304,1044,56,0
1304,1041,57,0
1304,1050,58,0
1304,1051,59,0
1304,1052,60,0
1304,1053,61,0
1304,1054,62,0
1304,1055,63,0
1304,1056,64,0
1304,1057,65,0
1304,1058,66,0
1304,1059,67,0
1304,1060,68,0
1304,1061,69,0
1304,7019,70,0
1304,1062,71,0
1304,1063,72,0
1304,1064,73,0
1304,1065,74,0
1304,1066,75,0
1304,1067,76,0
1304,1070,77,0
1304,2072,78,0
1304,2073,79,0
1304,2074,80,1
1403,10010,1,0
1403,5107,2,0
1403,1176,3,0
1403,1177,4,0
1403,1095,5,0
1403,5062,6,0
1403,5063,7,0
1403,5065,8,0
1403,5066,9,0
1403,1063,10,0
1403,1064,11,0
1403,1065,12,0
1403,1066,13,0
1403,1067,14,0
1403,1070,15,0
1403,2076,16,0
1403,5068,17,0
1403,5069,18,0
1403,5070,19,0
1403,5071,20,0
1403,5072,21,0
1403,5073,22,0
1403,5074,23,0
1403,7018,24,0
1403,5075,25,0
1403,5076,26,0
1403,5077,27,0
1403,1000,28,0
1403,10001,29,0
1403,1101,30,0
1403,2105,31,0
1403,1069,32,0
1403,1172,33,0
1403,1096,34,0
1403,201346,35,0
1403,1175,36,0
1403,1094,37,0
1403,1162,38,0
1403,1179,39,0
1403,1166,40,0
1403,1151,41,0
1403,1091,42,0
1403,5079,43,0
1403,5080,44,0
1403,5081,45,0
1403,5083,46,0
1403,1159,47,0
1403,5084,48,0
1403,5085,49,0
1403,1171,50,0
1403,8028,51,0
1403,5013,52,0
1403,5093,53,0
1403,5094,54,0
1403,5095,55,0
1403,5096,56,0
1403,5097,57,0
1403,5098,58,0
1403,1161,59,0
1403,5004,60,0
1403,5100,61,0
1403,5102,62,1
1504,5102,1,0
1504,5003,2,0
1504,201350,3,0
1504,5017,4,0
1504,5018,5,0
1504,5019,6,0
1504,5020,7,0
1504,5021,8,0
1504,5022,9,0
1504,5023,10,0
1504,5024,11,0
1504,5025,12,0
1504,5026,13,0
1504,5002,14,0
1504,201321,15,0
1504,1152,16,0
1504,201341,17,0
1504,1150,18,0
1504,201342,19,0
1504,201343,20,0
1504,201344,21,0
1504,10017,22,0
1504,201346,23,0
1504,1173,24,0
1504,201347,25,0
1504,201348,26,0
1504,1093,27,0
1504,201349,28,0
1504,2037,29,0
1504,4037,30,0
1504,1047,31,0
1504,1000,32,0
1504,10001,33,0
1504,5027,34,0
1504,5028,35,0
1504,5029,36,0
1504,5030,37,0
1504,5031,38,0
1504,5032,39,0
1504,1098,40,0
1504,5033,41,0
1504,5034,42,0
1504,5035,43,0
1504,5036,44,0
1504,5038,45,0
1504,5037,46,0
1504,1072,47,0
1504,1073,48,0
1504,1074,49,0
1504,5041,50,0
1504,5042,51,0
1504,5044,52,0
1504,1169,53,0
1504,1045,54,0
1504,5045,55,0
1504,1180,56,0
1504,5105,57,0
1504,5046,58,0
1504,5047,59,0
1504,5048,60,0
1504,10010,61,1
1603,1153,1,0
1603,201317,2,0
1603,10003,3,0
1603,201318,4,0
1603,2075,5,0
1603,2076,6,0
1603,4046,7,0
1603,10016,8,0
1603,4047,9,0
1603,4048,10,0
1603,4049,11,0
1603,7024,12,0
1603,201301,13,0
1603,1155,14,0
1603,7025,15,0
1603,1097,16,0
1603,201305,17,0
1603,4050,18,0
1603,4051,19,0
1603,4052,20,0
1603,1048,21,0
1603,4053,22,0
1603,6104,23,0
1603,6105,24,0
1603,10001,25,0
1603,1000,26,0
1603,1101,27,0
1603,2105,28,0
1603,2106,29,0
1603,4054,30,0
1603,4055,31,0
1603,1168,32,0
1603,4057,33,0
1603,4058,34,0
1603,4059,35,0
1603,4060,36,0
1603,4061,37,0
1603,4062,38,0
1603,4063,39,0
1603,4064,40,0
1603,4065,41,0
1603,4067,42,0
1603,4068,43,0
1603,4069,44,0
1603,4070,45,0
1603,4071,46,0
1603,4072,47,0
1603,4073,48,0
1603,4074,49,0
1603,4075,50,0
1603,4076,51,0
1603,4077,52,0
1603,4079,53,0
1603,8023,54,0
1603,10005,55,0
1603,10006,56,0
1603,10007,57,0
1603,8026,58,0
1603,8025,59,0
1603,10008,60,0
1603,4081,61,0
1603,4082,62,0
1603,4083,63,0
1603,8021,64,0
1603,4084,65,0
1603,4085,66,0
1603,4086,67,0
1603,4087,68,0
1603,4088,69,0
1603,4089,70,0
1603,4090,71,0
1603,4000,72,1
1704,4000,1,0
1704,4001,2,0
1704,4002,3,0
1704,4003,4,0
1704,4004,5,0
1704,4005,6,0
1704,4006,7,0
1704,201351,8,0
1704,8022,9,0
1704,1144,10,0
1704,4008,11,0
1704,4010,12,0
1704,4011,13,0
1704,4012,14,0
1704,4013,15,0
1704,4014,16,0
1704,4015,17,0
1704,4016,18,0
1704,4017,19,0
1704,4018,20,0
1704,4019,21,0
1704,4020,22,0
1704,4021,23,0
1704,7003,24,0
1704,4022,25,0
1704,4023,26,0
1704,4024,27,0
1704,4025,28,0
1704,4026,29,0
1704,4027,30,0
1704,4028,31,0
1704,7004,32,0
1704,4029,33,0
1704,4030,34,0
1704,4031,35,0
1704,4032,36,0
1704,4033,37,0
1704,4056,38,0
1704,4035,39,0
1704,4036,40,0
1704,2036,41,0
1704,2037,42,0
1704,4037,43,0
1704,1047,44,0
1704,1000,45,0
1704,2041,46,0
1704,1141,47,0
1704,1043,48,0
1704,1046,49,0
1704,4039,50,0
1704,4040,51,0
1704,4041,52,0
1704,201304,53,0
1704,1167,54,0
1704,10004,55,0
1704,201302,56,0
1704,7023,57,0
1704,4042,58,0
1704,4043,59,0
1704,4044,60,0
1704,1170,61,0
1704,10016,62,0
1704,4045,63,0
1704,2071,64,0
1704,2072,65,0
1704,2073,66,0
1704,2074,67,1
1801,6028,1,0
1801,8018,2,0
1801,6029,3,0
1801,6030,4,0
1801,6031,5,0
1801,6032,6,0
1801,6033,7,0
1801,6035,8,0
1801,6036,9,0
1801,6037,10,0
1801,1183,11,0
1801,6038,12,0
1801,6039,13,0
1801,6040,14,0
1801,6041,15,0
1801,6043,16,0
1801,6044,17,0
1801,6045,18,0
1801,6046,19,0
1801,6047,20,0
1801,6048,21,0
1801,7016,22,0
1801,6049,23,0
1801,6050,24,0
1801,6051,25,0
1801,6052,26,0
1801,1100,27,0
1801,1000,28,1
1802,10001,1,0
1802,1101,2,0
1802,4037,3,0
1802,6001,4,0
1802,1068,5,0
1802,6002,6,0
1802,6003,7,0
1802,6004,8,0
1802,6005,9,0
1802,1182,10,0
1802,6006,11,0
1802,6007,12,0
1802,6008,13,0
1802,6009,14,0
1802,6010,15,0
1802,6011,16,0
1802,6012,17,0
1802,6013,18,0
1802,6014,19,0
1802,6015,20,0
1802,6016,21,0
1802,1181,22,0
1802,6017,23,0
1802,6018,24,0
1802,8014,25,0
1802,8015,26,0
1802,8016,27,0
1802,6019,28,0
1802,6020,29,0
1802,8017,30,0
1802,6021,31,0
1802,6022,32,0
1802,6023,33,0
1802,6024,34,0
1802,6025,35,0
1802,6026,36,0
1802,6027,37,0
1802,6028,38,1
2001,1000,1,0
2001,2041,2,0
2001,1141,3,0
2001,2042,4,0
2001,2043,5,0
2001,2044,6,0
2001,2046,7,0
2001,2047,8,0
2001,1178,9,0
2001,2049,10,0
2001,1109,11,0
2001,6053,12,0
2001,6054,13,0
2001,6055,14,0
2001,201352,15,0
2001,6056,16,0
2001,6057,17,0
2001,6058,18,0
2001,6059,19,0
2001,6060,20,0
2001,6061,21,0
2001,6062,22,0
2001,6108,23,0
2001,6064,24,0
2001,6065,25,0
2001,6066,26,0
2001,6067,27,0
2001,6068,28,0
2001,6069,29,0
2001,6070,30,0
2001,6071,31,0
2001,6072,32,0
2001,1157,33,0
2001,6074,34,0
2001,6075,35,0
2001,6076,36,0
2001,6077,37,0
2001,6078,38,1
2002,6078,1,0
2002,6079,2,0
2002,6080,3,0
2002,6082,4,0
2002,6083,5,0
2002,1156,6,0
2002,6085,7,0
2002,6086,8,0
2002,6087,9,0
2002,1027,10,0
2002,6088,11,0
2002,6089,12,0
2002,6090,13,0
2002,6091,14,0
2002,6092,15,0
2002,6093,16,0
2002,6094,17,0
2002,6095,18,0
2002,6096,19,0
2002,6097,20,0
2002,6098,21,0
2002,6099,22,0
2002,6100,23,0
2002,6101,24,0
2002,6102,25,0
2002,2098,26,0
2002,2099,27,0
2002,2100,28,0
2002,2101,29,0
2002,2103,30,0
2002,6104,31,0
2002,6105,32,0
2002,10001,33,1
11603,2074,1,0
11603,201316,2,0
11603,1153,3,0
11603,1164,4,0
11603,201310,5,0
11603,201307,6,0
11603,3050,7,0
11603,3051,8,0
11603,1143,9,0
11603,3052,10,0
11603,3053,11,0
11603,3054,12,0
11603,3055,13,0
11603,3056,14,0
11603,3057,15,0
11603,2090,16,0
11603,2092,17,0
11603,1131,18,0
11603,2094,19,0
11603,3016,20,0
11603,201338,21,0
11603,201334,22,0
11603,201333,23,0
11603,201332,24,0
11603,201331,25,0
11603,201330,26,0
11603,201329,27,0
11603,201328,28,0
11603,201327,29,0
11603,201326,30,0
11603,201325,31,0
11603,201324,32,0
11603,201323,33,0
11603,6101,34,0
11603,6102,35,0
11603,6103,36,0
11603,2098,37,0
11603,2099,38,0
11603,7031,39,0
11603,2060,40,0
11603,3062,41,0
11603,3063,42,0
11603,3064,43,0
11603,3065,44,0
11603,3066,45,0
11603,3067,46,0
11603,10001,47,0
11603,1000,48,1
21604,1000,1,0
21604,3000,2,0
21604,3001,3,0
21604,3002,4,0
21604,3003,5,0
21604,3004,6,0
21604,3005,7,0
21604,3006,8,0
21604,2086,9,0
21604,7033,10,0
21604,1154,11,0
21604,1178,12,0
21604,2049,13,0
21604,1109,14,0
21604,6053,15,0
21604,6054,16,0
21604,6055,17,0
21604,201352,18,0
21604,201322,19,0
21604,3021,20,0
21604,3022,21,0
21604,3023,22,0
21604,3024,23,0
21604,3025,24,0
21604,1163,25,0
21604,3027,26,0
21604,3028,27,0
21604,3029,28,0
21604,3030,29,0
21604,3031,30,0
21604,201336,31,0
21604,201340,32,0
21604,3033,33,0
21604,3034,34,0
21604,2053,35,0
21604,2055,36,0
21604,2056,37,0
21604,3040,38,0
21604,3041,39,0
21604,3042,40,0
21604,3043,41,0
21604,3044,42,0
21604,3045,43,0
21604,3046,44,0
21604,3047,45,0
21604,201306,46,0
21604,201308,47,0
21604,201309,48,0
21604,1160,49,0
21604,1153,50,1
